0.000000000000000000000000000000e+00 2.010000000000000000000000000000e+02 8.120601000000000000000000000000e+06 0.000000000000000000000000000000e+00
1.000000000000000000000000000000e+00 3.130000000000000000000000000000e+02 3.066429700000000000000000000000e+07 1.000000000000000000000000000000e+00
2.000000000000000000000000000000e+00 4.200000000000000000000000000000e+01 7.408800000000000000000000000000e+04 2.000000000000000000000000000000e+00
3.000000000000000000000000000000e+00 5.900000000000000000000000000000e+01 2.053790000000000000000000000000e+05 3.000000000000000000000000000000e+00
4.000000000000000000000000000000e+00 6.600000000000000000000000000000e+01 2.874960000000000000000000000000e+05 4.000000000000000000000000000000e+00
6.000000000000000000000000000000e+00 1.760000000000000000000000000000e+02 5.451776000000000000000000000000e+06 5.000000000000000000000000000000e+00
7.000000000000000000000000000000e+00 7.700000000000000000000000000000e+01 4.565330000000000000000000000000e+05 6.000000000000000000000000000000e+00
8.000000000000000000000000000000e+00 8.400000000000000000000000000000e+01 5.927040000000000000000000000000e+05 7.000000000000000000000000000000e+00
1.000000000000000000000000000000e+01 2.010000000000000000000000000000e+02 8.120601000000000000000000000000e+06 8.000000000000000000000000000000e+00
1.200000000000000000000000000000e+01 1.690000000000000000000000000000e+02 4.826809000000000000000000000000e+06 9.000000000000000000000000000000e+00
1.500000000000000000000000000000e+01 2.400000000000000000000000000000e+01 1.382400000000000000000000000000e+04 1.000000000000000000000000000000e+01
2.000000000000000000000000000000e+01 1.080000000000000000000000000000e+02 1.259712000000000000000000000000e+06 1.100000000000000000000000000000e+01
2.100000000000000000000000000000e+01 6.000000000000000000000000000000e+01 2.160000000000000000000000000000e+05 1.200000000000000000000000000000e+01
2.400000000000000000000000000000e+01 1.120000000000000000000000000000e+02 1.404928000000000000000000000000e+06 1.300000000000000000000000000000e+01
2.700000000000000000000000000000e+01 3.630000000000000000000000000000e+02 4.783214700000000000000000000000e+07 1.400000000000000000000000000000e+01
3.000000000000000000000000000000e+01 1.260000000000000000000000000000e+02 2.000376000000000000000000000000e+06 1.500000000000000000000000000000e+01
3.100000000000000000000000000000e+01 9.800000000000000000000000000000e+01 9.411920000000000000000000000000e+05 1.600000000000000000000000000000e+01
3.700000000000000000000000000000e+01 5.600000000000000000000000000000e+01 1.756160000000000000000000000000e+05 1.700000000000000000000000000000e+01
3.800000000000000000000000000000e+01 1.920000000000000000000000000000e+02 7.077888000000000000000000000000e+06 1.800000000000000000000000000000e+01
4.000000000000000000000000000000e+01 4.220000000000000000000000000000e+02 7.515144800000000000000000000000e+07 1.900000000000000000000000000000e+01
4.200000000000000000000000000000e+01 4.000000000000000000000000000000e+00 6.400000000000000000000000000000e+01 2.000000000000000000000000000000e+01
4.400000000000000000000000000000e+01 2.700000000000000000000000000000e+02 1.968300000000000000000000000000e+07 2.100000000000000000000000000000e+01
4.500000000000000000000000000000e+01 4.600000000000000000000000000000e+01 9.733600000000000000000000000000e+04 2.200000000000000000000000000000e+01
4.600000000000000000000000000000e+01 1.620000000000000000000000000000e+02 4.251528000000000000000000000000e+06 2.300000000000000000000000000000e+01
4.700000000000000000000000000000e+01 3.700000000000000000000000000000e+01 5.065300000000000000000000000000e+04 2.400000000000000000000000000000e+01
4.800000000000000000000000000000e+01 1.600000000000000000000000000000e+01 4.096000000000000000000000000000e+03 2.500000000000000000000000000000e+01
5.100000000000000000000000000000e+01 2.620000000000000000000000000000e+02 1.798472800000000000000000000000e+07 2.600000000000000000000000000000e+01
5.200000000000000000000000000000e+01 3.420000000000000000000000000000e+02 4.000168800000000000000000000000e+07 2.700000000000000000000000000000e+01
5.400000000000000000000000000000e+01 1.680000000000000000000000000000e+02 4.741632000000000000000000000000e+06 2.800000000000000000000000000000e+01
5.600000000000000000000000000000e+01 5.700000000000000000000000000000e+01 1.851930000000000000000000000000e+05 2.900000000000000000000000000000e+01
5.700000000000000000000000000000e+01 1.410000000000000000000000000000e+02 2.803221000000000000000000000000e+06 3.000000000000000000000000000000e+01
6.100000000000000000000000000000e+01 1.400000000000000000000000000000e+01 2.744000000000000000000000000000e+03 3.100000000000000000000000000000e+01
6.300000000000000000000000000000e+01 4.400000000000000000000000000000e+01 8.518400000000000000000000000000e+04 3.200000000000000000000000000000e+01
6.900000000000000000000000000000e+01 5.000000000000000000000000000000e+00 1.250000000000000000000000000000e+02 3.300000000000000000000000000000e+01
7.000000000000000000000000000000e+01 3.400000000000000000000000000000e+01 3.930400000000000000000000000000e+04 3.400000000000000000000000000000e+01
7.300000000000000000000000000000e+01 3.100000000000000000000000000000e+01 2.979100000000000000000000000000e+04 3.500000000000000000000000000000e+01
7.400000000000000000000000000000e+01 3.500000000000000000000000000000e+01 4.287500000000000000000000000000e+04 3.600000000000000000000000000000e+01
7.500000000000000000000000000000e+01 1.230000000000000000000000000000e+02 1.860867000000000000000000000000e+06 3.700000000000000000000000000000e+01
7.600000000000000000000000000000e+01 1.790000000000000000000000000000e+02 5.735339000000000000000000000000e+06 3.800000000000000000000000000000e+01
7.800000000000000000000000000000e+01 1.710000000000000000000000000000e+02 5.000211000000000000000000000000e+06 3.900000000000000000000000000000e+01
7.900000000000000000000000000000e+01 6.700000000000000000000000000000e+01 3.007630000000000000000000000000e+05 4.000000000000000000000000000000e+01
8.100000000000000000000000000000e+01 5.400000000000000000000000000000e+01 1.574640000000000000000000000000e+05 4.100000000000000000000000000000e+01
8.300000000000000000000000000000e+01 2.600000000000000000000000000000e+01 1.757600000000000000000000000000e+04 4.200000000000000000000000000000e+01
8.400000000000000000000000000000e+01 4.000000000000000000000000000000e+01 6.400000000000000000000000000000e+04 4.300000000000000000000000000000e+01
8.700000000000000000000000000000e+01 1.200000000000000000000000000000e+01 1.728000000000000000000000000000e+03 4.400000000000000000000000000000e+01
8.900000000000000000000000000000e+01 3.740000000000000000000000000000e+02 5.231362400000000000000000000000e+07 4.500000000000000000000000000000e+01
9.100000000000000000000000000000e+01 5.400000000000000000000000000000e+01 1.574640000000000000000000000000e+05 4.600000000000000000000000000000e+01
9.200000000000000000000000000000e+01 2.420000000000000000000000000000e+02 1.417248800000000000000000000000e+07 4.700000000000000000000000000000e+01
9.300000000000000000000000000000e+01 2.100000000000000000000000000000e+01 9.261000000000000000000000000000e+03 4.800000000000000000000000000000e+01
9.900000000000000000000000000000e+01 8.000000000000000000000000000000e+01 5.120000000000000000000000000000e+05 4.900000000000000000000000000000e+01
1.000000000000000000000000000000e+02 5.900000000000000000000000000000e+01 2.053790000000000000000000000000e+05 5.000000000000000000000000000000e+01
1.050000000000000000000000000000e+02 5.600000000000000000000000000000e+01 1.756160000000000000000000000000e+05 5.100000000000000000000000000000e+01
1.070000000000000000000000000000e+02 1.640000000000000000000000000000e+02 4.410944000000000000000000000000e+06 5.200000000000000000000000000000e+01
1.110000000000000000000000000000e+02 8.000000000000000000000000000000e+00 5.120000000000000000000000000000e+02 5.300000000000000000000000000000e+01
1.120000000000000000000000000000e+02 1.040000000000000000000000000000e+02 1.124864000000000000000000000000e+06 5.400000000000000000000000000000e+01
1.130000000000000000000000000000e+02 3.090000000000000000000000000000e+02 2.950362900000000000000000000000e+07 5.500000000000000000000000000000e+01
1.170000000000000000000000000000e+02 1.600000000000000000000000000000e+01 4.096000000000000000000000000000e+03 5.600000000000000000000000000000e+01
1.190000000000000000000000000000e+02 4.290000000000000000000000000000e+02 7.895358900000000000000000000000e+07 5.700000000000000000000000000000e+01
1.200000000000000000000000000000e+02 4.000000000000000000000000000000e+00 6.400000000000000000000000000000e+01 5.800000000000000000000000000000e+01
1.210000000000000000000000000000e+02 4.300000000000000000000000000000e+01 7.950700000000000000000000000000e+04 5.900000000000000000000000000000e+01
1.220000000000000000000000000000e+02 1.170000000000000000000000000000e+02 1.601613000000000000000000000000e+06 6.000000000000000000000000000000e+01
1.230000000000000000000000000000e+02 6.200000000000000000000000000000e+01 2.383280000000000000000000000000e+05 6.100000000000000000000000000000e+01
1.240000000000000000000000000000e+02 2.600000000000000000000000000000e+01 1.757600000000000000000000000000e+04 6.200000000000000000000000000000e+01
1.270000000000000000000000000000e+02 4.670000000000000000000000000000e+02 1.018475630000000000000000000000e+08 6.300000000000000000000000000000e+01
1.280000000000000000000000000000e+02 6.700000000000000000000000000000e+01 3.007630000000000000000000000000e+05 6.400000000000000000000000000000e+01
1.290000000000000000000000000000e+02 1.330000000000000000000000000000e+02 2.352637000000000000000000000000e+06 6.500000000000000000000000000000e+01
1.320000000000000000000000000000e+02 9.400000000000000000000000000000e+01 8.305840000000000000000000000000e+05 6.600000000000000000000000000000e+01
1.390000000000000000000000000000e+02 6.000000000000000000000000000000e+00 2.160000000000000000000000000000e+02 6.700000000000000000000000000000e+01
1.400000000000000000000000000000e+02 1.430000000000000000000000000000e+02 2.924207000000000000000000000000e+06 6.800000000000000000000000000000e+01
1.410000000000000000000000000000e+02 1.710000000000000000000000000000e+02 5.000211000000000000000000000000e+06 6.900000000000000000000000000000e+01
1.420000000000000000000000000000e+02 2.150000000000000000000000000000e+02 9.938375000000000000000000000000e+06 7.000000000000000000000000000000e+01
1.430000000000000000000000000000e+02 2.800000000000000000000000000000e+01 2.195200000000000000000000000000e+04 7.100000000000000000000000000000e+01
1.440000000000000000000000000000e+02 5.400000000000000000000000000000e+01 1.574640000000000000000000000000e+05 7.200000000000000000000000000000e+01
1.490000000000000000000000000000e+02 3.000000000000000000000000000000e+00 2.700000000000000000000000000000e+01 7.300000000000000000000000000000e+01
