0.000000000000000000000000000000e+00 5.200000000000000000000000000000e+02 1.406080000000000000000000000000e+08 0.000000000000000000000000000000e+00
1.000000000000000000000000000000e+00 2.350000000000000000000000000000e+02 1.297787500000000000000000000000e+07 1.000000000000000000000000000000e+00
3.000000000000000000000000000000e+00 2.770000000000000000000000000000e+02 2.125393300000000000000000000000e+07 2.000000000000000000000000000000e+00
4.000000000000000000000000000000e+00 1.000000000000000000000000000000e+00 1.000000000000000000000000000000e+00 3.000000000000000000000000000000e+00
7.000000000000000000000000000000e+00 8.500000000000000000000000000000e+01 6.141250000000000000000000000000e+05 4.000000000000000000000000000000e+00
9.000000000000000000000000000000e+00 2.200000000000000000000000000000e+01 1.064800000000000000000000000000e+04 5.000000000000000000000000000000e+00
1.000000000000000000000000000000e+01 1.300000000000000000000000000000e+01 2.197000000000000000000000000000e+03 6.000000000000000000000000000000e+00
1.200000000000000000000000000000e+01 8.000000000000000000000000000000e+00 5.120000000000000000000000000000e+02 7.000000000000000000000000000000e+00
1.800000000000000000000000000000e+01 6.500000000000000000000000000000e+01 2.746250000000000000000000000000e+05 8.000000000000000000000000000000e+00
1.900000000000000000000000000000e+01 2.980000000000000000000000000000e+02 2.646359200000000000000000000000e+07 9.000000000000000000000000000000e+00
2.100000000000000000000000000000e+01 1.000000000000000000000000000000e+00 1.000000000000000000000000000000e+00 1.000000000000000000000000000000e+01
2.600000000000000000000000000000e+01 4.000000000000000000000000000000e+01 6.400000000000000000000000000000e+04 1.100000000000000000000000000000e+01
2.800000000000000000000000000000e+01 8.900000000000000000000000000000e+01 7.049690000000000000000000000000e+05 1.200000000000000000000000000000e+01
3.000000000000000000000000000000e+01 3.800000000000000000000000000000e+01 5.487200000000000000000000000000e+04 1.300000000000000000000000000000e+01
3.100000000000000000000000000000e+01 8.000000000000000000000000000000e+00 5.120000000000000000000000000000e+02 1.400000000000000000000000000000e+01
3.300000000000000000000000000000e+01 1.710000000000000000000000000000e+02 5.000211000000000000000000000000e+06 1.500000000000000000000000000000e+01
3.500000000000000000000000000000e+01 7.400000000000000000000000000000e+01 4.052240000000000000000000000000e+05 1.600000000000000000000000000000e+01
3.600000000000000000000000000000e+01 8.800000000000000000000000000000e+01 6.814720000000000000000000000000e+05 1.700000000000000000000000000000e+01
3.800000000000000000000000000000e+01 7.000000000000000000000000000000e+00 3.430000000000000000000000000000e+02 1.800000000000000000000000000000e+01
3.900000000000000000000000000000e+01 8.500000000000000000000000000000e+01 6.141250000000000000000000000000e+05 1.900000000000000000000000000000e+01
4.100000000000000000000000000000e+01 5.000000000000000000000000000000e+00 1.250000000000000000000000000000e+02 2.000000000000000000000000000000e+01
4.400000000000000000000000000000e+01 7.800000000000000000000000000000e+01 4.745520000000000000000000000000e+05 2.100000000000000000000000000000e+01
4.700000000000000000000000000000e+01 5.240000000000000000000000000000e+02 1.438778240000000000000000000000e+08 2.200000000000000000000000000000e+01
4.800000000000000000000000000000e+01 1.020000000000000000000000000000e+02 1.061208000000000000000000000000e+06 2.300000000000000000000000000000e+01
5.200000000000000000000000000000e+01 1.510000000000000000000000000000e+02 3.442951000000000000000000000000e+06 2.400000000000000000000000000000e+01
5.500000000000000000000000000000e+01 7.700000000000000000000000000000e+01 4.565330000000000000000000000000e+05 2.500000000000000000000000000000e+01
5.600000000000000000000000000000e+01 5.000000000000000000000000000000e+00 1.250000000000000000000000000000e+02 2.600000000000000000000000000000e+01
6.000000000000000000000000000000e+01 2.700000000000000000000000000000e+02 1.968300000000000000000000000000e+07 2.700000000000000000000000000000e+01
6.100000000000000000000000000000e+01 8.600000000000000000000000000000e+01 6.360560000000000000000000000000e+05 2.800000000000000000000000000000e+01
6.300000000000000000000000000000e+01 1.300000000000000000000000000000e+02 2.197000000000000000000000000000e+06 2.900000000000000000000000000000e+01
6.500000000000000000000000000000e+01 1.470000000000000000000000000000e+02 3.176523000000000000000000000000e+06 3.000000000000000000000000000000e+01
6.800000000000000000000000000000e+01 5.400000000000000000000000000000e+01 1.574640000000000000000000000000e+05 3.100000000000000000000000000000e+01
6.900000000000000000000000000000e+01 6.700000000000000000000000000000e+01 3.007630000000000000000000000000e+05 3.200000000000000000000000000000e+01
7.100000000000000000000000000000e+01 3.700000000000000000000000000000e+01 5.065300000000000000000000000000e+04 3.300000000000000000000000000000e+01
7.300000000000000000000000000000e+01 7.600000000000000000000000000000e+01 4.389760000000000000000000000000e+05 3.400000000000000000000000000000e+01
8.000000000000000000000000000000e+01 9.600000000000000000000000000000e+01 8.847360000000000000000000000000e+05 3.500000000000000000000000000000e+01
8.500000000000000000000000000000e+01 5.200000000000000000000000000000e+01 1.406080000000000000000000000000e+05 3.600000000000000000000000000000e+01
8.600000000000000000000000000000e+01 1.880000000000000000000000000000e+02 6.644672000000000000000000000000e+06 3.700000000000000000000000000000e+01
8.700000000000000000000000000000e+01 9.300000000000000000000000000000e+01 8.043570000000000000000000000000e+05 3.800000000000000000000000000000e+01
8.900000000000000000000000000000e+01 2.380000000000000000000000000000e+02 1.348127200000000000000000000000e+07 3.900000000000000000000000000000e+01
9.000000000000000000000000000000e+01 2.400000000000000000000000000000e+01 1.382400000000000000000000000000e+04 4.000000000000000000000000000000e+01
9.200000000000000000000000000000e+01 1.240000000000000000000000000000e+02 1.906624000000000000000000000000e+06 4.100000000000000000000000000000e+01
9.800000000000000000000000000000e+01 1.760000000000000000000000000000e+02 5.451776000000000000000000000000e+06 4.200000000000000000000000000000e+01
9.900000000000000000000000000000e+01 4.000000000000000000000000000000e+01 6.400000000000000000000000000000e+04 4.300000000000000000000000000000e+01
1.000000000000000000000000000000e+02 6.600000000000000000000000000000e+01 2.874960000000000000000000000000e+05 4.400000000000000000000000000000e+01
1.010000000000000000000000000000e+02 3.400000000000000000000000000000e+01 3.930400000000000000000000000000e+04 4.500000000000000000000000000000e+01
1.020000000000000000000000000000e+02 7.400000000000000000000000000000e+01 4.052240000000000000000000000000e+05 4.600000000000000000000000000000e+01
1.050000000000000000000000000000e+02 1.010000000000000000000000000000e+02 1.030301000000000000000000000000e+06 4.700000000000000000000000000000e+01
1.060000000000000000000000000000e+02 4.700000000000000000000000000000e+01 1.038230000000000000000000000000e+05 4.800000000000000000000000000000e+01
1.100000000000000000000000000000e+02 2.410000000000000000000000000000e+02 1.399752100000000000000000000000e+07 4.900000000000000000000000000000e+01
1.110000000000000000000000000000e+02 4.700000000000000000000000000000e+01 1.038230000000000000000000000000e+05 5.000000000000000000000000000000e+01
1.120000000000000000000000000000e+02 7.300000000000000000000000000000e+01 3.890170000000000000000000000000e+05 5.100000000000000000000000000000e+01
1.190000000000000000000000000000e+02 4.000000000000000000000000000000e+00 6.400000000000000000000000000000e+01 5.200000000000000000000000000000e+01
1.210000000000000000000000000000e+02 2.040000000000000000000000000000e+02 8.489664000000000000000000000000e+06 5.300000000000000000000000000000e+01
1.220000000000000000000000000000e+02 1.020000000000000000000000000000e+02 1.061208000000000000000000000000e+06 5.400000000000000000000000000000e+01
1.230000000000000000000000000000e+02 9.000000000000000000000000000000e+00 7.290000000000000000000000000000e+02 5.500000000000000000000000000000e+01
1.250000000000000000000000000000e+02 1.700000000000000000000000000000e+01 4.913000000000000000000000000000e+03 5.600000000000000000000000000000e+01
1.270000000000000000000000000000e+02 2.840000000000000000000000000000e+02 2.290630400000000000000000000000e+07 5.700000000000000000000000000000e+01
1.320000000000000000000000000000e+02 2.100000000000000000000000000000e+01 9.261000000000000000000000000000e+03 5.800000000000000000000000000000e+01
1.340000000000000000000000000000e+02 1.030000000000000000000000000000e+02 1.092727000000000000000000000000e+06 5.900000000000000000000000000000e+01
1.350000000000000000000000000000e+02 2.450000000000000000000000000000e+02 1.470612500000000000000000000000e+07 6.000000000000000000000000000000e+01
1.360000000000000000000000000000e+02 2.140000000000000000000000000000e+02 9.800344000000000000000000000000e+06 6.100000000000000000000000000000e+01
1.370000000000000000000000000000e+02 1.330000000000000000000000000000e+02 2.352637000000000000000000000000e+06 6.200000000000000000000000000000e+01
1.380000000000000000000000000000e+02 1.480000000000000000000000000000e+02 3.241792000000000000000000000000e+06 6.300000000000000000000000000000e+01
1.420000000000000000000000000000e+02 1.360000000000000000000000000000e+02 2.515456000000000000000000000000e+06 6.400000000000000000000000000000e+01
1.430000000000000000000000000000e+02 1.380000000000000000000000000000e+02 2.628072000000000000000000000000e+06 6.500000000000000000000000000000e+01
1.440000000000000000000000000000e+02 7.600000000000000000000000000000e+01 4.389760000000000000000000000000e+05 6.600000000000000000000000000000e+01
1.460000000000000000000000000000e+02 2.190000000000000000000000000000e+02 1.050345900000000000000000000000e+07 6.700000000000000000000000000000e+01
1.490000000000000000000000000000e+02 1.600000000000000000000000000000e+02 4.096000000000000000000000000000e+06 6.800000000000000000000000000000e+01
