1.000000000000000000000000000000e+00 2.700000000000000000000000000000e+01 1.968300000000000000000000000000e+04 0.000000000000000000000000000000e+00
2.000000000000000000000000000000e+00 1.900000000000000000000000000000e+01 6.859000000000000000000000000000e+03 1.000000000000000000000000000000e+00
5.000000000000000000000000000000e+00 3.200000000000000000000000000000e+01 3.276800000000000000000000000000e+04 2.000000000000000000000000000000e+00
9.000000000000000000000000000000e+00 1.050000000000000000000000000000e+02 1.157625000000000000000000000000e+06 3.000000000000000000000000000000e+00
1.400000000000000000000000000000e+01 4.300000000000000000000000000000e+01 7.950700000000000000000000000000e+04 4.000000000000000000000000000000e+00
1.500000000000000000000000000000e+01 4.420000000000000000000000000000e+02 8.635088800000000000000000000000e+07 5.000000000000000000000000000000e+00
1.700000000000000000000000000000e+01 4.000000000000000000000000000000e+00 6.400000000000000000000000000000e+01 6.000000000000000000000000000000e+00
1.800000000000000000000000000000e+01 9.000000000000000000000000000000e+00 7.290000000000000000000000000000e+02 7.000000000000000000000000000000e+00
2.000000000000000000000000000000e+01 1.630000000000000000000000000000e+02 4.330747000000000000000000000000e+06 8.000000000000000000000000000000e+00
2.100000000000000000000000000000e+01 3.200000000000000000000000000000e+01 3.276800000000000000000000000000e+04 9.000000000000000000000000000000e+00
2.200000000000000000000000000000e+01 1.590000000000000000000000000000e+02 4.019679000000000000000000000000e+06 1.000000000000000000000000000000e+01
2.400000000000000000000000000000e+01 1.310000000000000000000000000000e+02 2.248091000000000000000000000000e+06 1.100000000000000000000000000000e+01
2.500000000000000000000000000000e+01 3.500000000000000000000000000000e+01 4.287500000000000000000000000000e+04 1.200000000000000000000000000000e+01
2.800000000000000000000000000000e+01 4.770000000000000000000000000000e+02 1.085313330000000000000000000000e+08 1.300000000000000000000000000000e+01
3.000000000000000000000000000000e+01 9.800000000000000000000000000000e+01 9.411920000000000000000000000000e+05 1.400000000000000000000000000000e+01
3.100000000000000000000000000000e+01 6.700000000000000000000000000000e+01 3.007630000000000000000000000000e+05 1.500000000000000000000000000000e+01
3.200000000000000000000000000000e+01 2.030000000000000000000000000000e+02 8.365427000000000000000000000000e+06 1.600000000000000000000000000000e+01
3.700000000000000000000000000000e+01 1.060000000000000000000000000000e+02 1.191016000000000000000000000000e+06 1.700000000000000000000000000000e+01
4.100000000000000000000000000000e+01 1.300000000000000000000000000000e+02 2.197000000000000000000000000000e+06 1.800000000000000000000000000000e+01
4.200000000000000000000000000000e+01 5.400000000000000000000000000000e+01 1.574640000000000000000000000000e+05 1.900000000000000000000000000000e+01
4.600000000000000000000000000000e+01 3.900000000000000000000000000000e+01 5.931900000000000000000000000000e+04 2.000000000000000000000000000000e+01
4.700000000000000000000000000000e+01 1.360000000000000000000000000000e+02 2.515456000000000000000000000000e+06 2.100000000000000000000000000000e+01
5.100000000000000000000000000000e+01 3.000000000000000000000000000000e+01 2.700000000000000000000000000000e+04 2.200000000000000000000000000000e+01
5.200000000000000000000000000000e+01 1.000000000000000000000000000000e+01 1.000000000000000000000000000000e+03 2.300000000000000000000000000000e+01
5.300000000000000000000000000000e+01 3.800000000000000000000000000000e+01 5.487200000000000000000000000000e+04 2.400000000000000000000000000000e+01
5.400000000000000000000000000000e+01 3.000000000000000000000000000000e+00 2.700000000000000000000000000000e+01 2.500000000000000000000000000000e+01
5.500000000000000000000000000000e+01 2.130000000000000000000000000000e+02 9.663597000000000000000000000000e+06 2.600000000000000000000000000000e+01
5.700000000000000000000000000000e+01 1.240000000000000000000000000000e+02 1.906624000000000000000000000000e+06 2.700000000000000000000000000000e+01
5.800000000000000000000000000000e+01 2.100000000000000000000000000000e+01 9.261000000000000000000000000000e+03 2.800000000000000000000000000000e+01
6.100000000000000000000000000000e+01 2.600000000000000000000000000000e+01 1.757600000000000000000000000000e+04 2.900000000000000000000000000000e+01
6.400000000000000000000000000000e+01 2.900000000000000000000000000000e+01 2.438900000000000000000000000000e+04 3.000000000000000000000000000000e+01
6.500000000000000000000000000000e+01 1.500000000000000000000000000000e+01 3.375000000000000000000000000000e+03 3.100000000000000000000000000000e+01
6.800000000000000000000000000000e+01 3.000000000000000000000000000000e+01 2.700000000000000000000000000000e+04 3.200000000000000000000000000000e+01
7.200000000000000000000000000000e+01 2.000000000000000000000000000000e+01 8.000000000000000000000000000000e+03 3.300000000000000000000000000000e+01
7.300000000000000000000000000000e+01 7.000000000000000000000000000000e+01 3.430000000000000000000000000000e+05 3.400000000000000000000000000000e+01
7.500000000000000000000000000000e+01 1.500000000000000000000000000000e+01 3.375000000000000000000000000000e+03 3.500000000000000000000000000000e+01
7.600000000000000000000000000000e+01 3.600000000000000000000000000000e+01 4.665600000000000000000000000000e+04 3.600000000000000000000000000000e+01
7.700000000000000000000000000000e+01 3.030000000000000000000000000000e+02 2.781812700000000000000000000000e+07 3.700000000000000000000000000000e+01
7.800000000000000000000000000000e+01 6.000000000000000000000000000000e+01 2.160000000000000000000000000000e+05 3.800000000000000000000000000000e+01
7.900000000000000000000000000000e+01 8.000000000000000000000000000000e+01 5.120000000000000000000000000000e+05 3.900000000000000000000000000000e+01
8.000000000000000000000000000000e+01 6.700000000000000000000000000000e+01 3.007630000000000000000000000000e+05 4.000000000000000000000000000000e+01
8.100000000000000000000000000000e+01 6.600000000000000000000000000000e+01 2.874960000000000000000000000000e+05 4.100000000000000000000000000000e+01
8.200000000000000000000000000000e+01 1.200000000000000000000000000000e+01 1.728000000000000000000000000000e+03 4.200000000000000000000000000000e+01
8.800000000000000000000000000000e+01 5.160000000000000000000000000000e+02 1.373880960000000000000000000000e+08 4.300000000000000000000000000000e+01
8.900000000000000000000000000000e+01 1.250000000000000000000000000000e+02 1.953125000000000000000000000000e+06 4.400000000000000000000000000000e+01
9.000000000000000000000000000000e+01 2.000000000000000000000000000000e+00 8.000000000000000000000000000000e+00 4.500000000000000000000000000000e+01
9.300000000000000000000000000000e+01 1.660000000000000000000000000000e+02 4.574296000000000000000000000000e+06 4.600000000000000000000000000000e+01
9.400000000000000000000000000000e+01 9.400000000000000000000000000000e+01 8.305840000000000000000000000000e+05 4.700000000000000000000000000000e+01
9.500000000000000000000000000000e+01 2.500000000000000000000000000000e+01 1.562500000000000000000000000000e+04 4.800000000000000000000000000000e+01
9.600000000000000000000000000000e+01 2.400000000000000000000000000000e+01 1.382400000000000000000000000000e+04 4.900000000000000000000000000000e+01
1.000000000000000000000000000000e+02 6.100000000000000000000000000000e+01 2.269810000000000000000000000000e+05 5.000000000000000000000000000000e+01
1.070000000000000000000000000000e+02 7.000000000000000000000000000000e+01 3.430000000000000000000000000000e+05 5.100000000000000000000000000000e+01
1.120000000000000000000000000000e+02 8.600000000000000000000000000000e+01 6.360560000000000000000000000000e+05 5.200000000000000000000000000000e+01
1.140000000000000000000000000000e+02 1.350000000000000000000000000000e+02 2.460375000000000000000000000000e+06 5.300000000000000000000000000000e+01
1.170000000000000000000000000000e+02 1.390000000000000000000000000000e+02 2.685619000000000000000000000000e+06 5.400000000000000000000000000000e+01
1.180000000000000000000000000000e+02 3.000000000000000000000000000000e+01 2.700000000000000000000000000000e+04 5.500000000000000000000000000000e+01
1.200000000000000000000000000000e+02 1.000000000000000000000000000000e+00 1.000000000000000000000000000000e+00 5.600000000000000000000000000000e+01
1.210000000000000000000000000000e+02 7.800000000000000000000000000000e+01 4.745520000000000000000000000000e+05 5.700000000000000000000000000000e+01
1.230000000000000000000000000000e+02 5.000000000000000000000000000000e+00 1.250000000000000000000000000000e+02 5.800000000000000000000000000000e+01
1.240000000000000000000000000000e+02 3.300000000000000000000000000000e+01 3.593700000000000000000000000000e+04 5.900000000000000000000000000000e+01
1.250000000000000000000000000000e+02 9.000000000000000000000000000000e+00 7.290000000000000000000000000000e+02 6.000000000000000000000000000000e+01
1.260000000000000000000000000000e+02 2.300000000000000000000000000000e+01 1.216700000000000000000000000000e+04 6.100000000000000000000000000000e+01
1.280000000000000000000000000000e+02 1.260000000000000000000000000000e+02 2.000376000000000000000000000000e+06 6.200000000000000000000000000000e+01
1.290000000000000000000000000000e+02 8.700000000000000000000000000000e+01 6.585030000000000000000000000000e+05 6.300000000000000000000000000000e+01
1.310000000000000000000000000000e+02 1.500000000000000000000000000000e+01 3.375000000000000000000000000000e+03 6.400000000000000000000000000000e+01
1.330000000000000000000000000000e+02 3.500000000000000000000000000000e+01 4.287500000000000000000000000000e+04 6.500000000000000000000000000000e+01
1.340000000000000000000000000000e+02 3.200000000000000000000000000000e+01 3.276800000000000000000000000000e+04 6.600000000000000000000000000000e+01
1.350000000000000000000000000000e+02 2.000000000000000000000000000000e+01 8.000000000000000000000000000000e+03 6.700000000000000000000000000000e+01
1.390000000000000000000000000000e+02 5.600000000000000000000000000000e+01 1.756160000000000000000000000000e+05 6.800000000000000000000000000000e+01
1.450000000000000000000000000000e+02 1.980000000000000000000000000000e+02 7.762392000000000000000000000000e+06 6.900000000000000000000000000000e+01
1.490000000000000000000000000000e+02 5.730000000000000000000000000000e+02 1.881325170000000000000000000000e+08 7.000000000000000000000000000000e+01
