0.000000000000000000000000000000e+00 5.000000000000000000000000000000e+00 1.250000000000000000000000000000e+02 0.000000000000000000000000000000e+00
1.000000000000000000000000000000e+00 4.800000000000000000000000000000e+01 1.105920000000000000000000000000e+05 1.000000000000000000000000000000e+00
2.000000000000000000000000000000e+00 3.000000000000000000000000000000e+00 2.700000000000000000000000000000e+01 2.000000000000000000000000000000e+00
3.000000000000000000000000000000e+00 1.110000000000000000000000000000e+02 1.367631000000000000000000000000e+06 3.000000000000000000000000000000e+00
4.000000000000000000000000000000e+00 2.720000000000000000000000000000e+02 2.012364800000000000000000000000e+07 4.000000000000000000000000000000e+00
5.000000000000000000000000000000e+00 5.800000000000000000000000000000e+01 1.951120000000000000000000000000e+05 5.000000000000000000000000000000e+00
8.000000000000000000000000000000e+00 1.000000000000000000000000000000e+00 1.000000000000000000000000000000e+00 6.000000000000000000000000000000e+00
1.000000000000000000000000000000e+01 3.900000000000000000000000000000e+01 5.931900000000000000000000000000e+04 7.000000000000000000000000000000e+00
1.100000000000000000000000000000e+01 4.000000000000000000000000000000e+00 6.400000000000000000000000000000e+01 8.000000000000000000000000000000e+00
1.500000000000000000000000000000e+01 4.600000000000000000000000000000e+01 9.733600000000000000000000000000e+04 9.000000000000000000000000000000e+00
1.700000000000000000000000000000e+01 1.120000000000000000000000000000e+02 1.404928000000000000000000000000e+06 1.000000000000000000000000000000e+01
1.800000000000000000000000000000e+01 4.000000000000000000000000000000e+01 6.400000000000000000000000000000e+04 1.100000000000000000000000000000e+01
1.900000000000000000000000000000e+01 3.600000000000000000000000000000e+01 4.665600000000000000000000000000e+04 1.200000000000000000000000000000e+01
2.000000000000000000000000000000e+01 7.400000000000000000000000000000e+01 4.052240000000000000000000000000e+05 1.300000000000000000000000000000e+01
2.100000000000000000000000000000e+01 3.600000000000000000000000000000e+01 4.665600000000000000000000000000e+04 1.400000000000000000000000000000e+01
2.400000000000000000000000000000e+01 5.200000000000000000000000000000e+01 1.406080000000000000000000000000e+05 1.500000000000000000000000000000e+01
2.500000000000000000000000000000e+01 1.410000000000000000000000000000e+02 2.803221000000000000000000000000e+06 1.600000000000000000000000000000e+01
2.700000000000000000000000000000e+01 6.300000000000000000000000000000e+01 2.500470000000000000000000000000e+05 1.700000000000000000000000000000e+01
2.800000000000000000000000000000e+01 2.000000000000000000000000000000e+00 8.000000000000000000000000000000e+00 1.800000000000000000000000000000e+01
3.000000000000000000000000000000e+01 7.000000000000000000000000000000e+01 3.430000000000000000000000000000e+05 1.900000000000000000000000000000e+01
3.100000000000000000000000000000e+01 1.200000000000000000000000000000e+01 1.728000000000000000000000000000e+03 2.000000000000000000000000000000e+01
3.200000000000000000000000000000e+01 1.330000000000000000000000000000e+02 2.352637000000000000000000000000e+06 2.100000000000000000000000000000e+01
3.500000000000000000000000000000e+01 1.690000000000000000000000000000e+02 4.826809000000000000000000000000e+06 2.200000000000000000000000000000e+01
3.900000000000000000000000000000e+01 4.700000000000000000000000000000e+01 1.038230000000000000000000000000e+05 2.300000000000000000000000000000e+01
4.000000000000000000000000000000e+01 9.200000000000000000000000000000e+01 7.786880000000000000000000000000e+05 2.400000000000000000000000000000e+01
4.100000000000000000000000000000e+01 2.400000000000000000000000000000e+02 1.382400000000000000000000000000e+07 2.500000000000000000000000000000e+01
4.200000000000000000000000000000e+01 3.400000000000000000000000000000e+01 3.930400000000000000000000000000e+04 2.600000000000000000000000000000e+01
4.400000000000000000000000000000e+01 6.600000000000000000000000000000e+01 2.874960000000000000000000000000e+05 2.700000000000000000000000000000e+01
5.100000000000000000000000000000e+01 3.950000000000000000000000000000e+02 6.162987500000000000000000000000e+07 2.800000000000000000000000000000e+01
5.200000000000000000000000000000e+01 2.620000000000000000000000000000e+02 1.798472800000000000000000000000e+07 2.900000000000000000000000000000e+01
5.400000000000000000000000000000e+01 1.060000000000000000000000000000e+02 1.191016000000000000000000000000e+06 3.000000000000000000000000000000e+01
6.100000000000000000000000000000e+01 1.700000000000000000000000000000e+01 4.913000000000000000000000000000e+03 3.100000000000000000000000000000e+01
6.200000000000000000000000000000e+01 7.800000000000000000000000000000e+01 4.745520000000000000000000000000e+05 3.200000000000000000000000000000e+01
6.500000000000000000000000000000e+01 5.200000000000000000000000000000e+01 1.406080000000000000000000000000e+05 3.300000000000000000000000000000e+01
6.700000000000000000000000000000e+01 7.600000000000000000000000000000e+01 4.389760000000000000000000000000e+05 3.400000000000000000000000000000e+01
6.800000000000000000000000000000e+01 3.520000000000000000000000000000e+02 4.361420800000000000000000000000e+07 3.500000000000000000000000000000e+01
7.000000000000000000000000000000e+01 6.000000000000000000000000000000e+01 2.160000000000000000000000000000e+05 3.600000000000000000000000000000e+01
7.400000000000000000000000000000e+01 4.600000000000000000000000000000e+01 9.733600000000000000000000000000e+04 3.700000000000000000000000000000e+01
7.500000000000000000000000000000e+01 1.000000000000000000000000000000e+02 1.000000000000000000000000000000e+06 3.800000000000000000000000000000e+01
7.600000000000000000000000000000e+01 1.800000000000000000000000000000e+01 5.832000000000000000000000000000e+03 3.900000000000000000000000000000e+01
7.800000000000000000000000000000e+01 1.200000000000000000000000000000e+01 1.728000000000000000000000000000e+03 4.000000000000000000000000000000e+01
8.300000000000000000000000000000e+01 2.200000000000000000000000000000e+01 1.064800000000000000000000000000e+04 4.100000000000000000000000000000e+01
8.400000000000000000000000000000e+01 2.100000000000000000000000000000e+01 9.261000000000000000000000000000e+03 4.200000000000000000000000000000e+01
8.500000000000000000000000000000e+01 1.700000000000000000000000000000e+01 4.913000000000000000000000000000e+03 4.300000000000000000000000000000e+01
8.600000000000000000000000000000e+01 1.550000000000000000000000000000e+02 3.723875000000000000000000000000e+06 4.400000000000000000000000000000e+01
8.900000000000000000000000000000e+01 1.240000000000000000000000000000e+02 1.906624000000000000000000000000e+06 4.500000000000000000000000000000e+01
9.300000000000000000000000000000e+01 2.200000000000000000000000000000e+01 1.064800000000000000000000000000e+04 4.600000000000000000000000000000e+01
9.500000000000000000000000000000e+01 2.000000000000000000000000000000e+01 8.000000000000000000000000000000e+03 4.700000000000000000000000000000e+01
9.800000000000000000000000000000e+01 2.100000000000000000000000000000e+01 9.261000000000000000000000000000e+03 4.800000000000000000000000000000e+01
1.000000000000000000000000000000e+02 3.000000000000000000000000000000e+00 2.700000000000000000000000000000e+01 4.900000000000000000000000000000e+01
1.080000000000000000000000000000e+02 1.520000000000000000000000000000e+02 3.511808000000000000000000000000e+06 5.000000000000000000000000000000e+01
1.090000000000000000000000000000e+02 1.600000000000000000000000000000e+01 4.096000000000000000000000000000e+03 5.100000000000000000000000000000e+01
1.100000000000000000000000000000e+02 4.300000000000000000000000000000e+01 7.950700000000000000000000000000e+04 5.200000000000000000000000000000e+01
1.120000000000000000000000000000e+02 1.500000000000000000000000000000e+01 3.375000000000000000000000000000e+03 5.300000000000000000000000000000e+01
1.130000000000000000000000000000e+02 6.000000000000000000000000000000e+00 2.160000000000000000000000000000e+02 5.400000000000000000000000000000e+01
1.150000000000000000000000000000e+02 5.240000000000000000000000000000e+02 1.438778240000000000000000000000e+08 5.500000000000000000000000000000e+01
1.160000000000000000000000000000e+02 4.040000000000000000000000000000e+02 6.593926400000000000000000000000e+07 5.600000000000000000000000000000e+01
1.240000000000000000000000000000e+02 5.600000000000000000000000000000e+01 1.756160000000000000000000000000e+05 5.700000000000000000000000000000e+01
1.270000000000000000000000000000e+02 4.200000000000000000000000000000e+01 7.408800000000000000000000000000e+04 5.800000000000000000000000000000e+01
1.280000000000000000000000000000e+02 5.000000000000000000000000000000e+01 1.250000000000000000000000000000e+05 5.900000000000000000000000000000e+01
1.370000000000000000000000000000e+02 1.320000000000000000000000000000e+02 2.299968000000000000000000000000e+06 6.000000000000000000000000000000e+01
1.390000000000000000000000000000e+02 2.510000000000000000000000000000e+02 1.581325100000000000000000000000e+07 6.100000000000000000000000000000e+01
1.400000000000000000000000000000e+02 1.920000000000000000000000000000e+02 7.077888000000000000000000000000e+06 6.200000000000000000000000000000e+01
1.410000000000000000000000000000e+02 1.160000000000000000000000000000e+02 1.560896000000000000000000000000e+06 6.300000000000000000000000000000e+01
1.420000000000000000000000000000e+02 2.900000000000000000000000000000e+01 2.438900000000000000000000000000e+04 6.400000000000000000000000000000e+01
1.440000000000000000000000000000e+02 2.740000000000000000000000000000e+02 2.057082400000000000000000000000e+07 6.500000000000000000000000000000e+01
1.460000000000000000000000000000e+02 1.750000000000000000000000000000e+02 5.359375000000000000000000000000e+06 6.600000000000000000000000000000e+01
1.480000000000000000000000000000e+02 9.600000000000000000000000000000e+01 8.847360000000000000000000000000e+05 6.700000000000000000000000000000e+01
1.490000000000000000000000000000e+02 3.000000000000000000000000000000e+00 2.700000000000000000000000000000e+01 6.800000000000000000000000000000e+01
