3.000000000000000000000000000000e+00 8.000000000000000000000000000000e+00 5.120000000000000000000000000000e+02 0.000000000000000000000000000000e+00
6.000000000000000000000000000000e+00 3.400000000000000000000000000000e+01 3.930400000000000000000000000000e+04 1.000000000000000000000000000000e+00
8.000000000000000000000000000000e+00 8.480000000000000000000000000000e+02 6.098001920000000000000000000000e+08 2.000000000000000000000000000000e+00
9.000000000000000000000000000000e+00 1.340000000000000000000000000000e+02 2.406104000000000000000000000000e+06 3.000000000000000000000000000000e+00
1.600000000000000000000000000000e+01 1.400000000000000000000000000000e+01 2.744000000000000000000000000000e+03 4.000000000000000000000000000000e+00
1.700000000000000000000000000000e+01 9.900000000000000000000000000000e+01 9.702990000000000000000000000000e+05 5.000000000000000000000000000000e+00
1.800000000000000000000000000000e+01 3.990000000000000000000000000000e+02 6.352119900000000000000000000000e+07 6.000000000000000000000000000000e+00
2.100000000000000000000000000000e+01 9.000000000000000000000000000000e+00 7.290000000000000000000000000000e+02 7.000000000000000000000000000000e+00
2.300000000000000000000000000000e+01 1.490000000000000000000000000000e+02 3.307949000000000000000000000000e+06 8.000000000000000000000000000000e+00
2.700000000000000000000000000000e+01 6.400000000000000000000000000000e+01 2.621440000000000000000000000000e+05 9.000000000000000000000000000000e+00
2.900000000000000000000000000000e+01 2.230000000000000000000000000000e+02 1.108956700000000000000000000000e+07 1.000000000000000000000000000000e+01
3.100000000000000000000000000000e+01 5.500000000000000000000000000000e+01 1.663750000000000000000000000000e+05 1.100000000000000000000000000000e+01
3.200000000000000000000000000000e+01 1.150000000000000000000000000000e+02 1.520875000000000000000000000000e+06 1.200000000000000000000000000000e+01
3.400000000000000000000000000000e+01 1.770000000000000000000000000000e+02 5.545233000000000000000000000000e+06 1.300000000000000000000000000000e+01
3.700000000000000000000000000000e+01 1.930000000000000000000000000000e+02 7.189057000000000000000000000000e+06 1.400000000000000000000000000000e+01
4.000000000000000000000000000000e+01 1.090000000000000000000000000000e+02 1.295029000000000000000000000000e+06 1.500000000000000000000000000000e+01
4.100000000000000000000000000000e+01 9.400000000000000000000000000000e+01 8.305840000000000000000000000000e+05 1.600000000000000000000000000000e+01
4.300000000000000000000000000000e+01 4.300000000000000000000000000000e+01 7.950700000000000000000000000000e+04 1.700000000000000000000000000000e+01
4.400000000000000000000000000000e+01 4.900000000000000000000000000000e+01 1.176490000000000000000000000000e+05 1.800000000000000000000000000000e+01
4.500000000000000000000000000000e+01 8.100000000000000000000000000000e+01 5.314410000000000000000000000000e+05 1.900000000000000000000000000000e+01
4.900000000000000000000000000000e+01 1.300000000000000000000000000000e+01 2.197000000000000000000000000000e+03 2.000000000000000000000000000000e+01
5.100000000000000000000000000000e+01 2.300000000000000000000000000000e+01 1.216700000000000000000000000000e+04 2.100000000000000000000000000000e+01
5.200000000000000000000000000000e+01 7.300000000000000000000000000000e+01 3.890170000000000000000000000000e+05 2.200000000000000000000000000000e+01
5.500000000000000000000000000000e+01 2.370000000000000000000000000000e+02 1.331205300000000000000000000000e+07 2.300000000000000000000000000000e+01
5.600000000000000000000000000000e+01 3.180000000000000000000000000000e+02 3.215743200000000000000000000000e+07 2.400000000000000000000000000000e+01
6.200000000000000000000000000000e+01 5.700000000000000000000000000000e+01 1.851930000000000000000000000000e+05 2.500000000000000000000000000000e+01
6.400000000000000000000000000000e+01 1.360000000000000000000000000000e+02 2.515456000000000000000000000000e+06 2.600000000000000000000000000000e+01
6.700000000000000000000000000000e+01 6.500000000000000000000000000000e+01 2.746250000000000000000000000000e+05 2.700000000000000000000000000000e+01
6.800000000000000000000000000000e+01 8.000000000000000000000000000000e+00 5.120000000000000000000000000000e+02 2.800000000000000000000000000000e+01
6.900000000000000000000000000000e+01 9.000000000000000000000000000000e+01 7.290000000000000000000000000000e+05 2.900000000000000000000000000000e+01
7.000000000000000000000000000000e+01 2.190000000000000000000000000000e+02 1.050345900000000000000000000000e+07 3.000000000000000000000000000000e+01
7.100000000000000000000000000000e+01 2.700000000000000000000000000000e+02 1.968300000000000000000000000000e+07 3.100000000000000000000000000000e+01
7.300000000000000000000000000000e+01 2.100000000000000000000000000000e+01 9.261000000000000000000000000000e+03 3.200000000000000000000000000000e+01
7.400000000000000000000000000000e+01 3.700000000000000000000000000000e+01 5.065300000000000000000000000000e+04 3.300000000000000000000000000000e+01
7.600000000000000000000000000000e+01 2.200000000000000000000000000000e+01 1.064800000000000000000000000000e+04 3.400000000000000000000000000000e+01
7.800000000000000000000000000000e+01 1.980000000000000000000000000000e+02 7.762392000000000000000000000000e+06 3.500000000000000000000000000000e+01
7.900000000000000000000000000000e+01 8.200000000000000000000000000000e+01 5.513680000000000000000000000000e+05 3.600000000000000000000000000000e+01
8.300000000000000000000000000000e+01 3.400000000000000000000000000000e+01 3.930400000000000000000000000000e+04 3.700000000000000000000000000000e+01
8.500000000000000000000000000000e+01 1.500000000000000000000000000000e+01 3.375000000000000000000000000000e+03 3.800000000000000000000000000000e+01
8.600000000000000000000000000000e+01 2.500000000000000000000000000000e+02 1.562500000000000000000000000000e+07 3.900000000000000000000000000000e+01
8.800000000000000000000000000000e+01 1.800000000000000000000000000000e+01 5.832000000000000000000000000000e+03 4.000000000000000000000000000000e+01
8.900000000000000000000000000000e+01 1.300000000000000000000000000000e+01 2.197000000000000000000000000000e+03 4.100000000000000000000000000000e+01
9.100000000000000000000000000000e+01 6.600000000000000000000000000000e+01 2.874960000000000000000000000000e+05 4.200000000000000000000000000000e+01
9.300000000000000000000000000000e+01 2.000000000000000000000000000000e+01 8.000000000000000000000000000000e+03 4.300000000000000000000000000000e+01
9.500000000000000000000000000000e+01 1.200000000000000000000000000000e+01 1.728000000000000000000000000000e+03 4.400000000000000000000000000000e+01
9.600000000000000000000000000000e+01 1.300000000000000000000000000000e+01 2.197000000000000000000000000000e+03 4.500000000000000000000000000000e+01
9.700000000000000000000000000000e+01 5.000000000000000000000000000000e+00 1.250000000000000000000000000000e+02 4.600000000000000000000000000000e+01
9.800000000000000000000000000000e+01 1.510000000000000000000000000000e+02 3.442951000000000000000000000000e+06 4.700000000000000000000000000000e+01
1.000000000000000000000000000000e+02 2.700000000000000000000000000000e+01 1.968300000000000000000000000000e+04 4.800000000000000000000000000000e+01
1.010000000000000000000000000000e+02 2.790000000000000000000000000000e+02 2.171763900000000000000000000000e+07 4.900000000000000000000000000000e+01
1.040000000000000000000000000000e+02 1.380000000000000000000000000000e+02 2.628072000000000000000000000000e+06 5.000000000000000000000000000000e+01
1.060000000000000000000000000000e+02 3.050000000000000000000000000000e+02 2.837262500000000000000000000000e+07 5.100000000000000000000000000000e+01
1.070000000000000000000000000000e+02 8.000000000000000000000000000000e+01 5.120000000000000000000000000000e+05 5.200000000000000000000000000000e+01
1.080000000000000000000000000000e+02 8.300000000000000000000000000000e+01 5.717870000000000000000000000000e+05 5.300000000000000000000000000000e+01
1.110000000000000000000000000000e+02 6.200000000000000000000000000000e+01 2.383280000000000000000000000000e+05 5.400000000000000000000000000000e+01
1.150000000000000000000000000000e+02 2.700000000000000000000000000000e+01 1.968300000000000000000000000000e+04 5.500000000000000000000000000000e+01
1.170000000000000000000000000000e+02 6.700000000000000000000000000000e+01 3.007630000000000000000000000000e+05 5.600000000000000000000000000000e+01
1.180000000000000000000000000000e+02 9.800000000000000000000000000000e+01 9.411920000000000000000000000000e+05 5.700000000000000000000000000000e+01
1.200000000000000000000000000000e+02 8.000000000000000000000000000000e+00 5.120000000000000000000000000000e+02 5.800000000000000000000000000000e+01
1.220000000000000000000000000000e+02 1.070000000000000000000000000000e+02 1.225043000000000000000000000000e+06 5.900000000000000000000000000000e+01
1.230000000000000000000000000000e+02 4.750000000000000000000000000000e+02 1.071718750000000000000000000000e+08 6.000000000000000000000000000000e+01
1.240000000000000000000000000000e+02 1.000000000000000000000000000000e+02 1.000000000000000000000000000000e+06 6.100000000000000000000000000000e+01
1.270000000000000000000000000000e+02 1.830000000000000000000000000000e+02 6.128487000000000000000000000000e+06 6.200000000000000000000000000000e+01
1.280000000000000000000000000000e+02 1.200000000000000000000000000000e+02 1.728000000000000000000000000000e+06 6.300000000000000000000000000000e+01
1.320000000000000000000000000000e+02 4.300000000000000000000000000000e+01 7.950700000000000000000000000000e+04 6.400000000000000000000000000000e+01
1.340000000000000000000000000000e+02 2.000000000000000000000000000000e+01 8.000000000000000000000000000000e+03 6.500000000000000000000000000000e+01
1.350000000000000000000000000000e+02 1.900000000000000000000000000000e+01 6.859000000000000000000000000000e+03 6.600000000000000000000000000000e+01
1.370000000000000000000000000000e+02 2.000000000000000000000000000000e+01 8.000000000000000000000000000000e+03 6.700000000000000000000000000000e+01
1.390000000000000000000000000000e+02 2.020000000000000000000000000000e+02 8.242408000000000000000000000000e+06 6.800000000000000000000000000000e+01
1.400000000000000000000000000000e+02 2.200000000000000000000000000000e+01 1.064800000000000000000000000000e+04 6.900000000000000000000000000000e+01
1.410000000000000000000000000000e+02 6.100000000000000000000000000000e+01 2.269810000000000000000000000000e+05 7.000000000000000000000000000000e+01
1.450000000000000000000000000000e+02 2.200000000000000000000000000000e+01 1.064800000000000000000000000000e+04 7.100000000000000000000000000000e+01
1.490000000000000000000000000000e+02 7.700000000000000000000000000000e+01 4.565330000000000000000000000000e+05 7.200000000000000000000000000000e+01
