0.000000000000000000000000000000e+00 1.750000000000000000000000000000e+02 5.359375000000000000000000000000e+06 0.000000000000000000000000000000e+00
2.000000000000000000000000000000e+00 3.000000000000000000000000000000e+00 2.700000000000000000000000000000e+01 1.000000000000000000000000000000e+00
3.000000000000000000000000000000e+00 1.600000000000000000000000000000e+02 4.096000000000000000000000000000e+06 2.000000000000000000000000000000e+00
5.000000000000000000000000000000e+00 3.000000000000000000000000000000e+01 2.700000000000000000000000000000e+04 3.000000000000000000000000000000e+00
8.000000000000000000000000000000e+00 2.710000000000000000000000000000e+02 1.990251100000000000000000000000e+07 4.000000000000000000000000000000e+00
9.000000000000000000000000000000e+00 3.400000000000000000000000000000e+02 3.930400000000000000000000000000e+07 5.000000000000000000000000000000e+00
1.600000000000000000000000000000e+01 1.070000000000000000000000000000e+02 1.225043000000000000000000000000e+06 6.000000000000000000000000000000e+00
1.800000000000000000000000000000e+01 2.400000000000000000000000000000e+01 1.382400000000000000000000000000e+04 7.000000000000000000000000000000e+00
2.400000000000000000000000000000e+01 1.430000000000000000000000000000e+02 2.924207000000000000000000000000e+06 8.000000000000000000000000000000e+00
2.600000000000000000000000000000e+01 4.600000000000000000000000000000e+01 9.733600000000000000000000000000e+04 9.000000000000000000000000000000e+00
2.800000000000000000000000000000e+01 2.100000000000000000000000000000e+02 9.261000000000000000000000000000e+06 1.000000000000000000000000000000e+01
3.100000000000000000000000000000e+01 1.900000000000000000000000000000e+01 6.859000000000000000000000000000e+03 1.100000000000000000000000000000e+01
3.300000000000000000000000000000e+01 4.300000000000000000000000000000e+01 7.950700000000000000000000000000e+04 1.200000000000000000000000000000e+01
3.400000000000000000000000000000e+01 2.600000000000000000000000000000e+02 1.757600000000000000000000000000e+07 1.300000000000000000000000000000e+01
3.500000000000000000000000000000e+01 4.060000000000000000000000000000e+02 6.692341600000000000000000000000e+07 1.400000000000000000000000000000e+01
3.700000000000000000000000000000e+01 2.180000000000000000000000000000e+02 1.036023200000000000000000000000e+07 1.500000000000000000000000000000e+01
3.800000000000000000000000000000e+01 1.330000000000000000000000000000e+02 2.352637000000000000000000000000e+06 1.600000000000000000000000000000e+01
3.900000000000000000000000000000e+01 9.700000000000000000000000000000e+01 9.126730000000000000000000000000e+05 1.700000000000000000000000000000e+01
4.000000000000000000000000000000e+01 2.000000000000000000000000000000e+02 8.000000000000000000000000000000e+06 1.800000000000000000000000000000e+01
4.200000000000000000000000000000e+01 1.160000000000000000000000000000e+02 1.560896000000000000000000000000e+06 1.900000000000000000000000000000e+01
4.400000000000000000000000000000e+01 9.400000000000000000000000000000e+01 8.305840000000000000000000000000e+05 2.000000000000000000000000000000e+01
4.600000000000000000000000000000e+01 6.600000000000000000000000000000e+01 2.874960000000000000000000000000e+05 2.100000000000000000000000000000e+01
4.800000000000000000000000000000e+01 1.440000000000000000000000000000e+02 2.985984000000000000000000000000e+06 2.200000000000000000000000000000e+01
4.900000000000000000000000000000e+01 1.490000000000000000000000000000e+02 3.307949000000000000000000000000e+06 2.300000000000000000000000000000e+01
5.000000000000000000000000000000e+01 2.020000000000000000000000000000e+02 8.242408000000000000000000000000e+06 2.400000000000000000000000000000e+01
5.600000000000000000000000000000e+01 6.000000000000000000000000000000e+00 2.160000000000000000000000000000e+02 2.500000000000000000000000000000e+01
5.800000000000000000000000000000e+01 3.300000000000000000000000000000e+01 3.593700000000000000000000000000e+04 2.600000000000000000000000000000e+01
5.900000000000000000000000000000e+01 7.400000000000000000000000000000e+01 4.052240000000000000000000000000e+05 2.700000000000000000000000000000e+01
6.100000000000000000000000000000e+01 7.400000000000000000000000000000e+01 4.052240000000000000000000000000e+05 2.800000000000000000000000000000e+01
6.500000000000000000000000000000e+01 4.800000000000000000000000000000e+01 1.105920000000000000000000000000e+05 2.900000000000000000000000000000e+01
6.600000000000000000000000000000e+01 6.200000000000000000000000000000e+01 2.383280000000000000000000000000e+05 3.000000000000000000000000000000e+01
6.800000000000000000000000000000e+01 2.880000000000000000000000000000e+02 2.388787200000000000000000000000e+07 3.100000000000000000000000000000e+01
6.900000000000000000000000000000e+01 8.400000000000000000000000000000e+01 5.927040000000000000000000000000e+05 3.200000000000000000000000000000e+01
7.000000000000000000000000000000e+01 7.000000000000000000000000000000e+00 3.430000000000000000000000000000e+02 3.300000000000000000000000000000e+01
7.200000000000000000000000000000e+01 1.010000000000000000000000000000e+02 1.030301000000000000000000000000e+06 3.400000000000000000000000000000e+01
7.300000000000000000000000000000e+01 3.000000000000000000000000000000e+00 2.700000000000000000000000000000e+01 3.500000000000000000000000000000e+01
7.400000000000000000000000000000e+01 6.200000000000000000000000000000e+01 2.383280000000000000000000000000e+05 3.600000000000000000000000000000e+01
7.500000000000000000000000000000e+01 2.490000000000000000000000000000e+02 1.543824900000000000000000000000e+07 3.700000000000000000000000000000e+01
7.700000000000000000000000000000e+01 2.630000000000000000000000000000e+02 1.819144700000000000000000000000e+07 3.800000000000000000000000000000e+01
7.800000000000000000000000000000e+01 1.610000000000000000000000000000e+02 4.173281000000000000000000000000e+06 3.900000000000000000000000000000e+01
8.100000000000000000000000000000e+01 5.200000000000000000000000000000e+01 1.406080000000000000000000000000e+05 4.000000000000000000000000000000e+01
8.300000000000000000000000000000e+01 9.600000000000000000000000000000e+01 8.847360000000000000000000000000e+05 4.100000000000000000000000000000e+01
8.400000000000000000000000000000e+01 8.600000000000000000000000000000e+01 6.360560000000000000000000000000e+05 4.200000000000000000000000000000e+01
8.600000000000000000000000000000e+01 5.500000000000000000000000000000e+01 1.663750000000000000000000000000e+05 4.300000000000000000000000000000e+01
8.700000000000000000000000000000e+01 8.600000000000000000000000000000e+01 6.360560000000000000000000000000e+05 4.400000000000000000000000000000e+01
8.900000000000000000000000000000e+01 1.900000000000000000000000000000e+01 6.859000000000000000000000000000e+03 4.500000000000000000000000000000e+01
9.200000000000000000000000000000e+01 1.150000000000000000000000000000e+02 1.520875000000000000000000000000e+06 4.600000000000000000000000000000e+01
9.300000000000000000000000000000e+01 1.000000000000000000000000000000e+00 1.000000000000000000000000000000e+00 4.700000000000000000000000000000e+01
9.400000000000000000000000000000e+01 7.700000000000000000000000000000e+01 4.565330000000000000000000000000e+05 4.800000000000000000000000000000e+01
9.500000000000000000000000000000e+01 6.600000000000000000000000000000e+01 2.874960000000000000000000000000e+05 4.900000000000000000000000000000e+01
9.600000000000000000000000000000e+01 2.370000000000000000000000000000e+02 1.331205300000000000000000000000e+07 5.000000000000000000000000000000e+01
9.700000000000000000000000000000e+01 2.640000000000000000000000000000e+02 1.839974400000000000000000000000e+07 5.100000000000000000000000000000e+01
9.800000000000000000000000000000e+01 4.000000000000000000000000000000e+00 6.400000000000000000000000000000e+01 5.200000000000000000000000000000e+01
1.010000000000000000000000000000e+02 2.630000000000000000000000000000e+02 1.819144700000000000000000000000e+07 5.300000000000000000000000000000e+01
1.020000000000000000000000000000e+02 9.400000000000000000000000000000e+01 8.305840000000000000000000000000e+05 5.400000000000000000000000000000e+01
1.040000000000000000000000000000e+02 1.500000000000000000000000000000e+01 3.375000000000000000000000000000e+03 5.500000000000000000000000000000e+01
1.060000000000000000000000000000e+02 8.300000000000000000000000000000e+01 5.717870000000000000000000000000e+05 5.600000000000000000000000000000e+01
1.070000000000000000000000000000e+02 1.500000000000000000000000000000e+01 3.375000000000000000000000000000e+03 5.700000000000000000000000000000e+01
1.090000000000000000000000000000e+02 5.000000000000000000000000000000e+01 1.250000000000000000000000000000e+05 5.800000000000000000000000000000e+01
1.110000000000000000000000000000e+02 8.000000000000000000000000000000e+00 5.120000000000000000000000000000e+02 5.900000000000000000000000000000e+01
1.140000000000000000000000000000e+02 1.700000000000000000000000000000e+01 4.913000000000000000000000000000e+03 6.000000000000000000000000000000e+01
1.150000000000000000000000000000e+02 1.260000000000000000000000000000e+02 2.000376000000000000000000000000e+06 6.100000000000000000000000000000e+01
1.160000000000000000000000000000e+02 6.800000000000000000000000000000e+01 3.144320000000000000000000000000e+05 6.200000000000000000000000000000e+01
1.190000000000000000000000000000e+02 8.100000000000000000000000000000e+01 5.314410000000000000000000000000e+05 6.300000000000000000000000000000e+01
1.200000000000000000000000000000e+02 7.200000000000000000000000000000e+01 3.732480000000000000000000000000e+05 6.400000000000000000000000000000e+01
1.210000000000000000000000000000e+02 3.600000000000000000000000000000e+01 4.665600000000000000000000000000e+04 6.500000000000000000000000000000e+01
1.220000000000000000000000000000e+02 8.800000000000000000000000000000e+01 6.814720000000000000000000000000e+05 6.600000000000000000000000000000e+01
1.240000000000000000000000000000e+02 4.000000000000000000000000000000e+00 6.400000000000000000000000000000e+01 6.700000000000000000000000000000e+01
1.260000000000000000000000000000e+02 2.630000000000000000000000000000e+02 1.819144700000000000000000000000e+07 6.800000000000000000000000000000e+01
1.270000000000000000000000000000e+02 1.640000000000000000000000000000e+02 4.410944000000000000000000000000e+06 6.900000000000000000000000000000e+01
1.300000000000000000000000000000e+02 1.200000000000000000000000000000e+01 1.728000000000000000000000000000e+03 7.000000000000000000000000000000e+01
1.330000000000000000000000000000e+02 1.030000000000000000000000000000e+02 1.092727000000000000000000000000e+06 7.100000000000000000000000000000e+01
1.350000000000000000000000000000e+02 3.000000000000000000000000000000e+01 2.700000000000000000000000000000e+04 7.200000000000000000000000000000e+01
1.370000000000000000000000000000e+02 2.700000000000000000000000000000e+01 1.968300000000000000000000000000e+04 7.300000000000000000000000000000e+01
1.390000000000000000000000000000e+02 6.000000000000000000000000000000e+01 2.160000000000000000000000000000e+05 7.400000000000000000000000000000e+01
1.410000000000000000000000000000e+02 1.110000000000000000000000000000e+02 1.367631000000000000000000000000e+06 7.500000000000000000000000000000e+01
1.420000000000000000000000000000e+02 2.000000000000000000000000000000e+00 8.000000000000000000000000000000e+00 7.600000000000000000000000000000e+01
1.450000000000000000000000000000e+02 2.000000000000000000000000000000e+00 8.000000000000000000000000000000e+00 7.700000000000000000000000000000e+01
1.460000000000000000000000000000e+02 2.660000000000000000000000000000e+02 1.882109600000000000000000000000e+07 7.800000000000000000000000000000e+01
1.480000000000000000000000000000e+02 1.600000000000000000000000000000e+01 4.096000000000000000000000000000e+03 7.900000000000000000000000000000e+01
