1.000000000000000000000000000000e+00 1.500000000000000000000000000000e+01 3.375000000000000000000000000000e+03 0.000000000000000000000000000000e+00
2.000000000000000000000000000000e+00 1.460000000000000000000000000000e+02 3.112136000000000000000000000000e+06 1.000000000000000000000000000000e+00
3.000000000000000000000000000000e+00 4.300000000000000000000000000000e+01 7.950700000000000000000000000000e+04 2.000000000000000000000000000000e+00
8.000000000000000000000000000000e+00 1.790000000000000000000000000000e+02 5.735339000000000000000000000000e+06 3.000000000000000000000000000000e+00
9.000000000000000000000000000000e+00 7.800000000000000000000000000000e+01 4.745520000000000000000000000000e+05 4.000000000000000000000000000000e+00
1.100000000000000000000000000000e+01 5.200000000000000000000000000000e+01 1.406080000000000000000000000000e+05 5.000000000000000000000000000000e+00
1.200000000000000000000000000000e+01 3.400000000000000000000000000000e+01 3.930400000000000000000000000000e+04 6.000000000000000000000000000000e+00
1.300000000000000000000000000000e+01 2.800000000000000000000000000000e+01 2.195200000000000000000000000000e+04 7.000000000000000000000000000000e+00
1.400000000000000000000000000000e+01 1.320000000000000000000000000000e+02 2.299968000000000000000000000000e+06 8.000000000000000000000000000000e+00
1.500000000000000000000000000000e+01 1.200000000000000000000000000000e+02 1.728000000000000000000000000000e+06 9.000000000000000000000000000000e+00
1.800000000000000000000000000000e+01 5.000000000000000000000000000000e+01 1.250000000000000000000000000000e+05 1.000000000000000000000000000000e+01
2.100000000000000000000000000000e+01 5.300000000000000000000000000000e+01 1.488770000000000000000000000000e+05 1.100000000000000000000000000000e+01
2.200000000000000000000000000000e+01 2.840000000000000000000000000000e+02 2.290630400000000000000000000000e+07 1.200000000000000000000000000000e+01
2.400000000000000000000000000000e+01 1.900000000000000000000000000000e+01 6.859000000000000000000000000000e+03 1.300000000000000000000000000000e+01
2.700000000000000000000000000000e+01 6.500000000000000000000000000000e+01 2.746250000000000000000000000000e+05 1.400000000000000000000000000000e+01
2.800000000000000000000000000000e+01 1.980000000000000000000000000000e+02 7.762392000000000000000000000000e+06 1.500000000000000000000000000000e+01
3.100000000000000000000000000000e+01 2.800000000000000000000000000000e+01 2.195200000000000000000000000000e+04 1.600000000000000000000000000000e+01
3.200000000000000000000000000000e+01 1.230000000000000000000000000000e+02 1.860867000000000000000000000000e+06 1.700000000000000000000000000000e+01
3.500000000000000000000000000000e+01 5.500000000000000000000000000000e+01 1.663750000000000000000000000000e+05 1.800000000000000000000000000000e+01
3.600000000000000000000000000000e+01 1.110000000000000000000000000000e+02 1.367631000000000000000000000000e+06 1.900000000000000000000000000000e+01
3.800000000000000000000000000000e+01 4.100000000000000000000000000000e+01 6.892100000000000000000000000000e+04 2.000000000000000000000000000000e+01
4.200000000000000000000000000000e+01 6.700000000000000000000000000000e+01 3.007630000000000000000000000000e+05 2.100000000000000000000000000000e+01
5.100000000000000000000000000000e+01 3.300000000000000000000000000000e+01 3.593700000000000000000000000000e+04 2.200000000000000000000000000000e+01
5.200000000000000000000000000000e+01 6.000000000000000000000000000000e+01 2.160000000000000000000000000000e+05 2.300000000000000000000000000000e+01
5.400000000000000000000000000000e+01 1.230000000000000000000000000000e+02 1.860867000000000000000000000000e+06 2.400000000000000000000000000000e+01
5.500000000000000000000000000000e+01 1.210000000000000000000000000000e+02 1.771561000000000000000000000000e+06 2.500000000000000000000000000000e+01
5.900000000000000000000000000000e+01 1.640000000000000000000000000000e+02 4.410944000000000000000000000000e+06 2.600000000000000000000000000000e+01
6.000000000000000000000000000000e+01 4.030000000000000000000000000000e+02 6.545082700000000000000000000000e+07 2.700000000000000000000000000000e+01
6.100000000000000000000000000000e+01 2.700000000000000000000000000000e+01 1.968300000000000000000000000000e+04 2.800000000000000000000000000000e+01
6.200000000000000000000000000000e+01 1.340000000000000000000000000000e+02 2.406104000000000000000000000000e+06 2.900000000000000000000000000000e+01
6.700000000000000000000000000000e+01 1.900000000000000000000000000000e+01 6.859000000000000000000000000000e+03 3.000000000000000000000000000000e+01
6.800000000000000000000000000000e+01 1.220000000000000000000000000000e+02 1.815848000000000000000000000000e+06 3.100000000000000000000000000000e+01
6.900000000000000000000000000000e+01 9.600000000000000000000000000000e+01 8.847360000000000000000000000000e+05 3.200000000000000000000000000000e+01
7.100000000000000000000000000000e+01 5.000000000000000000000000000000e+00 1.250000000000000000000000000000e+02 3.300000000000000000000000000000e+01
7.200000000000000000000000000000e+01 1.100000000000000000000000000000e+02 1.331000000000000000000000000000e+06 3.400000000000000000000000000000e+01
7.800000000000000000000000000000e+01 2.200000000000000000000000000000e+01 1.064800000000000000000000000000e+04 3.500000000000000000000000000000e+01
7.900000000000000000000000000000e+01 3.880000000000000000000000000000e+02 5.841107200000000000000000000000e+07 3.600000000000000000000000000000e+01
8.200000000000000000000000000000e+01 4.300000000000000000000000000000e+01 7.950700000000000000000000000000e+04 3.700000000000000000000000000000e+01
8.600000000000000000000000000000e+01 2.700000000000000000000000000000e+01 1.968300000000000000000000000000e+04 3.800000000000000000000000000000e+01
8.700000000000000000000000000000e+01 1.400000000000000000000000000000e+01 2.744000000000000000000000000000e+03 3.900000000000000000000000000000e+01
8.800000000000000000000000000000e+01 4.900000000000000000000000000000e+01 1.176490000000000000000000000000e+05 4.000000000000000000000000000000e+01
8.900000000000000000000000000000e+01 2.500000000000000000000000000000e+01 1.562500000000000000000000000000e+04 4.100000000000000000000000000000e+01
9.200000000000000000000000000000e+01 1.200000000000000000000000000000e+01 1.728000000000000000000000000000e+03 4.200000000000000000000000000000e+01
9.400000000000000000000000000000e+01 4.300000000000000000000000000000e+01 7.950700000000000000000000000000e+04 4.300000000000000000000000000000e+01
9.600000000000000000000000000000e+01 6.000000000000000000000000000000e+00 2.160000000000000000000000000000e+02 4.400000000000000000000000000000e+01
9.700000000000000000000000000000e+01 5.900000000000000000000000000000e+01 2.053790000000000000000000000000e+05 4.500000000000000000000000000000e+01
9.900000000000000000000000000000e+01 8.200000000000000000000000000000e+01 5.513680000000000000000000000000e+05 4.600000000000000000000000000000e+01
1.000000000000000000000000000000e+02 3.350000000000000000000000000000e+02 3.759537500000000000000000000000e+07 4.700000000000000000000000000000e+01
1.010000000000000000000000000000e+02 4.220000000000000000000000000000e+02 7.515144800000000000000000000000e+07 4.800000000000000000000000000000e+01
1.030000000000000000000000000000e+02 2.640000000000000000000000000000e+02 1.839974400000000000000000000000e+07 4.900000000000000000000000000000e+01
1.060000000000000000000000000000e+02 3.700000000000000000000000000000e+01 5.065300000000000000000000000000e+04 5.000000000000000000000000000000e+01
1.070000000000000000000000000000e+02 7.000000000000000000000000000000e+00 3.430000000000000000000000000000e+02 5.100000000000000000000000000000e+01
1.080000000000000000000000000000e+02 1.810000000000000000000000000000e+02 5.929741000000000000000000000000e+06 5.200000000000000000000000000000e+01
1.090000000000000000000000000000e+02 1.650000000000000000000000000000e+02 4.492125000000000000000000000000e+06 5.300000000000000000000000000000e+01
1.100000000000000000000000000000e+02 3.170000000000000000000000000000e+02 3.185501300000000000000000000000e+07 5.400000000000000000000000000000e+01
1.110000000000000000000000000000e+02 1.540000000000000000000000000000e+02 3.652264000000000000000000000000e+06 5.500000000000000000000000000000e+01
1.120000000000000000000000000000e+02 4.100000000000000000000000000000e+01 6.892100000000000000000000000000e+04 5.600000000000000000000000000000e+01
1.130000000000000000000000000000e+02 2.640000000000000000000000000000e+02 1.839974400000000000000000000000e+07 5.700000000000000000000000000000e+01
1.140000000000000000000000000000e+02 2.000000000000000000000000000000e+01 8.000000000000000000000000000000e+03 5.800000000000000000000000000000e+01
1.150000000000000000000000000000e+02 2.400000000000000000000000000000e+01 1.382400000000000000000000000000e+04 5.900000000000000000000000000000e+01
1.170000000000000000000000000000e+02 1.560000000000000000000000000000e+02 3.796416000000000000000000000000e+06 6.000000000000000000000000000000e+01
1.180000000000000000000000000000e+02 2.670000000000000000000000000000e+02 1.903416300000000000000000000000e+07 6.100000000000000000000000000000e+01
1.220000000000000000000000000000e+02 1.200000000000000000000000000000e+02 1.728000000000000000000000000000e+06 6.200000000000000000000000000000e+01
1.230000000000000000000000000000e+02 1.760000000000000000000000000000e+02 5.451776000000000000000000000000e+06 6.300000000000000000000000000000e+01
1.240000000000000000000000000000e+02 6.000000000000000000000000000000e+00 2.160000000000000000000000000000e+02 6.400000000000000000000000000000e+01
1.260000000000000000000000000000e+02 2.780000000000000000000000000000e+02 2.148495200000000000000000000000e+07 6.500000000000000000000000000000e+01
1.340000000000000000000000000000e+02 1.830000000000000000000000000000e+02 6.128487000000000000000000000000e+06 6.600000000000000000000000000000e+01
1.420000000000000000000000000000e+02 7.700000000000000000000000000000e+01 4.565330000000000000000000000000e+05 6.700000000000000000000000000000e+01
1.430000000000000000000000000000e+02 3.800000000000000000000000000000e+01 5.487200000000000000000000000000e+04 6.800000000000000000000000000000e+01
1.450000000000000000000000000000e+02 2.100000000000000000000000000000e+01 9.261000000000000000000000000000e+03 6.900000000000000000000000000000e+01
1.480000000000000000000000000000e+02 1.090000000000000000000000000000e+02 1.295029000000000000000000000000e+06 7.000000000000000000000000000000e+01
1.490000000000000000000000000000e+02 1.570000000000000000000000000000e+02 3.869893000000000000000000000000e+06 7.100000000000000000000000000000e+01
