0.000000000000000000000000000000e+00 1.070000000000000000000000000000e+02 1.225043000000000000000000000000e+06 0.000000000000000000000000000000e+00
1.000000000000000000000000000000e+00 1.900000000000000000000000000000e+01 6.859000000000000000000000000000e+03 1.000000000000000000000000000000e+00
2.000000000000000000000000000000e+00 4.300000000000000000000000000000e+01 7.950700000000000000000000000000e+04 2.000000000000000000000000000000e+00
4.000000000000000000000000000000e+00 1.420000000000000000000000000000e+02 2.863288000000000000000000000000e+06 3.000000000000000000000000000000e+00
5.000000000000000000000000000000e+00 6.000000000000000000000000000000e+00 2.160000000000000000000000000000e+02 4.000000000000000000000000000000e+00
6.000000000000000000000000000000e+00 2.700000000000000000000000000000e+01 1.968300000000000000000000000000e+04 5.000000000000000000000000000000e+00
9.000000000000000000000000000000e+00 1.620000000000000000000000000000e+02 4.251528000000000000000000000000e+06 6.000000000000000000000000000000e+00
1.100000000000000000000000000000e+01 1.640000000000000000000000000000e+02 4.410944000000000000000000000000e+06 7.000000000000000000000000000000e+00
1.300000000000000000000000000000e+01 3.300000000000000000000000000000e+01 3.593700000000000000000000000000e+04 8.000000000000000000000000000000e+00
1.400000000000000000000000000000e+01 4.500000000000000000000000000000e+01 9.112500000000000000000000000000e+04 9.000000000000000000000000000000e+00
1.600000000000000000000000000000e+01 1.120000000000000000000000000000e+02 1.404928000000000000000000000000e+06 1.000000000000000000000000000000e+01
1.800000000000000000000000000000e+01 1.910000000000000000000000000000e+02 6.967871000000000000000000000000e+06 1.100000000000000000000000000000e+01
2.000000000000000000000000000000e+01 6.900000000000000000000000000000e+01 3.285090000000000000000000000000e+05 1.200000000000000000000000000000e+01
2.200000000000000000000000000000e+01 2.710000000000000000000000000000e+02 1.990251100000000000000000000000e+07 1.300000000000000000000000000000e+01
2.800000000000000000000000000000e+01 4.400000000000000000000000000000e+01 8.518400000000000000000000000000e+04 1.400000000000000000000000000000e+01
3.000000000000000000000000000000e+01 2.190000000000000000000000000000e+02 1.050345900000000000000000000000e+07 1.500000000000000000000000000000e+01
3.400000000000000000000000000000e+01 1.090000000000000000000000000000e+02 1.295029000000000000000000000000e+06 1.600000000000000000000000000000e+01
3.600000000000000000000000000000e+01 4.900000000000000000000000000000e+01 1.176490000000000000000000000000e+05 1.700000000000000000000000000000e+01
3.800000000000000000000000000000e+01 8.500000000000000000000000000000e+01 6.141250000000000000000000000000e+05 1.800000000000000000000000000000e+01
3.900000000000000000000000000000e+01 2.420000000000000000000000000000e+02 1.417248800000000000000000000000e+07 1.900000000000000000000000000000e+01
4.500000000000000000000000000000e+01 6.500000000000000000000000000000e+01 2.746250000000000000000000000000e+05 2.000000000000000000000000000000e+01
4.600000000000000000000000000000e+01 4.600000000000000000000000000000e+01 9.733600000000000000000000000000e+04 2.100000000000000000000000000000e+01
5.000000000000000000000000000000e+01 6.900000000000000000000000000000e+01 3.285090000000000000000000000000e+05 2.200000000000000000000000000000e+01
5.100000000000000000000000000000e+01 6.800000000000000000000000000000e+01 3.144320000000000000000000000000e+05 2.300000000000000000000000000000e+01
5.400000000000000000000000000000e+01 1.200000000000000000000000000000e+01 1.728000000000000000000000000000e+03 2.400000000000000000000000000000e+01
5.500000000000000000000000000000e+01 6.300000000000000000000000000000e+01 2.500470000000000000000000000000e+05 2.500000000000000000000000000000e+01
5.900000000000000000000000000000e+01 2.670000000000000000000000000000e+02 1.903416300000000000000000000000e+07 2.600000000000000000000000000000e+01
6.300000000000000000000000000000e+01 5.200000000000000000000000000000e+01 1.406080000000000000000000000000e+05 2.700000000000000000000000000000e+01
6.800000000000000000000000000000e+01 4.700000000000000000000000000000e+01 1.038230000000000000000000000000e+05 2.800000000000000000000000000000e+01
7.100000000000000000000000000000e+01 4.500000000000000000000000000000e+01 9.112500000000000000000000000000e+04 2.900000000000000000000000000000e+01
7.500000000000000000000000000000e+01 7.900000000000000000000000000000e+01 4.930390000000000000000000000000e+05 3.000000000000000000000000000000e+01
7.700000000000000000000000000000e+01 1.500000000000000000000000000000e+01 3.375000000000000000000000000000e+03 3.100000000000000000000000000000e+01
8.400000000000000000000000000000e+01 2.310000000000000000000000000000e+02 1.232639100000000000000000000000e+07 3.200000000000000000000000000000e+01
8.700000000000000000000000000000e+01 6.500000000000000000000000000000e+01 2.746250000000000000000000000000e+05 3.300000000000000000000000000000e+01
9.000000000000000000000000000000e+01 5.300000000000000000000000000000e+01 1.488770000000000000000000000000e+05 3.400000000000000000000000000000e+01
9.100000000000000000000000000000e+01 2.000000000000000000000000000000e+01 8.000000000000000000000000000000e+03 3.500000000000000000000000000000e+01
9.200000000000000000000000000000e+01 6.900000000000000000000000000000e+01 3.285090000000000000000000000000e+05 3.600000000000000000000000000000e+01
9.400000000000000000000000000000e+01 1.640000000000000000000000000000e+02 4.410944000000000000000000000000e+06 3.700000000000000000000000000000e+01
9.500000000000000000000000000000e+01 7.100000000000000000000000000000e+01 3.579110000000000000000000000000e+05 3.800000000000000000000000000000e+01
9.800000000000000000000000000000e+01 3.900000000000000000000000000000e+01 5.931900000000000000000000000000e+04 3.900000000000000000000000000000e+01
1.010000000000000000000000000000e+02 8.000000000000000000000000000000e+01 5.120000000000000000000000000000e+05 4.000000000000000000000000000000e+01
1.020000000000000000000000000000e+02 2.050000000000000000000000000000e+02 8.615125000000000000000000000000e+06 4.100000000000000000000000000000e+01
1.030000000000000000000000000000e+02 2.600000000000000000000000000000e+01 1.757600000000000000000000000000e+04 4.200000000000000000000000000000e+01
1.040000000000000000000000000000e+02 1.530000000000000000000000000000e+02 3.581577000000000000000000000000e+06 4.300000000000000000000000000000e+01
1.060000000000000000000000000000e+02 1.760000000000000000000000000000e+02 5.451776000000000000000000000000e+06 4.400000000000000000000000000000e+01
1.070000000000000000000000000000e+02 1.600000000000000000000000000000e+01 4.096000000000000000000000000000e+03 4.500000000000000000000000000000e+01
1.080000000000000000000000000000e+02 5.100000000000000000000000000000e+01 1.326510000000000000000000000000e+05 4.600000000000000000000000000000e+01
1.090000000000000000000000000000e+02 1.990000000000000000000000000000e+02 7.880599000000000000000000000000e+06 4.700000000000000000000000000000e+01
1.110000000000000000000000000000e+02 6.600000000000000000000000000000e+01 2.874960000000000000000000000000e+05 4.800000000000000000000000000000e+01
1.130000000000000000000000000000e+02 3.160000000000000000000000000000e+02 3.155449600000000000000000000000e+07 4.900000000000000000000000000000e+01
1.150000000000000000000000000000e+02 1.420000000000000000000000000000e+02 2.863288000000000000000000000000e+06 5.000000000000000000000000000000e+01
1.200000000000000000000000000000e+02 2.060000000000000000000000000000e+02 8.741816000000000000000000000000e+06 5.100000000000000000000000000000e+01
1.210000000000000000000000000000e+02 1.020000000000000000000000000000e+02 1.061208000000000000000000000000e+06 5.200000000000000000000000000000e+01
1.220000000000000000000000000000e+02 1.600000000000000000000000000000e+01 4.096000000000000000000000000000e+03 5.300000000000000000000000000000e+01
1.230000000000000000000000000000e+02 1.500000000000000000000000000000e+01 3.375000000000000000000000000000e+03 5.400000000000000000000000000000e+01
1.240000000000000000000000000000e+02 1.400000000000000000000000000000e+01 2.744000000000000000000000000000e+03 5.500000000000000000000000000000e+01
1.250000000000000000000000000000e+02 1.000000000000000000000000000000e+00 1.000000000000000000000000000000e+00 5.600000000000000000000000000000e+01
1.270000000000000000000000000000e+02 5.800000000000000000000000000000e+01 1.951120000000000000000000000000e+05 5.700000000000000000000000000000e+01
1.310000000000000000000000000000e+02 6.300000000000000000000000000000e+01 2.500470000000000000000000000000e+05 5.800000000000000000000000000000e+01
1.330000000000000000000000000000e+02 1.190000000000000000000000000000e+02 1.685159000000000000000000000000e+06 5.900000000000000000000000000000e+01
1.340000000000000000000000000000e+02 1.000000000000000000000000000000e+00 1.000000000000000000000000000000e+00 6.000000000000000000000000000000e+01
1.350000000000000000000000000000e+02 1.600000000000000000000000000000e+01 4.096000000000000000000000000000e+03 6.100000000000000000000000000000e+01
1.360000000000000000000000000000e+02 1.500000000000000000000000000000e+01 3.375000000000000000000000000000e+03 6.200000000000000000000000000000e+01
1.390000000000000000000000000000e+02 4.000000000000000000000000000000e+01 6.400000000000000000000000000000e+04 6.300000000000000000000000000000e+01
1.420000000000000000000000000000e+02 7.200000000000000000000000000000e+01 3.732480000000000000000000000000e+05 6.400000000000000000000000000000e+01
1.470000000000000000000000000000e+02 3.400000000000000000000000000000e+01 3.930400000000000000000000000000e+04 6.500000000000000000000000000000e+01
1.480000000000000000000000000000e+02 9.200000000000000000000000000000e+01 7.786880000000000000000000000000e+05 6.600000000000000000000000000000e+01
