2.000000000000000000000000000000e+00 6.400000000000000000000000000000e+01 2.621440000000000000000000000000e+05 0.000000000000000000000000000000e+00
5.000000000000000000000000000000e+00 5.600000000000000000000000000000e+01 1.756160000000000000000000000000e+05 1.000000000000000000000000000000e+00
6.000000000000000000000000000000e+00 2.300000000000000000000000000000e+01 1.216700000000000000000000000000e+04 2.000000000000000000000000000000e+00
8.000000000000000000000000000000e+00 4.700000000000000000000000000000e+01 1.038230000000000000000000000000e+05 3.000000000000000000000000000000e+00
1.000000000000000000000000000000e+01 1.530000000000000000000000000000e+02 3.581577000000000000000000000000e+06 4.000000000000000000000000000000e+00
1.100000000000000000000000000000e+01 4.420000000000000000000000000000e+02 8.635088800000000000000000000000e+07 5.000000000000000000000000000000e+00
1.200000000000000000000000000000e+01 1.700000000000000000000000000000e+01 4.913000000000000000000000000000e+03 6.000000000000000000000000000000e+00
1.300000000000000000000000000000e+01 4.300000000000000000000000000000e+01 7.950700000000000000000000000000e+04 7.000000000000000000000000000000e+00
1.400000000000000000000000000000e+01 3.200000000000000000000000000000e+01 3.276800000000000000000000000000e+04 8.000000000000000000000000000000e+00
1.600000000000000000000000000000e+01 4.510000000000000000000000000000e+02 9.173385100000000000000000000000e+07 9.000000000000000000000000000000e+00
1.700000000000000000000000000000e+01 3.400000000000000000000000000000e+01 3.930400000000000000000000000000e+04 1.000000000000000000000000000000e+01
1.800000000000000000000000000000e+01 5.000000000000000000000000000000e+00 1.250000000000000000000000000000e+02 1.100000000000000000000000000000e+01
1.900000000000000000000000000000e+01 1.930000000000000000000000000000e+02 7.189057000000000000000000000000e+06 1.200000000000000000000000000000e+01
2.000000000000000000000000000000e+01 6.000000000000000000000000000000e+00 2.160000000000000000000000000000e+02 1.300000000000000000000000000000e+01
2.100000000000000000000000000000e+01 6.600000000000000000000000000000e+01 2.874960000000000000000000000000e+05 1.400000000000000000000000000000e+01
2.200000000000000000000000000000e+01 3.380000000000000000000000000000e+02 3.861447200000000000000000000000e+07 1.500000000000000000000000000000e+01
2.300000000000000000000000000000e+01 3.100000000000000000000000000000e+01 2.979100000000000000000000000000e+04 1.600000000000000000000000000000e+01
2.400000000000000000000000000000e+01 2.000000000000000000000000000000e+01 8.000000000000000000000000000000e+03 1.700000000000000000000000000000e+01
2.600000000000000000000000000000e+01 4.400000000000000000000000000000e+01 8.518400000000000000000000000000e+04 1.800000000000000000000000000000e+01
2.700000000000000000000000000000e+01 4.700000000000000000000000000000e+01 1.038230000000000000000000000000e+05 1.900000000000000000000000000000e+01
2.800000000000000000000000000000e+01 1.550000000000000000000000000000e+02 3.723875000000000000000000000000e+06 2.000000000000000000000000000000e+01
2.900000000000000000000000000000e+01 4.500000000000000000000000000000e+01 9.112500000000000000000000000000e+04 2.100000000000000000000000000000e+01
3.000000000000000000000000000000e+01 1.060000000000000000000000000000e+02 1.191016000000000000000000000000e+06 2.200000000000000000000000000000e+01
3.500000000000000000000000000000e+01 3.600000000000000000000000000000e+01 4.665600000000000000000000000000e+04 2.300000000000000000000000000000e+01
3.600000000000000000000000000000e+01 1.880000000000000000000000000000e+02 6.644672000000000000000000000000e+06 2.400000000000000000000000000000e+01
3.700000000000000000000000000000e+01 2.600000000000000000000000000000e+02 1.757600000000000000000000000000e+07 2.500000000000000000000000000000e+01
4.100000000000000000000000000000e+01 4.600000000000000000000000000000e+01 9.733600000000000000000000000000e+04 2.600000000000000000000000000000e+01
4.300000000000000000000000000000e+01 6.200000000000000000000000000000e+01 2.383280000000000000000000000000e+05 2.700000000000000000000000000000e+01
4.500000000000000000000000000000e+01 3.500000000000000000000000000000e+01 4.287500000000000000000000000000e+04 2.800000000000000000000000000000e+01
4.600000000000000000000000000000e+01 1.100000000000000000000000000000e+01 1.331000000000000000000000000000e+03 2.900000000000000000000000000000e+01
4.800000000000000000000000000000e+01 1.510000000000000000000000000000e+02 3.442951000000000000000000000000e+06 3.000000000000000000000000000000e+01
4.900000000000000000000000000000e+01 8.700000000000000000000000000000e+01 6.585030000000000000000000000000e+05 3.100000000000000000000000000000e+01
5.100000000000000000000000000000e+01 4.000000000000000000000000000000e+01 6.400000000000000000000000000000e+04 3.200000000000000000000000000000e+01
5.300000000000000000000000000000e+01 1.600000000000000000000000000000e+01 4.096000000000000000000000000000e+03 3.300000000000000000000000000000e+01
5.500000000000000000000000000000e+01 3.340000000000000000000000000000e+02 3.725970400000000000000000000000e+07 3.400000000000000000000000000000e+01
5.700000000000000000000000000000e+01 1.900000000000000000000000000000e+01 6.859000000000000000000000000000e+03 3.500000000000000000000000000000e+01
5.800000000000000000000000000000e+01 9.900000000000000000000000000000e+01 9.702990000000000000000000000000e+05 3.600000000000000000000000000000e+01
6.000000000000000000000000000000e+01 3.710000000000000000000000000000e+02 5.106481100000000000000000000000e+07 3.700000000000000000000000000000e+01
6.100000000000000000000000000000e+01 1.700000000000000000000000000000e+02 4.913000000000000000000000000000e+06 3.800000000000000000000000000000e+01
6.300000000000000000000000000000e+01 4.000000000000000000000000000000e+01 6.400000000000000000000000000000e+04 3.900000000000000000000000000000e+01
6.500000000000000000000000000000e+01 6.600000000000000000000000000000e+01 2.874960000000000000000000000000e+05 4.000000000000000000000000000000e+01
6.900000000000000000000000000000e+01 6.100000000000000000000000000000e+01 2.269810000000000000000000000000e+05 4.100000000000000000000000000000e+01
7.300000000000000000000000000000e+01 6.600000000000000000000000000000e+01 2.874960000000000000000000000000e+05 4.200000000000000000000000000000e+01
7.400000000000000000000000000000e+01 5.400000000000000000000000000000e+01 1.574640000000000000000000000000e+05 4.300000000000000000000000000000e+01
7.500000000000000000000000000000e+01 1.600000000000000000000000000000e+01 4.096000000000000000000000000000e+03 4.400000000000000000000000000000e+01
7.600000000000000000000000000000e+01 7.500000000000000000000000000000e+01 4.218750000000000000000000000000e+05 4.500000000000000000000000000000e+01
7.700000000000000000000000000000e+01 1.180000000000000000000000000000e+02 1.643032000000000000000000000000e+06 4.600000000000000000000000000000e+01
7.800000000000000000000000000000e+01 1.160000000000000000000000000000e+02 1.560896000000000000000000000000e+06 4.700000000000000000000000000000e+01
7.900000000000000000000000000000e+01 5.300000000000000000000000000000e+01 1.488770000000000000000000000000e+05 4.800000000000000000000000000000e+01
8.100000000000000000000000000000e+01 6.500000000000000000000000000000e+01 2.746250000000000000000000000000e+05 4.900000000000000000000000000000e+01
8.200000000000000000000000000000e+01 1.610000000000000000000000000000e+02 4.173281000000000000000000000000e+06 5.000000000000000000000000000000e+01
8.300000000000000000000000000000e+01 6.500000000000000000000000000000e+01 2.746250000000000000000000000000e+05 5.100000000000000000000000000000e+01
8.400000000000000000000000000000e+01 1.570000000000000000000000000000e+02 3.869893000000000000000000000000e+06 5.200000000000000000000000000000e+01
8.600000000000000000000000000000e+01 5.100000000000000000000000000000e+01 1.326510000000000000000000000000e+05 5.300000000000000000000000000000e+01
8.900000000000000000000000000000e+01 7.300000000000000000000000000000e+01 3.890170000000000000000000000000e+05 5.400000000000000000000000000000e+01
9.000000000000000000000000000000e+01 4.220000000000000000000000000000e+02 7.515144800000000000000000000000e+07 5.500000000000000000000000000000e+01
9.200000000000000000000000000000e+01 6.500000000000000000000000000000e+01 2.746250000000000000000000000000e+05 5.600000000000000000000000000000e+01
9.500000000000000000000000000000e+01 8.400000000000000000000000000000e+01 5.927040000000000000000000000000e+05 5.700000000000000000000000000000e+01
9.600000000000000000000000000000e+01 1.000000000000000000000000000000e+01 1.000000000000000000000000000000e+03 5.800000000000000000000000000000e+01
9.800000000000000000000000000000e+01 8.500000000000000000000000000000e+01 6.141250000000000000000000000000e+05 5.900000000000000000000000000000e+01
9.900000000000000000000000000000e+01 2.810000000000000000000000000000e+02 2.218804100000000000000000000000e+07 6.000000000000000000000000000000e+01
1.010000000000000000000000000000e+02 2.230000000000000000000000000000e+02 1.108956700000000000000000000000e+07 6.100000000000000000000000000000e+01
1.020000000000000000000000000000e+02 1.110000000000000000000000000000e+02 1.367631000000000000000000000000e+06 6.200000000000000000000000000000e+01
1.040000000000000000000000000000e+02 4.800000000000000000000000000000e+01 1.105920000000000000000000000000e+05 6.300000000000000000000000000000e+01
1.060000000000000000000000000000e+02 2.800000000000000000000000000000e+01 2.195200000000000000000000000000e+04 6.400000000000000000000000000000e+01
1.090000000000000000000000000000e+02 7.800000000000000000000000000000e+01 4.745520000000000000000000000000e+05 6.500000000000000000000000000000e+01
1.110000000000000000000000000000e+02 1.870000000000000000000000000000e+02 6.539203000000000000000000000000e+06 6.600000000000000000000000000000e+01
1.120000000000000000000000000000e+02 1.410000000000000000000000000000e+02 2.803221000000000000000000000000e+06 6.700000000000000000000000000000e+01
1.160000000000000000000000000000e+02 1.000000000000000000000000000000e+01 1.000000000000000000000000000000e+03 6.800000000000000000000000000000e+01
1.170000000000000000000000000000e+02 2.230000000000000000000000000000e+02 1.108956700000000000000000000000e+07 6.900000000000000000000000000000e+01
1.180000000000000000000000000000e+02 8.700000000000000000000000000000e+01 6.585030000000000000000000000000e+05 7.000000000000000000000000000000e+01
1.220000000000000000000000000000e+02 9.400000000000000000000000000000e+01 8.305840000000000000000000000000e+05 7.100000000000000000000000000000e+01
1.230000000000000000000000000000e+02 1.600000000000000000000000000000e+01 4.096000000000000000000000000000e+03 7.200000000000000000000000000000e+01
1.240000000000000000000000000000e+02 6.330000000000000000000000000000e+02 2.536361370000000000000000000000e+08 7.300000000000000000000000000000e+01
1.270000000000000000000000000000e+02 3.400000000000000000000000000000e+01 3.930400000000000000000000000000e+04 7.400000000000000000000000000000e+01
1.280000000000000000000000000000e+02 8.200000000000000000000000000000e+01 5.513680000000000000000000000000e+05 7.500000000000000000000000000000e+01
1.290000000000000000000000000000e+02 2.400000000000000000000000000000e+01 1.382400000000000000000000000000e+04 7.600000000000000000000000000000e+01
1.300000000000000000000000000000e+02 1.050000000000000000000000000000e+02 1.157625000000000000000000000000e+06 7.700000000000000000000000000000e+01
1.310000000000000000000000000000e+02 2.200000000000000000000000000000e+02 1.064800000000000000000000000000e+07 7.800000000000000000000000000000e+01
1.320000000000000000000000000000e+02 3.600000000000000000000000000000e+01 4.665600000000000000000000000000e+04 7.900000000000000000000000000000e+01
1.340000000000000000000000000000e+02 4.000000000000000000000000000000e+00 6.400000000000000000000000000000e+01 8.000000000000000000000000000000e+01
1.360000000000000000000000000000e+02 7.500000000000000000000000000000e+01 4.218750000000000000000000000000e+05 8.100000000000000000000000000000e+01
1.370000000000000000000000000000e+02 6.000000000000000000000000000000e+00 2.160000000000000000000000000000e+02 8.200000000000000000000000000000e+01
1.390000000000000000000000000000e+02 8.000000000000000000000000000000e+01 5.120000000000000000000000000000e+05 8.300000000000000000000000000000e+01
1.410000000000000000000000000000e+02 1.970000000000000000000000000000e+02 7.645373000000000000000000000000e+06 8.400000000000000000000000000000e+01
1.420000000000000000000000000000e+02 4.800000000000000000000000000000e+01 1.105920000000000000000000000000e+05 8.500000000000000000000000000000e+01
1.460000000000000000000000000000e+02 4.500000000000000000000000000000e+01 9.112500000000000000000000000000e+04 8.600000000000000000000000000000e+01
1.490000000000000000000000000000e+02 1.640000000000000000000000000000e+02 4.410944000000000000000000000000e+06 8.700000000000000000000000000000e+01
