1.000000000000000000000000000000e+00 3.800000000000000000000000000000e+01 5.487200000000000000000000000000e+04 0.000000000000000000000000000000e+00
2.000000000000000000000000000000e+00 3.120000000000000000000000000000e+02 3.037132800000000000000000000000e+07 1.000000000000000000000000000000e+00
3.000000000000000000000000000000e+00 1.390000000000000000000000000000e+02 2.685619000000000000000000000000e+06 2.000000000000000000000000000000e+00
5.000000000000000000000000000000e+00 3.000000000000000000000000000000e+00 2.700000000000000000000000000000e+01 3.000000000000000000000000000000e+00
6.000000000000000000000000000000e+00 3.250000000000000000000000000000e+02 3.432812500000000000000000000000e+07 4.000000000000000000000000000000e+00
1.000000000000000000000000000000e+01 6.300000000000000000000000000000e+01 2.500470000000000000000000000000e+05 5.000000000000000000000000000000e+00
1.100000000000000000000000000000e+01 7.400000000000000000000000000000e+01 4.052240000000000000000000000000e+05 6.000000000000000000000000000000e+00
1.200000000000000000000000000000e+01 8.700000000000000000000000000000e+01 6.585030000000000000000000000000e+05 7.000000000000000000000000000000e+00
1.300000000000000000000000000000e+01 8.000000000000000000000000000000e+00 5.120000000000000000000000000000e+02 8.000000000000000000000000000000e+00
1.400000000000000000000000000000e+01 1.950000000000000000000000000000e+02 7.414875000000000000000000000000e+06 9.000000000000000000000000000000e+00
1.800000000000000000000000000000e+01 4.000000000000000000000000000000e+00 6.400000000000000000000000000000e+01 1.000000000000000000000000000000e+01
2.100000000000000000000000000000e+01 5.100000000000000000000000000000e+01 1.326510000000000000000000000000e+05 1.100000000000000000000000000000e+01
2.400000000000000000000000000000e+01 1.750000000000000000000000000000e+02 5.359375000000000000000000000000e+06 1.200000000000000000000000000000e+01
2.900000000000000000000000000000e+01 5.000000000000000000000000000000e+00 1.250000000000000000000000000000e+02 1.300000000000000000000000000000e+01
3.000000000000000000000000000000e+01 4.900000000000000000000000000000e+01 1.176490000000000000000000000000e+05 1.400000000000000000000000000000e+01
3.200000000000000000000000000000e+01 3.600000000000000000000000000000e+01 4.665600000000000000000000000000e+04 1.500000000000000000000000000000e+01
3.400000000000000000000000000000e+01 8.400000000000000000000000000000e+01 5.927040000000000000000000000000e+05 1.600000000000000000000000000000e+01
3.500000000000000000000000000000e+01 3.700000000000000000000000000000e+01 5.065300000000000000000000000000e+04 1.700000000000000000000000000000e+01
3.700000000000000000000000000000e+01 1.250000000000000000000000000000e+02 1.953125000000000000000000000000e+06 1.800000000000000000000000000000e+01
4.000000000000000000000000000000e+01 1.790000000000000000000000000000e+02 5.735339000000000000000000000000e+06 1.900000000000000000000000000000e+01
4.100000000000000000000000000000e+01 4.640000000000000000000000000000e+02 9.989734400000000000000000000000e+07 2.000000000000000000000000000000e+01
4.300000000000000000000000000000e+01 2.530000000000000000000000000000e+02 1.619427700000000000000000000000e+07 2.100000000000000000000000000000e+01
4.500000000000000000000000000000e+01 9.600000000000000000000000000000e+01 8.847360000000000000000000000000e+05 2.200000000000000000000000000000e+01
4.600000000000000000000000000000e+01 3.600000000000000000000000000000e+01 4.665600000000000000000000000000e+04 2.300000000000000000000000000000e+01
4.800000000000000000000000000000e+01 1.130000000000000000000000000000e+02 1.442897000000000000000000000000e+06 2.400000000000000000000000000000e+01
4.900000000000000000000000000000e+01 5.000000000000000000000000000000e+00 1.250000000000000000000000000000e+02 2.500000000000000000000000000000e+01
5.100000000000000000000000000000e+01 6.900000000000000000000000000000e+01 3.285090000000000000000000000000e+05 2.600000000000000000000000000000e+01
5.300000000000000000000000000000e+01 8.600000000000000000000000000000e+01 6.360560000000000000000000000000e+05 2.700000000000000000000000000000e+01
5.400000000000000000000000000000e+01 3.500000000000000000000000000000e+01 4.287500000000000000000000000000e+04 2.800000000000000000000000000000e+01
5.500000000000000000000000000000e+01 2.410000000000000000000000000000e+02 1.399752100000000000000000000000e+07 2.900000000000000000000000000000e+01
5.700000000000000000000000000000e+01 6.900000000000000000000000000000e+01 3.285090000000000000000000000000e+05 3.000000000000000000000000000000e+01
6.000000000000000000000000000000e+01 8.000000000000000000000000000000e+00 5.120000000000000000000000000000e+02 3.100000000000000000000000000000e+01
6.400000000000000000000000000000e+01 6.510000000000000000000000000000e+02 2.758944510000000000000000000000e+08 3.200000000000000000000000000000e+01
6.500000000000000000000000000000e+01 1.400000000000000000000000000000e+01 2.744000000000000000000000000000e+03 3.300000000000000000000000000000e+01
6.700000000000000000000000000000e+01 1.660000000000000000000000000000e+02 4.574296000000000000000000000000e+06 3.400000000000000000000000000000e+01
6.800000000000000000000000000000e+01 3.400000000000000000000000000000e+01 3.930400000000000000000000000000e+04 3.500000000000000000000000000000e+01
6.900000000000000000000000000000e+01 4.200000000000000000000000000000e+01 7.408800000000000000000000000000e+04 3.600000000000000000000000000000e+01
7.000000000000000000000000000000e+01 3.800000000000000000000000000000e+01 5.487200000000000000000000000000e+04 3.700000000000000000000000000000e+01
7.100000000000000000000000000000e+01 3.700000000000000000000000000000e+01 5.065300000000000000000000000000e+04 3.800000000000000000000000000000e+01
7.200000000000000000000000000000e+01 3.000000000000000000000000000000e+00 2.700000000000000000000000000000e+01 3.900000000000000000000000000000e+01
7.300000000000000000000000000000e+01 4.900000000000000000000000000000e+02 1.176490000000000000000000000000e+08 4.000000000000000000000000000000e+01
7.500000000000000000000000000000e+01 6.700000000000000000000000000000e+01 3.007630000000000000000000000000e+05 4.100000000000000000000000000000e+01
7.700000000000000000000000000000e+01 2.000000000000000000000000000000e+02 8.000000000000000000000000000000e+06 4.200000000000000000000000000000e+01
7.900000000000000000000000000000e+01 1.190000000000000000000000000000e+02 1.685159000000000000000000000000e+06 4.300000000000000000000000000000e+01
8.100000000000000000000000000000e+01 1.700000000000000000000000000000e+01 4.913000000000000000000000000000e+03 4.400000000000000000000000000000e+01
8.200000000000000000000000000000e+01 9.100000000000000000000000000000e+01 7.535710000000000000000000000000e+05 4.500000000000000000000000000000e+01
8.300000000000000000000000000000e+01 2.570000000000000000000000000000e+02 1.697459300000000000000000000000e+07 4.600000000000000000000000000000e+01
8.400000000000000000000000000000e+01 1.740000000000000000000000000000e+02 5.268024000000000000000000000000e+06 4.700000000000000000000000000000e+01
8.500000000000000000000000000000e+01 2.200000000000000000000000000000e+01 1.064800000000000000000000000000e+04 4.800000000000000000000000000000e+01
8.600000000000000000000000000000e+01 1.400000000000000000000000000000e+01 2.744000000000000000000000000000e+03 4.900000000000000000000000000000e+01
8.800000000000000000000000000000e+01 5.100000000000000000000000000000e+01 1.326510000000000000000000000000e+05 5.000000000000000000000000000000e+01
9.000000000000000000000000000000e+01 7.000000000000000000000000000000e+01 3.430000000000000000000000000000e+05 5.100000000000000000000000000000e+01
9.200000000000000000000000000000e+01 2.300000000000000000000000000000e+01 1.216700000000000000000000000000e+04 5.200000000000000000000000000000e+01
9.300000000000000000000000000000e+01 1.000000000000000000000000000000e+00 1.000000000000000000000000000000e+00 5.300000000000000000000000000000e+01
9.400000000000000000000000000000e+01 5.300000000000000000000000000000e+01 1.488770000000000000000000000000e+05 5.400000000000000000000000000000e+01
9.500000000000000000000000000000e+01 3.000000000000000000000000000000e+01 2.700000000000000000000000000000e+04 5.500000000000000000000000000000e+01
9.700000000000000000000000000000e+01 1.190000000000000000000000000000e+02 1.685159000000000000000000000000e+06 5.600000000000000000000000000000e+01
1.000000000000000000000000000000e+02 1.990000000000000000000000000000e+02 7.880599000000000000000000000000e+06 5.700000000000000000000000000000e+01
1.010000000000000000000000000000e+02 5.800000000000000000000000000000e+01 1.951120000000000000000000000000e+05 5.800000000000000000000000000000e+01
1.020000000000000000000000000000e+02 5.600000000000000000000000000000e+01 1.756160000000000000000000000000e+05 5.900000000000000000000000000000e+01
1.030000000000000000000000000000e+02 7.600000000000000000000000000000e+01 4.389760000000000000000000000000e+05 6.000000000000000000000000000000e+01
1.060000000000000000000000000000e+02 1.960000000000000000000000000000e+02 7.529536000000000000000000000000e+06 6.100000000000000000000000000000e+01
1.070000000000000000000000000000e+02 4.100000000000000000000000000000e+01 6.892100000000000000000000000000e+04 6.200000000000000000000000000000e+01
1.090000000000000000000000000000e+02 3.080000000000000000000000000000e+02 2.921811200000000000000000000000e+07 6.300000000000000000000000000000e+01
1.110000000000000000000000000000e+02 1.190000000000000000000000000000e+02 1.685159000000000000000000000000e+06 6.400000000000000000000000000000e+01
1.120000000000000000000000000000e+02 2.830000000000000000000000000000e+02 2.266518700000000000000000000000e+07 6.500000000000000000000000000000e+01
1.130000000000000000000000000000e+02 8.000000000000000000000000000000e+01 5.120000000000000000000000000000e+05 6.600000000000000000000000000000e+01
1.160000000000000000000000000000e+02 1.000000000000000000000000000000e+00 1.000000000000000000000000000000e+00 6.700000000000000000000000000000e+01
1.180000000000000000000000000000e+02 1.010000000000000000000000000000e+02 1.030301000000000000000000000000e+06 6.800000000000000000000000000000e+01
1.210000000000000000000000000000e+02 3.500000000000000000000000000000e+01 4.287500000000000000000000000000e+04 6.900000000000000000000000000000e+01
1.300000000000000000000000000000e+02 2.940000000000000000000000000000e+02 2.541218400000000000000000000000e+07 7.000000000000000000000000000000e+01
1.330000000000000000000000000000e+02 1.760000000000000000000000000000e+02 5.451776000000000000000000000000e+06 7.100000000000000000000000000000e+01
1.340000000000000000000000000000e+02 2.860000000000000000000000000000e+02 2.339365600000000000000000000000e+07 7.200000000000000000000000000000e+01
1.360000000000000000000000000000e+02 8.600000000000000000000000000000e+01 6.360560000000000000000000000000e+05 7.300000000000000000000000000000e+01
1.370000000000000000000000000000e+02 4.900000000000000000000000000000e+01 1.176490000000000000000000000000e+05 7.400000000000000000000000000000e+01
1.400000000000000000000000000000e+02 5.000000000000000000000000000000e+00 1.250000000000000000000000000000e+02 7.500000000000000000000000000000e+01
1.430000000000000000000000000000e+02 9.000000000000000000000000000000e+00 7.290000000000000000000000000000e+02 7.600000000000000000000000000000e+01
1.440000000000000000000000000000e+02 4.610000000000000000000000000000e+02 9.797218100000000000000000000000e+07 7.700000000000000000000000000000e+01
1.460000000000000000000000000000e+02 2.200000000000000000000000000000e+01 1.064800000000000000000000000000e+04 7.800000000000000000000000000000e+01
1.470000000000000000000000000000e+02 2.640000000000000000000000000000e+02 1.839974400000000000000000000000e+07 7.900000000000000000000000000000e+01
