0.000000000000000000000000000000e+00 1.790000000000000000000000000000e+02 5.735339000000000000000000000000e+06 0.000000000000000000000000000000e+00
1.000000000000000000000000000000e+00 5.000000000000000000000000000000e+01 1.250000000000000000000000000000e+05 1.000000000000000000000000000000e+00
5.000000000000000000000000000000e+00 8.300000000000000000000000000000e+01 5.717870000000000000000000000000e+05 2.000000000000000000000000000000e+00
7.000000000000000000000000000000e+00 2.270000000000000000000000000000e+02 1.169708300000000000000000000000e+07 3.000000000000000000000000000000e+00
8.000000000000000000000000000000e+00 1.720000000000000000000000000000e+02 5.088448000000000000000000000000e+06 4.000000000000000000000000000000e+00
9.000000000000000000000000000000e+00 1.370000000000000000000000000000e+02 2.571353000000000000000000000000e+06 5.000000000000000000000000000000e+00
1.400000000000000000000000000000e+01 2.170000000000000000000000000000e+02 1.021831300000000000000000000000e+07 6.000000000000000000000000000000e+00
1.500000000000000000000000000000e+01 1.800000000000000000000000000000e+01 5.832000000000000000000000000000e+03 7.000000000000000000000000000000e+00
1.800000000000000000000000000000e+01 4.700000000000000000000000000000e+01 1.038230000000000000000000000000e+05 8.000000000000000000000000000000e+00
2.000000000000000000000000000000e+01 9.800000000000000000000000000000e+01 9.411920000000000000000000000000e+05 9.000000000000000000000000000000e+00
2.200000000000000000000000000000e+01 1.310000000000000000000000000000e+02 2.248091000000000000000000000000e+06 1.000000000000000000000000000000e+01
2.300000000000000000000000000000e+01 1.700000000000000000000000000000e+01 4.913000000000000000000000000000e+03 1.100000000000000000000000000000e+01
2.400000000000000000000000000000e+01 1.060000000000000000000000000000e+02 1.191016000000000000000000000000e+06 1.200000000000000000000000000000e+01
2.800000000000000000000000000000e+01 1.100000000000000000000000000000e+01 1.331000000000000000000000000000e+03 1.300000000000000000000000000000e+01
3.000000000000000000000000000000e+01 4.800000000000000000000000000000e+01 1.105920000000000000000000000000e+05 1.400000000000000000000000000000e+01
3.100000000000000000000000000000e+01 3.000000000000000000000000000000e+00 2.700000000000000000000000000000e+01 1.500000000000000000000000000000e+01
3.400000000000000000000000000000e+01 4.200000000000000000000000000000e+01 7.408800000000000000000000000000e+04 1.600000000000000000000000000000e+01
3.500000000000000000000000000000e+01 5.400000000000000000000000000000e+01 1.574640000000000000000000000000e+05 1.700000000000000000000000000000e+01
3.600000000000000000000000000000e+01 9.600000000000000000000000000000e+01 8.847360000000000000000000000000e+05 1.800000000000000000000000000000e+01
3.700000000000000000000000000000e+01 5.200000000000000000000000000000e+01 1.406080000000000000000000000000e+05 1.900000000000000000000000000000e+01
3.900000000000000000000000000000e+01 3.100000000000000000000000000000e+01 2.979100000000000000000000000000e+04 2.000000000000000000000000000000e+01
4.300000000000000000000000000000e+01 1.000000000000000000000000000000e+01 1.000000000000000000000000000000e+03 2.100000000000000000000000000000e+01
4.400000000000000000000000000000e+01 6.400000000000000000000000000000e+01 2.621440000000000000000000000000e+05 2.200000000000000000000000000000e+01
4.700000000000000000000000000000e+01 1.170000000000000000000000000000e+02 1.601613000000000000000000000000e+06 2.300000000000000000000000000000e+01
4.800000000000000000000000000000e+01 3.000000000000000000000000000000e+00 2.700000000000000000000000000000e+01 2.400000000000000000000000000000e+01
4.900000000000000000000000000000e+01 4.500000000000000000000000000000e+01 9.112500000000000000000000000000e+04 2.500000000000000000000000000000e+01
5.300000000000000000000000000000e+01 9.300000000000000000000000000000e+01 8.043570000000000000000000000000e+05 2.600000000000000000000000000000e+01
5.600000000000000000000000000000e+01 1.400000000000000000000000000000e+01 2.744000000000000000000000000000e+03 2.700000000000000000000000000000e+01
5.700000000000000000000000000000e+01 6.800000000000000000000000000000e+01 3.144320000000000000000000000000e+05 2.800000000000000000000000000000e+01
5.900000000000000000000000000000e+01 2.300000000000000000000000000000e+01 1.216700000000000000000000000000e+04 2.900000000000000000000000000000e+01
6.000000000000000000000000000000e+01 1.020000000000000000000000000000e+02 1.061208000000000000000000000000e+06 3.000000000000000000000000000000e+01
6.100000000000000000000000000000e+01 7.800000000000000000000000000000e+01 4.745520000000000000000000000000e+05 3.100000000000000000000000000000e+01
6.200000000000000000000000000000e+01 2.100000000000000000000000000000e+01 9.261000000000000000000000000000e+03 3.200000000000000000000000000000e+01
6.300000000000000000000000000000e+01 4.100000000000000000000000000000e+02 6.892100000000000000000000000000e+07 3.300000000000000000000000000000e+01
6.500000000000000000000000000000e+01 8.800000000000000000000000000000e+01 6.814720000000000000000000000000e+05 3.400000000000000000000000000000e+01
6.800000000000000000000000000000e+01 8.700000000000000000000000000000e+01 6.585030000000000000000000000000e+05 3.500000000000000000000000000000e+01
6.900000000000000000000000000000e+01 5.700000000000000000000000000000e+01 1.851930000000000000000000000000e+05 3.600000000000000000000000000000e+01
7.000000000000000000000000000000e+01 1.170000000000000000000000000000e+02 1.601613000000000000000000000000e+06 3.700000000000000000000000000000e+01
7.200000000000000000000000000000e+01 9.100000000000000000000000000000e+01 7.535710000000000000000000000000e+05 3.800000000000000000000000000000e+01
7.400000000000000000000000000000e+01 8.100000000000000000000000000000e+01 5.314410000000000000000000000000e+05 3.900000000000000000000000000000e+01
7.600000000000000000000000000000e+01 1.600000000000000000000000000000e+02 4.096000000000000000000000000000e+06 4.000000000000000000000000000000e+01
7.700000000000000000000000000000e+01 2.200000000000000000000000000000e+01 1.064800000000000000000000000000e+04 4.100000000000000000000000000000e+01
7.900000000000000000000000000000e+01 2.150000000000000000000000000000e+02 9.938375000000000000000000000000e+06 4.200000000000000000000000000000e+01
8.100000000000000000000000000000e+01 2.210000000000000000000000000000e+02 1.079386100000000000000000000000e+07 4.300000000000000000000000000000e+01
8.400000000000000000000000000000e+01 9.500000000000000000000000000000e+01 8.573750000000000000000000000000e+05 4.400000000000000000000000000000e+01
8.500000000000000000000000000000e+01 2.060000000000000000000000000000e+02 8.741816000000000000000000000000e+06 4.500000000000000000000000000000e+01
8.600000000000000000000000000000e+01 6.900000000000000000000000000000e+01 3.285090000000000000000000000000e+05 4.600000000000000000000000000000e+01
8.800000000000000000000000000000e+01 5.000000000000000000000000000000e+00 1.250000000000000000000000000000e+02 4.700000000000000000000000000000e+01
8.900000000000000000000000000000e+01 3.520000000000000000000000000000e+02 4.361420800000000000000000000000e+07 4.800000000000000000000000000000e+01
9.100000000000000000000000000000e+01 4.100000000000000000000000000000e+01 6.892100000000000000000000000000e+04 4.900000000000000000000000000000e+01
9.200000000000000000000000000000e+01 5.300000000000000000000000000000e+01 1.488770000000000000000000000000e+05 5.000000000000000000000000000000e+01
9.600000000000000000000000000000e+01 3.000000000000000000000000000000e+00 2.700000000000000000000000000000e+01 5.100000000000000000000000000000e+01
9.700000000000000000000000000000e+01 5.100000000000000000000000000000e+01 1.326510000000000000000000000000e+05 5.200000000000000000000000000000e+01
9.800000000000000000000000000000e+01 1.330000000000000000000000000000e+02 2.352637000000000000000000000000e+06 5.300000000000000000000000000000e+01
9.900000000000000000000000000000e+01 4.900000000000000000000000000000e+01 1.176490000000000000000000000000e+05 5.400000000000000000000000000000e+01
1.010000000000000000000000000000e+02 5.150000000000000000000000000000e+02 1.365908750000000000000000000000e+08 5.500000000000000000000000000000e+01
1.030000000000000000000000000000e+02 1.700000000000000000000000000000e+01 4.913000000000000000000000000000e+03 5.600000000000000000000000000000e+01
1.040000000000000000000000000000e+02 5.400000000000000000000000000000e+01 1.574640000000000000000000000000e+05 5.700000000000000000000000000000e+01
1.060000000000000000000000000000e+02 8.200000000000000000000000000000e+01 5.513680000000000000000000000000e+05 5.800000000000000000000000000000e+01
1.070000000000000000000000000000e+02 4.600000000000000000000000000000e+01 9.733600000000000000000000000000e+04 5.900000000000000000000000000000e+01
1.080000000000000000000000000000e+02 4.460000000000000000000000000000e+02 8.871653600000000000000000000000e+07 6.000000000000000000000000000000e+01
1.090000000000000000000000000000e+02 1.630000000000000000000000000000e+02 4.330747000000000000000000000000e+06 6.100000000000000000000000000000e+01
1.100000000000000000000000000000e+02 7.900000000000000000000000000000e+01 4.930390000000000000000000000000e+05 6.200000000000000000000000000000e+01
1.110000000000000000000000000000e+02 1.920000000000000000000000000000e+02 7.077888000000000000000000000000e+06 6.300000000000000000000000000000e+01
1.120000000000000000000000000000e+02 8.700000000000000000000000000000e+01 6.585030000000000000000000000000e+05 6.400000000000000000000000000000e+01
1.130000000000000000000000000000e+02 5.200000000000000000000000000000e+01 1.406080000000000000000000000000e+05 6.500000000000000000000000000000e+01
1.140000000000000000000000000000e+02 3.000000000000000000000000000000e+00 2.700000000000000000000000000000e+01 6.600000000000000000000000000000e+01
1.150000000000000000000000000000e+02 2.140000000000000000000000000000e+02 9.800344000000000000000000000000e+06 6.700000000000000000000000000000e+01
1.180000000000000000000000000000e+02 4.000000000000000000000000000000e+00 6.400000000000000000000000000000e+01 6.800000000000000000000000000000e+01
1.190000000000000000000000000000e+02 6.700000000000000000000000000000e+01 3.007630000000000000000000000000e+05 6.900000000000000000000000000000e+01
1.200000000000000000000000000000e+02 1.710000000000000000000000000000e+02 5.000211000000000000000000000000e+06 7.000000000000000000000000000000e+01
1.210000000000000000000000000000e+02 3.450000000000000000000000000000e+02 4.106362500000000000000000000000e+07 7.100000000000000000000000000000e+01
1.220000000000000000000000000000e+02 1.480000000000000000000000000000e+02 3.241792000000000000000000000000e+06 7.200000000000000000000000000000e+01
1.250000000000000000000000000000e+02 1.650000000000000000000000000000e+02 4.492125000000000000000000000000e+06 7.300000000000000000000000000000e+01
1.310000000000000000000000000000e+02 2.680000000000000000000000000000e+02 1.924883200000000000000000000000e+07 7.400000000000000000000000000000e+01
1.320000000000000000000000000000e+02 2.510000000000000000000000000000e+02 1.581325100000000000000000000000e+07 7.500000000000000000000000000000e+01
1.330000000000000000000000000000e+02 5.800000000000000000000000000000e+01 1.951120000000000000000000000000e+05 7.600000000000000000000000000000e+01
1.370000000000000000000000000000e+02 6.600000000000000000000000000000e+01 2.874960000000000000000000000000e+05 7.700000000000000000000000000000e+01
1.380000000000000000000000000000e+02 4.800000000000000000000000000000e+01 1.105920000000000000000000000000e+05 7.800000000000000000000000000000e+01
1.420000000000000000000000000000e+02 1.000000000000000000000000000000e+01 1.000000000000000000000000000000e+03 7.900000000000000000000000000000e+01
1.430000000000000000000000000000e+02 1.000000000000000000000000000000e+00 1.000000000000000000000000000000e+00 8.000000000000000000000000000000e+01
1.440000000000000000000000000000e+02 7.400000000000000000000000000000e+01 4.052240000000000000000000000000e+05 8.100000000000000000000000000000e+01
1.460000000000000000000000000000e+02 2.020000000000000000000000000000e+02 8.242408000000000000000000000000e+06 8.200000000000000000000000000000e+01
1.470000000000000000000000000000e+02 5.900000000000000000000000000000e+01 2.053790000000000000000000000000e+05 8.300000000000000000000000000000e+01
1.490000000000000000000000000000e+02 3.400000000000000000000000000000e+01 3.930400000000000000000000000000e+04 8.400000000000000000000000000000e+01
