0.000000000000000000000000000000e+00 2.000000000000000000000000000000e+01 8.000000000000000000000000000000e+03 0.000000000000000000000000000000e+00
2.000000000000000000000000000000e+00 9.100000000000000000000000000000e+01 7.535710000000000000000000000000e+05 1.000000000000000000000000000000e+00
3.000000000000000000000000000000e+00 3.200000000000000000000000000000e+01 3.276800000000000000000000000000e+04 2.000000000000000000000000000000e+00
6.000000000000000000000000000000e+00 2.860000000000000000000000000000e+02 2.339365600000000000000000000000e+07 3.000000000000000000000000000000e+00
9.000000000000000000000000000000e+00 1.100000000000000000000000000000e+01 1.331000000000000000000000000000e+03 4.000000000000000000000000000000e+00
1.000000000000000000000000000000e+01 6.800000000000000000000000000000e+01 3.144320000000000000000000000000e+05 5.000000000000000000000000000000e+00
1.100000000000000000000000000000e+01 2.500000000000000000000000000000e+01 1.562500000000000000000000000000e+04 6.000000000000000000000000000000e+00
1.200000000000000000000000000000e+01 3.400000000000000000000000000000e+01 3.930400000000000000000000000000e+04 7.000000000000000000000000000000e+00
1.500000000000000000000000000000e+01 8.000000000000000000000000000000e+01 5.120000000000000000000000000000e+05 8.000000000000000000000000000000e+00
1.600000000000000000000000000000e+01 2.750000000000000000000000000000e+02 2.079687500000000000000000000000e+07 9.000000000000000000000000000000e+00
1.900000000000000000000000000000e+01 1.620000000000000000000000000000e+02 4.251528000000000000000000000000e+06 1.000000000000000000000000000000e+01
2.000000000000000000000000000000e+01 8.200000000000000000000000000000e+01 5.513680000000000000000000000000e+05 1.100000000000000000000000000000e+01
2.400000000000000000000000000000e+01 7.200000000000000000000000000000e+01 3.732480000000000000000000000000e+05 1.200000000000000000000000000000e+01
2.500000000000000000000000000000e+01 2.000000000000000000000000000000e+02 8.000000000000000000000000000000e+06 1.300000000000000000000000000000e+01
2.600000000000000000000000000000e+01 6.100000000000000000000000000000e+01 2.269810000000000000000000000000e+05 1.400000000000000000000000000000e+01
2.700000000000000000000000000000e+01 6.100000000000000000000000000000e+01 2.269810000000000000000000000000e+05 1.500000000000000000000000000000e+01
2.800000000000000000000000000000e+01 1.100000000000000000000000000000e+01 1.331000000000000000000000000000e+03 1.600000000000000000000000000000e+01
2.900000000000000000000000000000e+01 3.430000000000000000000000000000e+02 4.035360700000000000000000000000e+07 1.700000000000000000000000000000e+01
3.100000000000000000000000000000e+01 3.600000000000000000000000000000e+01 4.665600000000000000000000000000e+04 1.800000000000000000000000000000e+01
3.200000000000000000000000000000e+01 3.140000000000000000000000000000e+02 3.095914400000000000000000000000e+07 1.900000000000000000000000000000e+01
3.300000000000000000000000000000e+01 1.650000000000000000000000000000e+02 4.492125000000000000000000000000e+06 2.000000000000000000000000000000e+01
3.400000000000000000000000000000e+01 7.800000000000000000000000000000e+01 4.745520000000000000000000000000e+05 2.100000000000000000000000000000e+01
3.500000000000000000000000000000e+01 1.170000000000000000000000000000e+02 1.601613000000000000000000000000e+06 2.200000000000000000000000000000e+01
3.800000000000000000000000000000e+01 9.100000000000000000000000000000e+01 7.535710000000000000000000000000e+05 2.300000000000000000000000000000e+01
4.000000000000000000000000000000e+01 2.200000000000000000000000000000e+01 1.064800000000000000000000000000e+04 2.400000000000000000000000000000e+01
4.100000000000000000000000000000e+01 1.500000000000000000000000000000e+02 3.375000000000000000000000000000e+06 2.500000000000000000000000000000e+01
4.500000000000000000000000000000e+01 1.800000000000000000000000000000e+01 5.832000000000000000000000000000e+03 2.600000000000000000000000000000e+01
4.600000000000000000000000000000e+01 8.100000000000000000000000000000e+01 5.314410000000000000000000000000e+05 2.700000000000000000000000000000e+01
4.700000000000000000000000000000e+01 2.450000000000000000000000000000e+02 1.470612500000000000000000000000e+07 2.800000000000000000000000000000e+01
4.800000000000000000000000000000e+01 2.000000000000000000000000000000e+00 8.000000000000000000000000000000e+00 2.900000000000000000000000000000e+01
4.900000000000000000000000000000e+01 1.500000000000000000000000000000e+02 3.375000000000000000000000000000e+06 3.000000000000000000000000000000e+01
5.500000000000000000000000000000e+01 6.220000000000000000000000000000e+02 2.406418480000000000000000000000e+08 3.100000000000000000000000000000e+01
5.600000000000000000000000000000e+01 2.000000000000000000000000000000e+00 8.000000000000000000000000000000e+00 3.200000000000000000000000000000e+01
5.700000000000000000000000000000e+01 3.300000000000000000000000000000e+01 3.593700000000000000000000000000e+04 3.300000000000000000000000000000e+01
5.900000000000000000000000000000e+01 1.750000000000000000000000000000e+02 5.359375000000000000000000000000e+06 3.400000000000000000000000000000e+01
6.300000000000000000000000000000e+01 3.400000000000000000000000000000e+01 3.930400000000000000000000000000e+04 3.500000000000000000000000000000e+01
6.500000000000000000000000000000e+01 2.110000000000000000000000000000e+02 9.393931000000000000000000000000e+06 3.600000000000000000000000000000e+01
6.900000000000000000000000000000e+01 2.100000000000000000000000000000e+01 9.261000000000000000000000000000e+03 3.700000000000000000000000000000e+01
7.000000000000000000000000000000e+01 6.500000000000000000000000000000e+01 2.746250000000000000000000000000e+05 3.800000000000000000000000000000e+01
7.100000000000000000000000000000e+01 1.920000000000000000000000000000e+02 7.077888000000000000000000000000e+06 3.900000000000000000000000000000e+01
7.400000000000000000000000000000e+01 7.000000000000000000000000000000e+00 3.430000000000000000000000000000e+02 4.000000000000000000000000000000e+01
7.600000000000000000000000000000e+01 8.000000000000000000000000000000e+00 5.120000000000000000000000000000e+02 4.100000000000000000000000000000e+01
7.800000000000000000000000000000e+01 4.100000000000000000000000000000e+01 6.892100000000000000000000000000e+04 4.200000000000000000000000000000e+01
7.900000000000000000000000000000e+01 3.360000000000000000000000000000e+02 3.793305600000000000000000000000e+07 4.300000000000000000000000000000e+01
8.100000000000000000000000000000e+01 5.600000000000000000000000000000e+01 1.756160000000000000000000000000e+05 4.400000000000000000000000000000e+01
8.200000000000000000000000000000e+01 2.080000000000000000000000000000e+02 8.998912000000000000000000000000e+06 4.500000000000000000000000000000e+01
8.300000000000000000000000000000e+01 9.700000000000000000000000000000e+01 9.126730000000000000000000000000e+05 4.600000000000000000000000000000e+01
8.400000000000000000000000000000e+01 3.530000000000000000000000000000e+02 4.398697700000000000000000000000e+07 4.700000000000000000000000000000e+01
8.500000000000000000000000000000e+01 7.000000000000000000000000000000e+01 3.430000000000000000000000000000e+05 4.800000000000000000000000000000e+01
8.600000000000000000000000000000e+01 2.540000000000000000000000000000e+02 1.638706400000000000000000000000e+07 4.900000000000000000000000000000e+01
8.900000000000000000000000000000e+01 8.000000000000000000000000000000e+01 5.120000000000000000000000000000e+05 5.000000000000000000000000000000e+01
9.100000000000000000000000000000e+01 6.300000000000000000000000000000e+01 2.500470000000000000000000000000e+05 5.100000000000000000000000000000e+01
9.700000000000000000000000000000e+01 3.600000000000000000000000000000e+01 4.665600000000000000000000000000e+04 5.200000000000000000000000000000e+01
1.030000000000000000000000000000e+02 2.240000000000000000000000000000e+02 1.123942400000000000000000000000e+07 5.300000000000000000000000000000e+01
1.040000000000000000000000000000e+02 1.470000000000000000000000000000e+02 3.176523000000000000000000000000e+06 5.400000000000000000000000000000e+01
1.050000000000000000000000000000e+02 1.300000000000000000000000000000e+01 2.197000000000000000000000000000e+03 5.500000000000000000000000000000e+01
1.110000000000000000000000000000e+02 4.100000000000000000000000000000e+02 6.892100000000000000000000000000e+07 5.600000000000000000000000000000e+01
1.140000000000000000000000000000e+02 1.660000000000000000000000000000e+02 4.574296000000000000000000000000e+06 5.700000000000000000000000000000e+01
1.150000000000000000000000000000e+02 2.100000000000000000000000000000e+02 9.261000000000000000000000000000e+06 5.800000000000000000000000000000e+01
1.190000000000000000000000000000e+02 1.550000000000000000000000000000e+02 3.723875000000000000000000000000e+06 5.900000000000000000000000000000e+01
1.210000000000000000000000000000e+02 7.100000000000000000000000000000e+01 3.579110000000000000000000000000e+05 6.000000000000000000000000000000e+01
1.220000000000000000000000000000e+02 1.360000000000000000000000000000e+02 2.515456000000000000000000000000e+06 6.100000000000000000000000000000e+01
1.250000000000000000000000000000e+02 9.400000000000000000000000000000e+01 8.305840000000000000000000000000e+05 6.200000000000000000000000000000e+01
1.270000000000000000000000000000e+02 1.260000000000000000000000000000e+02 2.000376000000000000000000000000e+06 6.300000000000000000000000000000e+01
1.300000000000000000000000000000e+02 5.600000000000000000000000000000e+01 1.756160000000000000000000000000e+05 6.400000000000000000000000000000e+01
1.310000000000000000000000000000e+02 1.220000000000000000000000000000e+02 1.815848000000000000000000000000e+06 6.500000000000000000000000000000e+01
1.320000000000000000000000000000e+02 1.420000000000000000000000000000e+02 2.863288000000000000000000000000e+06 6.600000000000000000000000000000e+01
1.380000000000000000000000000000e+02 2.400000000000000000000000000000e+01 1.382400000000000000000000000000e+04 6.700000000000000000000000000000e+01
1.410000000000000000000000000000e+02 1.270000000000000000000000000000e+02 2.048383000000000000000000000000e+06 6.800000000000000000000000000000e+01
1.450000000000000000000000000000e+02 1.050000000000000000000000000000e+02 1.157625000000000000000000000000e+06 6.900000000000000000000000000000e+01
1.460000000000000000000000000000e+02 1.740000000000000000000000000000e+02 5.268024000000000000000000000000e+06 7.000000000000000000000000000000e+01
