0.000000000000000000000000000000e+00 1.800000000000000000000000000000e+01 5.832000000000000000000000000000e+03 0.000000000000000000000000000000e+00
1.000000000000000000000000000000e+00 1.090000000000000000000000000000e+02 1.295029000000000000000000000000e+06 1.000000000000000000000000000000e+00
2.000000000000000000000000000000e+00 4.300000000000000000000000000000e+01 7.950700000000000000000000000000e+04 2.000000000000000000000000000000e+00
3.000000000000000000000000000000e+00 7.000000000000000000000000000000e+00 3.430000000000000000000000000000e+02 3.000000000000000000000000000000e+00
1.000000000000000000000000000000e+01 3.500000000000000000000000000000e+01 4.287500000000000000000000000000e+04 4.000000000000000000000000000000e+00
1.200000000000000000000000000000e+01 2.490000000000000000000000000000e+02 1.543824900000000000000000000000e+07 5.000000000000000000000000000000e+00
1.600000000000000000000000000000e+01 1.500000000000000000000000000000e+02 3.375000000000000000000000000000e+06 6.000000000000000000000000000000e+00
2.100000000000000000000000000000e+01 2.770000000000000000000000000000e+02 2.125393300000000000000000000000e+07 7.000000000000000000000000000000e+00
2.200000000000000000000000000000e+01 4.500000000000000000000000000000e+01 9.112500000000000000000000000000e+04 8.000000000000000000000000000000e+00
2.300000000000000000000000000000e+01 1.770000000000000000000000000000e+02 5.545233000000000000000000000000e+06 9.000000000000000000000000000000e+00
2.400000000000000000000000000000e+01 1.500000000000000000000000000000e+01 3.375000000000000000000000000000e+03 1.000000000000000000000000000000e+01
2.700000000000000000000000000000e+01 1.990000000000000000000000000000e+02 7.880599000000000000000000000000e+06 1.100000000000000000000000000000e+01
2.800000000000000000000000000000e+01 2.700000000000000000000000000000e+01 1.968300000000000000000000000000e+04 1.200000000000000000000000000000e+01
3.000000000000000000000000000000e+01 1.110000000000000000000000000000e+02 1.367631000000000000000000000000e+06 1.300000000000000000000000000000e+01
3.100000000000000000000000000000e+01 2.590000000000000000000000000000e+02 1.737397900000000000000000000000e+07 1.400000000000000000000000000000e+01
3.400000000000000000000000000000e+01 1.490000000000000000000000000000e+02 3.307949000000000000000000000000e+06 1.500000000000000000000000000000e+01
3.600000000000000000000000000000e+01 1.780000000000000000000000000000e+02 5.639752000000000000000000000000e+06 1.600000000000000000000000000000e+01
3.800000000000000000000000000000e+01 3.800000000000000000000000000000e+01 5.487200000000000000000000000000e+04 1.700000000000000000000000000000e+01
4.100000000000000000000000000000e+01 4.400000000000000000000000000000e+01 8.518400000000000000000000000000e+04 1.800000000000000000000000000000e+01
4.500000000000000000000000000000e+01 3.310000000000000000000000000000e+02 3.626469100000000000000000000000e+07 1.900000000000000000000000000000e+01
4.600000000000000000000000000000e+01 7.900000000000000000000000000000e+01 4.930390000000000000000000000000e+05 2.000000000000000000000000000000e+01
4.900000000000000000000000000000e+01 2.350000000000000000000000000000e+02 1.297787500000000000000000000000e+07 2.100000000000000000000000000000e+01
5.000000000000000000000000000000e+01 8.700000000000000000000000000000e+01 6.585030000000000000000000000000e+05 2.200000000000000000000000000000e+01
5.100000000000000000000000000000e+01 4.430000000000000000000000000000e+02 8.693830700000000000000000000000e+07 2.300000000000000000000000000000e+01
5.200000000000000000000000000000e+01 1.050000000000000000000000000000e+02 1.157625000000000000000000000000e+06 2.400000000000000000000000000000e+01
5.400000000000000000000000000000e+01 6.000000000000000000000000000000e+00 2.160000000000000000000000000000e+02 2.500000000000000000000000000000e+01
5.700000000000000000000000000000e+01 5.000000000000000000000000000000e+01 1.250000000000000000000000000000e+05 2.600000000000000000000000000000e+01
6.200000000000000000000000000000e+01 1.430000000000000000000000000000e+02 2.924207000000000000000000000000e+06 2.700000000000000000000000000000e+01
6.400000000000000000000000000000e+01 2.750000000000000000000000000000e+02 2.079687500000000000000000000000e+07 2.800000000000000000000000000000e+01
6.500000000000000000000000000000e+01 6.600000000000000000000000000000e+01 2.874960000000000000000000000000e+05 2.900000000000000000000000000000e+01
6.600000000000000000000000000000e+01 8.400000000000000000000000000000e+01 5.927040000000000000000000000000e+05 3.000000000000000000000000000000e+01
7.000000000000000000000000000000e+01 4.700000000000000000000000000000e+01 1.038230000000000000000000000000e+05 3.100000000000000000000000000000e+01
7.100000000000000000000000000000e+01 3.600000000000000000000000000000e+01 4.665600000000000000000000000000e+04 3.200000000000000000000000000000e+01
7.200000000000000000000000000000e+01 1.040000000000000000000000000000e+02 1.124864000000000000000000000000e+06 3.300000000000000000000000000000e+01
7.300000000000000000000000000000e+01 1.450000000000000000000000000000e+02 3.048625000000000000000000000000e+06 3.400000000000000000000000000000e+01
7.600000000000000000000000000000e+01 2.440000000000000000000000000000e+02 1.452678400000000000000000000000e+07 3.500000000000000000000000000000e+01
7.900000000000000000000000000000e+01 3.440000000000000000000000000000e+02 4.070758400000000000000000000000e+07 3.600000000000000000000000000000e+01
8.100000000000000000000000000000e+01 3.700000000000000000000000000000e+01 5.065300000000000000000000000000e+04 3.700000000000000000000000000000e+01
8.200000000000000000000000000000e+01 9.500000000000000000000000000000e+01 8.573750000000000000000000000000e+05 3.800000000000000000000000000000e+01
8.300000000000000000000000000000e+01 2.900000000000000000000000000000e+01 2.438900000000000000000000000000e+04 3.900000000000000000000000000000e+01
8.400000000000000000000000000000e+01 4.900000000000000000000000000000e+01 1.176490000000000000000000000000e+05 4.000000000000000000000000000000e+01
8.500000000000000000000000000000e+01 1.800000000000000000000000000000e+01 5.832000000000000000000000000000e+03 4.100000000000000000000000000000e+01
8.600000000000000000000000000000e+01 2.800000000000000000000000000000e+01 2.195200000000000000000000000000e+04 4.200000000000000000000000000000e+01
8.700000000000000000000000000000e+01 6.200000000000000000000000000000e+01 2.383280000000000000000000000000e+05 4.300000000000000000000000000000e+01
8.900000000000000000000000000000e+01 3.700000000000000000000000000000e+01 5.065300000000000000000000000000e+04 4.400000000000000000000000000000e+01
9.100000000000000000000000000000e+01 1.060000000000000000000000000000e+02 1.191016000000000000000000000000e+06 4.500000000000000000000000000000e+01
9.500000000000000000000000000000e+01 4.400000000000000000000000000000e+01 8.518400000000000000000000000000e+04 4.600000000000000000000000000000e+01
9.700000000000000000000000000000e+01 2.000000000000000000000000000000e+01 8.000000000000000000000000000000e+03 4.700000000000000000000000000000e+01
9.800000000000000000000000000000e+01 1.900000000000000000000000000000e+01 6.859000000000000000000000000000e+03 4.800000000000000000000000000000e+01
1.000000000000000000000000000000e+02 2.700000000000000000000000000000e+01 1.968300000000000000000000000000e+04 4.900000000000000000000000000000e+01
1.020000000000000000000000000000e+02 6.000000000000000000000000000000e+00 2.160000000000000000000000000000e+02 5.000000000000000000000000000000e+01
1.070000000000000000000000000000e+02 8.100000000000000000000000000000e+01 5.314410000000000000000000000000e+05 5.100000000000000000000000000000e+01
1.150000000000000000000000000000e+02 1.300000000000000000000000000000e+02 2.197000000000000000000000000000e+06 5.200000000000000000000000000000e+01
1.160000000000000000000000000000e+02 2.700000000000000000000000000000e+01 1.968300000000000000000000000000e+04 5.300000000000000000000000000000e+01
1.190000000000000000000000000000e+02 5.700000000000000000000000000000e+01 1.851930000000000000000000000000e+05 5.400000000000000000000000000000e+01
1.200000000000000000000000000000e+02 1.190000000000000000000000000000e+02 1.685159000000000000000000000000e+06 5.500000000000000000000000000000e+01
1.210000000000000000000000000000e+02 6.000000000000000000000000000000e+00 2.160000000000000000000000000000e+02 5.600000000000000000000000000000e+01
1.230000000000000000000000000000e+02 9.000000000000000000000000000000e+01 7.290000000000000000000000000000e+05 5.700000000000000000000000000000e+01
1.260000000000000000000000000000e+02 4.400000000000000000000000000000e+01 8.518400000000000000000000000000e+04 5.800000000000000000000000000000e+01
1.280000000000000000000000000000e+02 3.730000000000000000000000000000e+02 5.189511700000000000000000000000e+07 5.900000000000000000000000000000e+01
1.310000000000000000000000000000e+02 2.100000000000000000000000000000e+01 9.261000000000000000000000000000e+03 6.000000000000000000000000000000e+01
1.320000000000000000000000000000e+02 8.300000000000000000000000000000e+01 5.717870000000000000000000000000e+05 6.100000000000000000000000000000e+01
1.330000000000000000000000000000e+02 2.170000000000000000000000000000e+02 1.021831300000000000000000000000e+07 6.200000000000000000000000000000e+01
1.380000000000000000000000000000e+02 8.900000000000000000000000000000e+01 7.049690000000000000000000000000e+05 6.300000000000000000000000000000e+01
1.420000000000000000000000000000e+02 4.000000000000000000000000000000e+00 6.400000000000000000000000000000e+01 6.400000000000000000000000000000e+01
1.430000000000000000000000000000e+02 6.700000000000000000000000000000e+01 3.007630000000000000000000000000e+05 6.500000000000000000000000000000e+01
1.460000000000000000000000000000e+02 6.900000000000000000000000000000e+01 3.285090000000000000000000000000e+05 6.600000000000000000000000000000e+01
1.470000000000000000000000000000e+02 3.800000000000000000000000000000e+01 5.487200000000000000000000000000e+04 6.700000000000000000000000000000e+01
