0.000000000000000000000000000000e+00 3.000000000000000000000000000000e+00 2.700000000000000000000000000000e+01 0.000000000000000000000000000000e+00
1.000000000000000000000000000000e+00 2.400000000000000000000000000000e+01 1.382400000000000000000000000000e+04 1.000000000000000000000000000000e+00
4.000000000000000000000000000000e+00 1.340000000000000000000000000000e+02 2.406104000000000000000000000000e+06 2.000000000000000000000000000000e+00
7.000000000000000000000000000000e+00 8.000000000000000000000000000000e+01 5.120000000000000000000000000000e+05 3.000000000000000000000000000000e+00
1.000000000000000000000000000000e+01 5.600000000000000000000000000000e+01 1.756160000000000000000000000000e+05 4.000000000000000000000000000000e+00
1.200000000000000000000000000000e+01 1.580000000000000000000000000000e+02 3.944312000000000000000000000000e+06 5.000000000000000000000000000000e+00
1.500000000000000000000000000000e+01 2.270000000000000000000000000000e+02 1.169708300000000000000000000000e+07 6.000000000000000000000000000000e+00
2.300000000000000000000000000000e+01 1.400000000000000000000000000000e+01 2.744000000000000000000000000000e+03 7.000000000000000000000000000000e+00
2.500000000000000000000000000000e+01 1.010000000000000000000000000000e+02 1.030301000000000000000000000000e+06 8.000000000000000000000000000000e+00
2.600000000000000000000000000000e+01 1.360000000000000000000000000000e+02 2.515456000000000000000000000000e+06 9.000000000000000000000000000000e+00
2.700000000000000000000000000000e+01 6.400000000000000000000000000000e+01 2.621440000000000000000000000000e+05 1.000000000000000000000000000000e+01
3.000000000000000000000000000000e+01 1.530000000000000000000000000000e+02 3.581577000000000000000000000000e+06 1.100000000000000000000000000000e+01
3.500000000000000000000000000000e+01 1.700000000000000000000000000000e+01 4.913000000000000000000000000000e+03 1.200000000000000000000000000000e+01
3.700000000000000000000000000000e+01 1.620000000000000000000000000000e+02 4.251528000000000000000000000000e+06 1.300000000000000000000000000000e+01
3.800000000000000000000000000000e+01 1.860000000000000000000000000000e+02 6.434856000000000000000000000000e+06 1.400000000000000000000000000000e+01
4.100000000000000000000000000000e+01 3.900000000000000000000000000000e+01 5.931900000000000000000000000000e+04 1.500000000000000000000000000000e+01
4.200000000000000000000000000000e+01 1.760000000000000000000000000000e+02 5.451776000000000000000000000000e+06 1.600000000000000000000000000000e+01
4.500000000000000000000000000000e+01 5.900000000000000000000000000000e+01 2.053790000000000000000000000000e+05 1.700000000000000000000000000000e+01
4.600000000000000000000000000000e+01 1.580000000000000000000000000000e+02 3.944312000000000000000000000000e+06 1.800000000000000000000000000000e+01
4.700000000000000000000000000000e+01 1.100000000000000000000000000000e+01 1.331000000000000000000000000000e+03 1.900000000000000000000000000000e+01
4.800000000000000000000000000000e+01 6.200000000000000000000000000000e+01 2.383280000000000000000000000000e+05 2.000000000000000000000000000000e+01
5.300000000000000000000000000000e+01 2.600000000000000000000000000000e+01 1.757600000000000000000000000000e+04 2.100000000000000000000000000000e+01
5.400000000000000000000000000000e+01 3.900000000000000000000000000000e+01 5.931900000000000000000000000000e+04 2.200000000000000000000000000000e+01
5.600000000000000000000000000000e+01 4.200000000000000000000000000000e+01 7.408800000000000000000000000000e+04 2.300000000000000000000000000000e+01
5.800000000000000000000000000000e+01 3.200000000000000000000000000000e+01 3.276800000000000000000000000000e+04 2.400000000000000000000000000000e+01
6.000000000000000000000000000000e+01 1.440000000000000000000000000000e+02 2.985984000000000000000000000000e+06 2.500000000000000000000000000000e+01
6.100000000000000000000000000000e+01 2.010000000000000000000000000000e+02 8.120601000000000000000000000000e+06 2.600000000000000000000000000000e+01
6.500000000000000000000000000000e+01 2.150000000000000000000000000000e+02 9.938375000000000000000000000000e+06 2.700000000000000000000000000000e+01
6.700000000000000000000000000000e+01 9.500000000000000000000000000000e+01 8.573750000000000000000000000000e+05 2.800000000000000000000000000000e+01
6.800000000000000000000000000000e+01 6.300000000000000000000000000000e+01 2.500470000000000000000000000000e+05 2.900000000000000000000000000000e+01
6.900000000000000000000000000000e+01 8.200000000000000000000000000000e+01 5.513680000000000000000000000000e+05 3.000000000000000000000000000000e+01
7.100000000000000000000000000000e+01 1.800000000000000000000000000000e+02 5.832000000000000000000000000000e+06 3.100000000000000000000000000000e+01
7.200000000000000000000000000000e+01 2.600000000000000000000000000000e+01 1.757600000000000000000000000000e+04 3.200000000000000000000000000000e+01
7.400000000000000000000000000000e+01 5.500000000000000000000000000000e+01 1.663750000000000000000000000000e+05 3.300000000000000000000000000000e+01
7.500000000000000000000000000000e+01 2.000000000000000000000000000000e+01 8.000000000000000000000000000000e+03 3.400000000000000000000000000000e+01
7.600000000000000000000000000000e+01 8.400000000000000000000000000000e+01 5.927040000000000000000000000000e+05 3.500000000000000000000000000000e+01
7.700000000000000000000000000000e+01 3.300000000000000000000000000000e+01 3.593700000000000000000000000000e+04 3.600000000000000000000000000000e+01
7.900000000000000000000000000000e+01 1.400000000000000000000000000000e+01 2.744000000000000000000000000000e+03 3.700000000000000000000000000000e+01
8.100000000000000000000000000000e+01 1.080000000000000000000000000000e+02 1.259712000000000000000000000000e+06 3.800000000000000000000000000000e+01
8.300000000000000000000000000000e+01 1.910000000000000000000000000000e+02 6.967871000000000000000000000000e+06 3.900000000000000000000000000000e+01
8.500000000000000000000000000000e+01 1.200000000000000000000000000000e+01 1.728000000000000000000000000000e+03 4.000000000000000000000000000000e+01
8.600000000000000000000000000000e+01 7.000000000000000000000000000000e+01 3.430000000000000000000000000000e+05 4.100000000000000000000000000000e+01
8.700000000000000000000000000000e+01 8.300000000000000000000000000000e+01 5.717870000000000000000000000000e+05 4.200000000000000000000000000000e+01
9.100000000000000000000000000000e+01 1.810000000000000000000000000000e+02 5.929741000000000000000000000000e+06 4.300000000000000000000000000000e+01
9.200000000000000000000000000000e+01 3.000000000000000000000000000000e+01 2.700000000000000000000000000000e+04 4.400000000000000000000000000000e+01
9.300000000000000000000000000000e+01 3.000000000000000000000000000000e+01 2.700000000000000000000000000000e+04 4.500000000000000000000000000000e+01
9.500000000000000000000000000000e+01 1.300000000000000000000000000000e+01 2.197000000000000000000000000000e+03 4.600000000000000000000000000000e+01
9.600000000000000000000000000000e+01 8.000000000000000000000000000000e+00 5.120000000000000000000000000000e+02 4.700000000000000000000000000000e+01
9.900000000000000000000000000000e+01 1.150000000000000000000000000000e+02 1.520875000000000000000000000000e+06 4.800000000000000000000000000000e+01
1.000000000000000000000000000000e+02 2.460000000000000000000000000000e+02 1.488693600000000000000000000000e+07 4.900000000000000000000000000000e+01
1.010000000000000000000000000000e+02 1.030000000000000000000000000000e+02 1.092727000000000000000000000000e+06 5.000000000000000000000000000000e+01
1.020000000000000000000000000000e+02 3.700000000000000000000000000000e+01 5.065300000000000000000000000000e+04 5.100000000000000000000000000000e+01
1.040000000000000000000000000000e+02 2.360000000000000000000000000000e+02 1.314425600000000000000000000000e+07 5.200000000000000000000000000000e+01
1.050000000000000000000000000000e+02 2.100000000000000000000000000000e+01 9.261000000000000000000000000000e+03 5.300000000000000000000000000000e+01
1.060000000000000000000000000000e+02 1.010000000000000000000000000000e+02 1.030301000000000000000000000000e+06 5.400000000000000000000000000000e+01
1.070000000000000000000000000000e+02 4.800000000000000000000000000000e+01 1.105920000000000000000000000000e+05 5.500000000000000000000000000000e+01
1.090000000000000000000000000000e+02 3.410000000000000000000000000000e+02 3.965182100000000000000000000000e+07 5.600000000000000000000000000000e+01
1.100000000000000000000000000000e+02 1.150000000000000000000000000000e+02 1.520875000000000000000000000000e+06 5.700000000000000000000000000000e+01
1.130000000000000000000000000000e+02 9.800000000000000000000000000000e+01 9.411920000000000000000000000000e+05 5.800000000000000000000000000000e+01
1.150000000000000000000000000000e+02 1.210000000000000000000000000000e+02 1.771561000000000000000000000000e+06 5.900000000000000000000000000000e+01
1.180000000000000000000000000000e+02 7.900000000000000000000000000000e+01 4.930390000000000000000000000000e+05 6.000000000000000000000000000000e+01
1.210000000000000000000000000000e+02 1.540000000000000000000000000000e+02 3.652264000000000000000000000000e+06 6.100000000000000000000000000000e+01
1.220000000000000000000000000000e+02 6.900000000000000000000000000000e+01 3.285090000000000000000000000000e+05 6.200000000000000000000000000000e+01
1.240000000000000000000000000000e+02 9.000000000000000000000000000000e+00 7.290000000000000000000000000000e+02 6.300000000000000000000000000000e+01
1.270000000000000000000000000000e+02 8.000000000000000000000000000000e+00 5.120000000000000000000000000000e+02 6.400000000000000000000000000000e+01
1.290000000000000000000000000000e+02 4.900000000000000000000000000000e+01 1.176490000000000000000000000000e+05 6.500000000000000000000000000000e+01
1.300000000000000000000000000000e+02 4.010000000000000000000000000000e+02 6.448120100000000000000000000000e+07 6.600000000000000000000000000000e+01
1.320000000000000000000000000000e+02 5.000000000000000000000000000000e+01 1.250000000000000000000000000000e+05 6.700000000000000000000000000000e+01
1.330000000000000000000000000000e+02 9.300000000000000000000000000000e+01 8.043570000000000000000000000000e+05 6.800000000000000000000000000000e+01
1.350000000000000000000000000000e+02 4.000000000000000000000000000000e+01 6.400000000000000000000000000000e+04 6.900000000000000000000000000000e+01
1.360000000000000000000000000000e+02 2.800000000000000000000000000000e+01 2.195200000000000000000000000000e+04 7.000000000000000000000000000000e+01
1.370000000000000000000000000000e+02 1.070000000000000000000000000000e+02 1.225043000000000000000000000000e+06 7.100000000000000000000000000000e+01
1.400000000000000000000000000000e+02 3.000000000000000000000000000000e+00 2.700000000000000000000000000000e+01 7.200000000000000000000000000000e+01
1.480000000000000000000000000000e+02 5.900000000000000000000000000000e+01 2.053790000000000000000000000000e+05 7.300000000000000000000000000000e+01
1.490000000000000000000000000000e+02 6.500000000000000000000000000000e+01 2.746250000000000000000000000000e+05 7.400000000000000000000000000000e+01
