0.000000000000000000000000000000e+00 1.220000000000000000000000000000e+02 1.815848000000000000000000000000e+06 0.000000000000000000000000000000e+00
6.000000000000000000000000000000e+00 1.530000000000000000000000000000e+02 3.581577000000000000000000000000e+06 1.000000000000000000000000000000e+00
7.000000000000000000000000000000e+00 1.460000000000000000000000000000e+02 3.112136000000000000000000000000e+06 2.000000000000000000000000000000e+00
9.000000000000000000000000000000e+00 7.300000000000000000000000000000e+01 3.890170000000000000000000000000e+05 3.000000000000000000000000000000e+00
1.000000000000000000000000000000e+01 1.460000000000000000000000000000e+02 3.112136000000000000000000000000e+06 4.000000000000000000000000000000e+00
1.100000000000000000000000000000e+01 1.000000000000000000000000000000e+02 1.000000000000000000000000000000e+06 5.000000000000000000000000000000e+00
1.200000000000000000000000000000e+01 1.580000000000000000000000000000e+02 3.944312000000000000000000000000e+06 6.000000000000000000000000000000e+00
1.400000000000000000000000000000e+01 7.800000000000000000000000000000e+01 4.745520000000000000000000000000e+05 7.000000000000000000000000000000e+00
1.500000000000000000000000000000e+01 2.200000000000000000000000000000e+01 1.064800000000000000000000000000e+04 8.000000000000000000000000000000e+00
1.700000000000000000000000000000e+01 1.380000000000000000000000000000e+02 2.628072000000000000000000000000e+06 9.000000000000000000000000000000e+00
1.800000000000000000000000000000e+01 5.000000000000000000000000000000e+01 1.250000000000000000000000000000e+05 1.000000000000000000000000000000e+01
1.900000000000000000000000000000e+01 1.770000000000000000000000000000e+02 5.545233000000000000000000000000e+06 1.100000000000000000000000000000e+01
2.500000000000000000000000000000e+01 2.900000000000000000000000000000e+01 2.438900000000000000000000000000e+04 1.200000000000000000000000000000e+01
2.700000000000000000000000000000e+01 1.240000000000000000000000000000e+02 1.906624000000000000000000000000e+06 1.300000000000000000000000000000e+01
2.800000000000000000000000000000e+01 2.550000000000000000000000000000e+02 1.658137500000000000000000000000e+07 1.400000000000000000000000000000e+01
3.100000000000000000000000000000e+01 3.400000000000000000000000000000e+01 3.930400000000000000000000000000e+04 1.500000000000000000000000000000e+01
3.200000000000000000000000000000e+01 8.000000000000000000000000000000e+00 5.120000000000000000000000000000e+02 1.600000000000000000000000000000e+01
3.300000000000000000000000000000e+01 1.790000000000000000000000000000e+02 5.735339000000000000000000000000e+06 1.700000000000000000000000000000e+01
3.400000000000000000000000000000e+01 3.600000000000000000000000000000e+01 4.665600000000000000000000000000e+04 1.800000000000000000000000000000e+01
3.500000000000000000000000000000e+01 6.000000000000000000000000000000e+01 2.160000000000000000000000000000e+05 1.900000000000000000000000000000e+01
3.700000000000000000000000000000e+01 8.300000000000000000000000000000e+01 5.717870000000000000000000000000e+05 2.000000000000000000000000000000e+01
3.800000000000000000000000000000e+01 9.600000000000000000000000000000e+01 8.847360000000000000000000000000e+05 2.100000000000000000000000000000e+01
3.900000000000000000000000000000e+01 1.090000000000000000000000000000e+02 1.295029000000000000000000000000e+06 2.200000000000000000000000000000e+01
4.200000000000000000000000000000e+01 2.680000000000000000000000000000e+02 1.924883200000000000000000000000e+07 2.300000000000000000000000000000e+01
4.300000000000000000000000000000e+01 2.300000000000000000000000000000e+01 1.216700000000000000000000000000e+04 2.400000000000000000000000000000e+01
4.500000000000000000000000000000e+01 2.060000000000000000000000000000e+02 8.741816000000000000000000000000e+06 2.500000000000000000000000000000e+01
4.700000000000000000000000000000e+01 3.800000000000000000000000000000e+01 5.487200000000000000000000000000e+04 2.600000000000000000000000000000e+01
5.300000000000000000000000000000e+01 7.100000000000000000000000000000e+01 3.579110000000000000000000000000e+05 2.700000000000000000000000000000e+01
5.400000000000000000000000000000e+01 9.200000000000000000000000000000e+01 7.786880000000000000000000000000e+05 2.800000000000000000000000000000e+01
5.500000000000000000000000000000e+01 1.780000000000000000000000000000e+02 5.639752000000000000000000000000e+06 2.900000000000000000000000000000e+01
5.700000000000000000000000000000e+01 9.500000000000000000000000000000e+01 8.573750000000000000000000000000e+05 3.000000000000000000000000000000e+01
5.800000000000000000000000000000e+01 3.000000000000000000000000000000e+00 2.700000000000000000000000000000e+01 3.100000000000000000000000000000e+01
6.000000000000000000000000000000e+01 5.100000000000000000000000000000e+01 1.326510000000000000000000000000e+05 3.200000000000000000000000000000e+01
6.200000000000000000000000000000e+01 2.000000000000000000000000000000e+01 8.000000000000000000000000000000e+03 3.300000000000000000000000000000e+01
6.300000000000000000000000000000e+01 1.010000000000000000000000000000e+02 1.030301000000000000000000000000e+06 3.400000000000000000000000000000e+01
6.500000000000000000000000000000e+01 4.900000000000000000000000000000e+01 1.176490000000000000000000000000e+05 3.500000000000000000000000000000e+01
6.600000000000000000000000000000e+01 1.490000000000000000000000000000e+02 3.307949000000000000000000000000e+06 3.600000000000000000000000000000e+01
6.700000000000000000000000000000e+01 1.900000000000000000000000000000e+02 6.859000000000000000000000000000e+06 3.700000000000000000000000000000e+01
6.800000000000000000000000000000e+01 1.200000000000000000000000000000e+02 1.728000000000000000000000000000e+06 3.800000000000000000000000000000e+01
7.100000000000000000000000000000e+01 3.800000000000000000000000000000e+01 5.487200000000000000000000000000e+04 3.900000000000000000000000000000e+01
7.300000000000000000000000000000e+01 3.300000000000000000000000000000e+01 3.593700000000000000000000000000e+04 4.000000000000000000000000000000e+01
7.500000000000000000000000000000e+01 3.700000000000000000000000000000e+01 5.065300000000000000000000000000e+04 4.100000000000000000000000000000e+01
7.600000000000000000000000000000e+01 6.400000000000000000000000000000e+01 2.621440000000000000000000000000e+05 4.200000000000000000000000000000e+01
7.700000000000000000000000000000e+01 1.800000000000000000000000000000e+02 5.832000000000000000000000000000e+06 4.300000000000000000000000000000e+01
7.800000000000000000000000000000e+01 8.600000000000000000000000000000e+01 6.360560000000000000000000000000e+05 4.400000000000000000000000000000e+01
7.900000000000000000000000000000e+01 6.000000000000000000000000000000e+01 2.160000000000000000000000000000e+05 4.500000000000000000000000000000e+01
8.300000000000000000000000000000e+01 3.100000000000000000000000000000e+01 2.979100000000000000000000000000e+04 4.600000000000000000000000000000e+01
8.400000000000000000000000000000e+01 1.800000000000000000000000000000e+01 5.832000000000000000000000000000e+03 4.700000000000000000000000000000e+01
8.600000000000000000000000000000e+01 3.900000000000000000000000000000e+01 5.931900000000000000000000000000e+04 4.800000000000000000000000000000e+01
8.800000000000000000000000000000e+01 5.200000000000000000000000000000e+01 1.406080000000000000000000000000e+05 4.900000000000000000000000000000e+01
8.900000000000000000000000000000e+01 2.300000000000000000000000000000e+01 1.216700000000000000000000000000e+04 5.000000000000000000000000000000e+01
9.000000000000000000000000000000e+01 5.400000000000000000000000000000e+01 1.574640000000000000000000000000e+05 5.100000000000000000000000000000e+01
9.200000000000000000000000000000e+01 3.300000000000000000000000000000e+01 3.593700000000000000000000000000e+04 5.200000000000000000000000000000e+01
9.300000000000000000000000000000e+01 6.700000000000000000000000000000e+01 3.007630000000000000000000000000e+05 5.300000000000000000000000000000e+01
9.600000000000000000000000000000e+01 2.200000000000000000000000000000e+01 1.064800000000000000000000000000e+04 5.400000000000000000000000000000e+01
9.800000000000000000000000000000e+01 4.800000000000000000000000000000e+01 1.105920000000000000000000000000e+05 5.500000000000000000000000000000e+01
1.010000000000000000000000000000e+02 9.500000000000000000000000000000e+01 8.573750000000000000000000000000e+05 5.600000000000000000000000000000e+01
1.040000000000000000000000000000e+02 1.400000000000000000000000000000e+02 2.744000000000000000000000000000e+06 5.700000000000000000000000000000e+01
1.080000000000000000000000000000e+02 3.700000000000000000000000000000e+01 5.065300000000000000000000000000e+04 5.800000000000000000000000000000e+01
1.090000000000000000000000000000e+02 9.100000000000000000000000000000e+01 7.535710000000000000000000000000e+05 5.900000000000000000000000000000e+01
1.160000000000000000000000000000e+02 9.000000000000000000000000000000e+00 7.290000000000000000000000000000e+02 6.000000000000000000000000000000e+01
1.170000000000000000000000000000e+02 5.000000000000000000000000000000e+01 1.250000000000000000000000000000e+05 6.100000000000000000000000000000e+01
1.190000000000000000000000000000e+02 6.000000000000000000000000000000e+00 2.160000000000000000000000000000e+02 6.200000000000000000000000000000e+01
1.210000000000000000000000000000e+02 5.300000000000000000000000000000e+01 1.488770000000000000000000000000e+05 6.300000000000000000000000000000e+01
1.230000000000000000000000000000e+02 2.220000000000000000000000000000e+02 1.094104800000000000000000000000e+07 6.400000000000000000000000000000e+01
1.250000000000000000000000000000e+02 3.000000000000000000000000000000e+01 2.700000000000000000000000000000e+04 6.500000000000000000000000000000e+01
1.260000000000000000000000000000e+02 2.970000000000000000000000000000e+02 2.619807300000000000000000000000e+07 6.600000000000000000000000000000e+01
1.320000000000000000000000000000e+02 8.800000000000000000000000000000e+01 6.814720000000000000000000000000e+05 6.700000000000000000000000000000e+01
1.330000000000000000000000000000e+02 1.110000000000000000000000000000e+02 1.367631000000000000000000000000e+06 6.800000000000000000000000000000e+01
1.340000000000000000000000000000e+02 6.700000000000000000000000000000e+01 3.007630000000000000000000000000e+05 6.900000000000000000000000000000e+01
1.350000000000000000000000000000e+02 1.070000000000000000000000000000e+02 1.225043000000000000000000000000e+06 7.000000000000000000000000000000e+01
1.380000000000000000000000000000e+02 3.600000000000000000000000000000e+01 4.665600000000000000000000000000e+04 7.100000000000000000000000000000e+01
1.400000000000000000000000000000e+02 1.770000000000000000000000000000e+02 5.545233000000000000000000000000e+06 7.200000000000000000000000000000e+01
1.440000000000000000000000000000e+02 1.200000000000000000000000000000e+01 1.728000000000000000000000000000e+03 7.300000000000000000000000000000e+01
1.460000000000000000000000000000e+02 3.320000000000000000000000000000e+02 3.659436800000000000000000000000e+07 7.400000000000000000000000000000e+01
1.470000000000000000000000000000e+02 7.900000000000000000000000000000e+01 4.930390000000000000000000000000e+05 7.500000000000000000000000000000e+01
1.490000000000000000000000000000e+02 1.720000000000000000000000000000e+02 5.088448000000000000000000000000e+06 7.600000000000000000000000000000e+01
