3.000000000000000000000000000000e+00 9.400000000000000000000000000000e+01 8.305840000000000000000000000000e+05 0.000000000000000000000000000000e+00
4.000000000000000000000000000000e+00 3.000000000000000000000000000000e+01 2.700000000000000000000000000000e+04 1.000000000000000000000000000000e+00
6.000000000000000000000000000000e+00 3.500000000000000000000000000000e+01 4.287500000000000000000000000000e+04 2.000000000000000000000000000000e+00
9.000000000000000000000000000000e+00 6.100000000000000000000000000000e+01 2.269810000000000000000000000000e+05 3.000000000000000000000000000000e+00
1.000000000000000000000000000000e+01 1.400000000000000000000000000000e+01 2.744000000000000000000000000000e+03 4.000000000000000000000000000000e+00
1.200000000000000000000000000000e+01 6.500000000000000000000000000000e+01 2.746250000000000000000000000000e+05 5.000000000000000000000000000000e+00
1.400000000000000000000000000000e+01 1.130000000000000000000000000000e+02 1.442897000000000000000000000000e+06 6.000000000000000000000000000000e+00
1.600000000000000000000000000000e+01 8.200000000000000000000000000000e+01 5.513680000000000000000000000000e+05 7.000000000000000000000000000000e+00
1.700000000000000000000000000000e+01 1.200000000000000000000000000000e+01 1.728000000000000000000000000000e+03 8.000000000000000000000000000000e+00
1.900000000000000000000000000000e+01 2.900000000000000000000000000000e+01 2.438900000000000000000000000000e+04 9.000000000000000000000000000000e+00
2.100000000000000000000000000000e+01 2.160000000000000000000000000000e+02 1.007769600000000000000000000000e+07 1.000000000000000000000000000000e+01
2.400000000000000000000000000000e+01 1.200000000000000000000000000000e+01 1.728000000000000000000000000000e+03 1.100000000000000000000000000000e+01
2.500000000000000000000000000000e+01 8.000000000000000000000000000000e+00 5.120000000000000000000000000000e+02 1.200000000000000000000000000000e+01
2.600000000000000000000000000000e+01 5.300000000000000000000000000000e+01 1.488770000000000000000000000000e+05 1.300000000000000000000000000000e+01
2.700000000000000000000000000000e+01 1.700000000000000000000000000000e+01 4.913000000000000000000000000000e+03 1.400000000000000000000000000000e+01
3.100000000000000000000000000000e+01 1.780000000000000000000000000000e+02 5.639752000000000000000000000000e+06 1.500000000000000000000000000000e+01
3.200000000000000000000000000000e+01 1.900000000000000000000000000000e+02 6.859000000000000000000000000000e+06 1.600000000000000000000000000000e+01
3.400000000000000000000000000000e+01 1.500000000000000000000000000000e+01 3.375000000000000000000000000000e+03 1.700000000000000000000000000000e+01
3.500000000000000000000000000000e+01 6.500000000000000000000000000000e+01 2.746250000000000000000000000000e+05 1.800000000000000000000000000000e+01
3.700000000000000000000000000000e+01 3.390000000000000000000000000000e+02 3.895821900000000000000000000000e+07 1.900000000000000000000000000000e+01
3.800000000000000000000000000000e+01 1.010000000000000000000000000000e+02 1.030301000000000000000000000000e+06 2.000000000000000000000000000000e+01
3.900000000000000000000000000000e+01 6.300000000000000000000000000000e+01 2.500470000000000000000000000000e+05 2.100000000000000000000000000000e+01
4.000000000000000000000000000000e+01 2.750000000000000000000000000000e+02 2.079687500000000000000000000000e+07 2.200000000000000000000000000000e+01
4.100000000000000000000000000000e+01 1.560000000000000000000000000000e+02 3.796416000000000000000000000000e+06 2.300000000000000000000000000000e+01
4.200000000000000000000000000000e+01 7.000000000000000000000000000000e+00 3.430000000000000000000000000000e+02 2.400000000000000000000000000000e+01
4.300000000000000000000000000000e+01 2.480000000000000000000000000000e+02 1.525299200000000000000000000000e+07 2.500000000000000000000000000000e+01
4.400000000000000000000000000000e+01 5.000000000000000000000000000000e+01 1.250000000000000000000000000000e+05 2.600000000000000000000000000000e+01
4.500000000000000000000000000000e+01 5.100000000000000000000000000000e+01 1.326510000000000000000000000000e+05 2.700000000000000000000000000000e+01
4.600000000000000000000000000000e+01 2.830000000000000000000000000000e+02 2.266518700000000000000000000000e+07 2.800000000000000000000000000000e+01
4.900000000000000000000000000000e+01 3.200000000000000000000000000000e+01 3.276800000000000000000000000000e+04 2.900000000000000000000000000000e+01
5.000000000000000000000000000000e+01 8.100000000000000000000000000000e+01 5.314410000000000000000000000000e+05 3.000000000000000000000000000000e+01
5.100000000000000000000000000000e+01 1.200000000000000000000000000000e+02 1.728000000000000000000000000000e+06 3.100000000000000000000000000000e+01
5.200000000000000000000000000000e+01 1.120000000000000000000000000000e+02 1.404928000000000000000000000000e+06 3.200000000000000000000000000000e+01
5.300000000000000000000000000000e+01 2.220000000000000000000000000000e+02 1.094104800000000000000000000000e+07 3.300000000000000000000000000000e+01
5.400000000000000000000000000000e+01 1.530000000000000000000000000000e+02 3.581577000000000000000000000000e+06 3.400000000000000000000000000000e+01
5.600000000000000000000000000000e+01 8.500000000000000000000000000000e+01 6.141250000000000000000000000000e+05 3.500000000000000000000000000000e+01
5.900000000000000000000000000000e+01 2.940000000000000000000000000000e+02 2.541218400000000000000000000000e+07 3.600000000000000000000000000000e+01
6.000000000000000000000000000000e+01 3.700000000000000000000000000000e+01 5.065300000000000000000000000000e+04 3.700000000000000000000000000000e+01
6.100000000000000000000000000000e+01 1.000000000000000000000000000000e+00 1.000000000000000000000000000000e+00 3.800000000000000000000000000000e+01
6.200000000000000000000000000000e+01 1.900000000000000000000000000000e+01 6.859000000000000000000000000000e+03 3.900000000000000000000000000000e+01
6.300000000000000000000000000000e+01 4.400000000000000000000000000000e+01 8.518400000000000000000000000000e+04 4.000000000000000000000000000000e+01
6.500000000000000000000000000000e+01 2.200000000000000000000000000000e+01 1.064800000000000000000000000000e+04 4.100000000000000000000000000000e+01
6.700000000000000000000000000000e+01 9.700000000000000000000000000000e+01 9.126730000000000000000000000000e+05 4.200000000000000000000000000000e+01
6.900000000000000000000000000000e+01 1.900000000000000000000000000000e+02 6.859000000000000000000000000000e+06 4.300000000000000000000000000000e+01
7.000000000000000000000000000000e+01 1.900000000000000000000000000000e+02 6.859000000000000000000000000000e+06 4.400000000000000000000000000000e+01
7.100000000000000000000000000000e+01 2.790000000000000000000000000000e+02 2.171763900000000000000000000000e+07 4.500000000000000000000000000000e+01
7.300000000000000000000000000000e+01 2.000000000000000000000000000000e+00 8.000000000000000000000000000000e+00 4.600000000000000000000000000000e+01
7.600000000000000000000000000000e+01 1.700000000000000000000000000000e+01 4.913000000000000000000000000000e+03 4.700000000000000000000000000000e+01
7.700000000000000000000000000000e+01 1.500000000000000000000000000000e+01 3.375000000000000000000000000000e+03 4.800000000000000000000000000000e+01
7.800000000000000000000000000000e+01 1.000000000000000000000000000000e+00 1.000000000000000000000000000000e+00 4.900000000000000000000000000000e+01
7.900000000000000000000000000000e+01 1.870000000000000000000000000000e+02 6.539203000000000000000000000000e+06 5.000000000000000000000000000000e+01
8.000000000000000000000000000000e+01 1.800000000000000000000000000000e+01 5.832000000000000000000000000000e+03 5.100000000000000000000000000000e+01
8.200000000000000000000000000000e+01 1.200000000000000000000000000000e+01 1.728000000000000000000000000000e+03 5.200000000000000000000000000000e+01
8.700000000000000000000000000000e+01 3.900000000000000000000000000000e+01 5.931900000000000000000000000000e+04 5.300000000000000000000000000000e+01
9.000000000000000000000000000000e+01 2.400000000000000000000000000000e+02 1.382400000000000000000000000000e+07 5.400000000000000000000000000000e+01
9.100000000000000000000000000000e+01 3.820000000000000000000000000000e+02 5.574296800000000000000000000000e+07 5.500000000000000000000000000000e+01
9.300000000000000000000000000000e+01 3.000000000000000000000000000000e+01 2.700000000000000000000000000000e+04 5.600000000000000000000000000000e+01
9.800000000000000000000000000000e+01 1.270000000000000000000000000000e+02 2.048383000000000000000000000000e+06 5.700000000000000000000000000000e+01
1.020000000000000000000000000000e+02 1.020000000000000000000000000000e+02 1.061208000000000000000000000000e+06 5.800000000000000000000000000000e+01
1.030000000000000000000000000000e+02 1.680000000000000000000000000000e+02 4.741632000000000000000000000000e+06 5.900000000000000000000000000000e+01
1.040000000000000000000000000000e+02 5.700000000000000000000000000000e+01 1.851930000000000000000000000000e+05 6.000000000000000000000000000000e+01
1.070000000000000000000000000000e+02 2.030000000000000000000000000000e+02 8.365427000000000000000000000000e+06 6.100000000000000000000000000000e+01
1.080000000000000000000000000000e+02 2.340000000000000000000000000000e+02 1.281290400000000000000000000000e+07 6.200000000000000000000000000000e+01
1.120000000000000000000000000000e+02 5.000000000000000000000000000000e+00 1.250000000000000000000000000000e+02 6.300000000000000000000000000000e+01
1.170000000000000000000000000000e+02 5.800000000000000000000000000000e+01 1.951120000000000000000000000000e+05 6.400000000000000000000000000000e+01
1.190000000000000000000000000000e+02 9.800000000000000000000000000000e+01 9.411920000000000000000000000000e+05 6.500000000000000000000000000000e+01
1.200000000000000000000000000000e+02 1.810000000000000000000000000000e+02 5.929741000000000000000000000000e+06 6.600000000000000000000000000000e+01
1.220000000000000000000000000000e+02 4.300000000000000000000000000000e+01 7.950700000000000000000000000000e+04 6.700000000000000000000000000000e+01
1.270000000000000000000000000000e+02 5.500000000000000000000000000000e+01 1.663750000000000000000000000000e+05 6.800000000000000000000000000000e+01
1.280000000000000000000000000000e+02 1.080000000000000000000000000000e+02 1.259712000000000000000000000000e+06 6.900000000000000000000000000000e+01
1.300000000000000000000000000000e+02 1.900000000000000000000000000000e+01 6.859000000000000000000000000000e+03 7.000000000000000000000000000000e+01
1.310000000000000000000000000000e+02 4.000000000000000000000000000000e+00 6.400000000000000000000000000000e+01 7.100000000000000000000000000000e+01
1.320000000000000000000000000000e+02 2.600000000000000000000000000000e+01 1.757600000000000000000000000000e+04 7.200000000000000000000000000000e+01
1.350000000000000000000000000000e+02 1.320000000000000000000000000000e+02 2.299968000000000000000000000000e+06 7.300000000000000000000000000000e+01
1.360000000000000000000000000000e+02 4.260000000000000000000000000000e+02 7.730877600000000000000000000000e+07 7.400000000000000000000000000000e+01
1.380000000000000000000000000000e+02 9.700000000000000000000000000000e+01 9.126730000000000000000000000000e+05 7.500000000000000000000000000000e+01
1.410000000000000000000000000000e+02 2.070000000000000000000000000000e+02 8.869743000000000000000000000000e+06 7.600000000000000000000000000000e+01
1.420000000000000000000000000000e+02 4.880000000000000000000000000000e+02 1.162142720000000000000000000000e+08 7.700000000000000000000000000000e+01
1.450000000000000000000000000000e+02 3.500000000000000000000000000000e+01 4.287500000000000000000000000000e+04 7.800000000000000000000000000000e+01
1.480000000000000000000000000000e+02 1.400000000000000000000000000000e+01 2.744000000000000000000000000000e+03 7.900000000000000000000000000000e+01
1.490000000000000000000000000000e+02 1.000000000000000000000000000000e+01 1.000000000000000000000000000000e+03 8.000000000000000000000000000000e+01
