1.000000000000000000000000000000e+00 1.100000000000000000000000000000e+01 1.331000000000000000000000000000e+03 0.000000000000000000000000000000e+00
6.000000000000000000000000000000e+00 4.000000000000000000000000000000e+01 6.400000000000000000000000000000e+04 1.000000000000000000000000000000e+00
1.000000000000000000000000000000e+01 1.130000000000000000000000000000e+02 1.442897000000000000000000000000e+06 2.000000000000000000000000000000e+00
1.500000000000000000000000000000e+01 1.200000000000000000000000000000e+01 1.728000000000000000000000000000e+03 3.000000000000000000000000000000e+00
1.900000000000000000000000000000e+01 1.000000000000000000000000000000e+00 1.000000000000000000000000000000e+00 4.000000000000000000000000000000e+00
2.000000000000000000000000000000e+01 3.470000000000000000000000000000e+02 4.178192300000000000000000000000e+07 5.000000000000000000000000000000e+00
2.400000000000000000000000000000e+01 2.800000000000000000000000000000e+01 2.195200000000000000000000000000e+04 6.000000000000000000000000000000e+00
2.800000000000000000000000000000e+01 1.100000000000000000000000000000e+01 1.331000000000000000000000000000e+03 7.000000000000000000000000000000e+00
2.900000000000000000000000000000e+01 8.100000000000000000000000000000e+01 5.314410000000000000000000000000e+05 8.000000000000000000000000000000e+00
3.000000000000000000000000000000e+01 4.600000000000000000000000000000e+01 9.733600000000000000000000000000e+04 9.000000000000000000000000000000e+00
3.300000000000000000000000000000e+01 1.100000000000000000000000000000e+01 1.331000000000000000000000000000e+03 1.000000000000000000000000000000e+01
3.500000000000000000000000000000e+01 1.270000000000000000000000000000e+02 2.048383000000000000000000000000e+06 1.100000000000000000000000000000e+01
3.800000000000000000000000000000e+01 1.300000000000000000000000000000e+01 2.197000000000000000000000000000e+03 1.200000000000000000000000000000e+01
3.900000000000000000000000000000e+01 1.020000000000000000000000000000e+02 1.061208000000000000000000000000e+06 1.300000000000000000000000000000e+01
4.000000000000000000000000000000e+01 2.970000000000000000000000000000e+02 2.619807300000000000000000000000e+07 1.400000000000000000000000000000e+01
4.200000000000000000000000000000e+01 3.500000000000000000000000000000e+01 4.287500000000000000000000000000e+04 1.500000000000000000000000000000e+01
4.300000000000000000000000000000e+01 6.900000000000000000000000000000e+01 3.285090000000000000000000000000e+05 1.600000000000000000000000000000e+01
4.600000000000000000000000000000e+01 7.400000000000000000000000000000e+01 4.052240000000000000000000000000e+05 1.700000000000000000000000000000e+01
4.700000000000000000000000000000e+01 1.020000000000000000000000000000e+02 1.061208000000000000000000000000e+06 1.800000000000000000000000000000e+01
5.100000000000000000000000000000e+01 1.950000000000000000000000000000e+02 7.414875000000000000000000000000e+06 1.900000000000000000000000000000e+01
5.200000000000000000000000000000e+01 7.100000000000000000000000000000e+01 3.579110000000000000000000000000e+05 2.000000000000000000000000000000e+01
5.400000000000000000000000000000e+01 6.000000000000000000000000000000e+01 2.160000000000000000000000000000e+05 2.100000000000000000000000000000e+01
5.500000000000000000000000000000e+01 3.370000000000000000000000000000e+02 3.827275300000000000000000000000e+07 2.200000000000000000000000000000e+01
5.800000000000000000000000000000e+01 5.200000000000000000000000000000e+01 1.406080000000000000000000000000e+05 2.300000000000000000000000000000e+01
5.900000000000000000000000000000e+01 3.150000000000000000000000000000e+02 3.125587500000000000000000000000e+07 2.400000000000000000000000000000e+01
6.000000000000000000000000000000e+01 5.200000000000000000000000000000e+01 1.406080000000000000000000000000e+05 2.500000000000000000000000000000e+01
6.500000000000000000000000000000e+01 1.690000000000000000000000000000e+02 4.826809000000000000000000000000e+06 2.600000000000000000000000000000e+01
6.700000000000000000000000000000e+01 7.300000000000000000000000000000e+01 3.890170000000000000000000000000e+05 2.700000000000000000000000000000e+01
6.900000000000000000000000000000e+01 1.200000000000000000000000000000e+01 1.728000000000000000000000000000e+03 2.800000000000000000000000000000e+01
7.300000000000000000000000000000e+01 2.040000000000000000000000000000e+02 8.489664000000000000000000000000e+06 2.900000000000000000000000000000e+01
7.400000000000000000000000000000e+01 1.900000000000000000000000000000e+02 6.859000000000000000000000000000e+06 3.000000000000000000000000000000e+01
7.500000000000000000000000000000e+01 4.300000000000000000000000000000e+01 7.950700000000000000000000000000e+04 3.100000000000000000000000000000e+01
7.600000000000000000000000000000e+01 2.360000000000000000000000000000e+02 1.314425600000000000000000000000e+07 3.200000000000000000000000000000e+01
7.800000000000000000000000000000e+01 5.800000000000000000000000000000e+01 1.951120000000000000000000000000e+05 3.300000000000000000000000000000e+01
7.900000000000000000000000000000e+01 3.500000000000000000000000000000e+01 4.287500000000000000000000000000e+04 3.400000000000000000000000000000e+01
8.100000000000000000000000000000e+01 8.100000000000000000000000000000e+01 5.314410000000000000000000000000e+05 3.500000000000000000000000000000e+01
8.200000000000000000000000000000e+01 6.200000000000000000000000000000e+01 2.383280000000000000000000000000e+05 3.600000000000000000000000000000e+01
8.300000000000000000000000000000e+01 1.930000000000000000000000000000e+02 7.189057000000000000000000000000e+06 3.700000000000000000000000000000e+01
8.400000000000000000000000000000e+01 4.110000000000000000000000000000e+02 6.942653100000000000000000000000e+07 3.800000000000000000000000000000e+01
9.000000000000000000000000000000e+01 1.590000000000000000000000000000e+02 4.019679000000000000000000000000e+06 3.900000000000000000000000000000e+01
9.300000000000000000000000000000e+01 1.400000000000000000000000000000e+02 2.744000000000000000000000000000e+06 4.000000000000000000000000000000e+01
9.400000000000000000000000000000e+01 8.300000000000000000000000000000e+01 5.717870000000000000000000000000e+05 4.100000000000000000000000000000e+01
9.500000000000000000000000000000e+01 2.000000000000000000000000000000e+00 8.000000000000000000000000000000e+00 4.200000000000000000000000000000e+01
9.600000000000000000000000000000e+01 2.020000000000000000000000000000e+02 8.242408000000000000000000000000e+06 4.300000000000000000000000000000e+01
9.700000000000000000000000000000e+01 1.360000000000000000000000000000e+02 2.515456000000000000000000000000e+06 4.400000000000000000000000000000e+01
9.800000000000000000000000000000e+01 2.200000000000000000000000000000e+01 1.064800000000000000000000000000e+04 4.500000000000000000000000000000e+01
9.900000000000000000000000000000e+01 1.200000000000000000000000000000e+01 1.728000000000000000000000000000e+03 4.600000000000000000000000000000e+01
1.020000000000000000000000000000e+02 9.100000000000000000000000000000e+01 7.535710000000000000000000000000e+05 4.700000000000000000000000000000e+01
1.030000000000000000000000000000e+02 3.440000000000000000000000000000e+02 4.070758400000000000000000000000e+07 4.800000000000000000000000000000e+01
1.070000000000000000000000000000e+02 7.000000000000000000000000000000e+01 3.430000000000000000000000000000e+05 4.900000000000000000000000000000e+01
1.090000000000000000000000000000e+02 1.700000000000000000000000000000e+02 4.913000000000000000000000000000e+06 5.000000000000000000000000000000e+01
1.100000000000000000000000000000e+02 1.300000000000000000000000000000e+02 2.197000000000000000000000000000e+06 5.100000000000000000000000000000e+01
1.130000000000000000000000000000e+02 1.860000000000000000000000000000e+02 6.434856000000000000000000000000e+06 5.200000000000000000000000000000e+01
1.140000000000000000000000000000e+02 1.940000000000000000000000000000e+02 7.301384000000000000000000000000e+06 5.300000000000000000000000000000e+01
1.150000000000000000000000000000e+02 8.900000000000000000000000000000e+01 7.049690000000000000000000000000e+05 5.400000000000000000000000000000e+01
1.170000000000000000000000000000e+02 3.500000000000000000000000000000e+01 4.287500000000000000000000000000e+04 5.500000000000000000000000000000e+01
1.200000000000000000000000000000e+02 3.800000000000000000000000000000e+01 5.487200000000000000000000000000e+04 5.600000000000000000000000000000e+01
1.230000000000000000000000000000e+02 2.800000000000000000000000000000e+01 2.195200000000000000000000000000e+04 5.700000000000000000000000000000e+01
1.290000000000000000000000000000e+02 1.100000000000000000000000000000e+01 1.331000000000000000000000000000e+03 5.800000000000000000000000000000e+01
1.310000000000000000000000000000e+02 4.400000000000000000000000000000e+01 8.518400000000000000000000000000e+04 5.900000000000000000000000000000e+01
1.330000000000000000000000000000e+02 1.010000000000000000000000000000e+02 1.030301000000000000000000000000e+06 6.000000000000000000000000000000e+01
1.350000000000000000000000000000e+02 5.300000000000000000000000000000e+01 1.488770000000000000000000000000e+05 6.100000000000000000000000000000e+01
1.360000000000000000000000000000e+02 5.600000000000000000000000000000e+01 1.756160000000000000000000000000e+05 6.200000000000000000000000000000e+01
1.370000000000000000000000000000e+02 6.600000000000000000000000000000e+01 2.874960000000000000000000000000e+05 6.300000000000000000000000000000e+01
1.380000000000000000000000000000e+02 1.860000000000000000000000000000e+02 6.434856000000000000000000000000e+06 6.400000000000000000000000000000e+01
1.390000000000000000000000000000e+02 8.000000000000000000000000000000e+01 5.120000000000000000000000000000e+05 6.500000000000000000000000000000e+01
1.400000000000000000000000000000e+02 9.500000000000000000000000000000e+01 8.573750000000000000000000000000e+05 6.600000000000000000000000000000e+01
1.440000000000000000000000000000e+02 1.920000000000000000000000000000e+02 7.077888000000000000000000000000e+06 6.700000000000000000000000000000e+01
1.450000000000000000000000000000e+02 2.400000000000000000000000000000e+01 1.382400000000000000000000000000e+04 6.800000000000000000000000000000e+01
1.490000000000000000000000000000e+02 7.800000000000000000000000000000e+01 4.745520000000000000000000000000e+05 6.900000000000000000000000000000e+01
