0.000000000000000000000000000000e+00 8.900000000000000000000000000000e+01 7.049690000000000000000000000000e+05 0.000000000000000000000000000000e+00
4.000000000000000000000000000000e+00 1.010000000000000000000000000000e+02 1.030301000000000000000000000000e+06 1.000000000000000000000000000000e+00
5.000000000000000000000000000000e+00 1.270000000000000000000000000000e+02 2.048383000000000000000000000000e+06 2.000000000000000000000000000000e+00
7.000000000000000000000000000000e+00 5.400000000000000000000000000000e+01 1.574640000000000000000000000000e+05 3.000000000000000000000000000000e+00
8.000000000000000000000000000000e+00 1.400000000000000000000000000000e+01 2.744000000000000000000000000000e+03 4.000000000000000000000000000000e+00
1.100000000000000000000000000000e+01 1.700000000000000000000000000000e+01 4.913000000000000000000000000000e+03 5.000000000000000000000000000000e+00
1.200000000000000000000000000000e+01 5.400000000000000000000000000000e+01 1.574640000000000000000000000000e+05 6.000000000000000000000000000000e+00
1.400000000000000000000000000000e+01 1.320000000000000000000000000000e+02 2.299968000000000000000000000000e+06 7.000000000000000000000000000000e+00
1.500000000000000000000000000000e+01 6.200000000000000000000000000000e+01 2.383280000000000000000000000000e+05 8.000000000000000000000000000000e+00
1.600000000000000000000000000000e+01 2.970000000000000000000000000000e+02 2.619807300000000000000000000000e+07 9.000000000000000000000000000000e+00
1.800000000000000000000000000000e+01 8.000000000000000000000000000000e+01 5.120000000000000000000000000000e+05 1.000000000000000000000000000000e+01
2.300000000000000000000000000000e+01 1.280000000000000000000000000000e+02 2.097152000000000000000000000000e+06 1.100000000000000000000000000000e+01
2.400000000000000000000000000000e+01 1.590000000000000000000000000000e+02 4.019679000000000000000000000000e+06 1.200000000000000000000000000000e+01
2.500000000000000000000000000000e+01 8.300000000000000000000000000000e+01 5.717870000000000000000000000000e+05 1.300000000000000000000000000000e+01
2.800000000000000000000000000000e+01 2.700000000000000000000000000000e+01 1.968300000000000000000000000000e+04 1.400000000000000000000000000000e+01
2.900000000000000000000000000000e+01 3.200000000000000000000000000000e+01 3.276800000000000000000000000000e+04 1.500000000000000000000000000000e+01
3.300000000000000000000000000000e+01 1.600000000000000000000000000000e+01 4.096000000000000000000000000000e+03 1.600000000000000000000000000000e+01
3.500000000000000000000000000000e+01 1.600000000000000000000000000000e+01 4.096000000000000000000000000000e+03 1.700000000000000000000000000000e+01
3.600000000000000000000000000000e+01 1.200000000000000000000000000000e+01 1.728000000000000000000000000000e+03 1.800000000000000000000000000000e+01
3.700000000000000000000000000000e+01 2.110000000000000000000000000000e+02 9.393931000000000000000000000000e+06 1.900000000000000000000000000000e+01
3.800000000000000000000000000000e+01 3.700000000000000000000000000000e+01 5.065300000000000000000000000000e+04 2.000000000000000000000000000000e+01
4.000000000000000000000000000000e+01 8.700000000000000000000000000000e+01 6.585030000000000000000000000000e+05 2.100000000000000000000000000000e+01
4.500000000000000000000000000000e+01 9.800000000000000000000000000000e+01 9.411920000000000000000000000000e+05 2.200000000000000000000000000000e+01
4.700000000000000000000000000000e+01 1.000000000000000000000000000000e+00 1.000000000000000000000000000000e+00 2.300000000000000000000000000000e+01
4.900000000000000000000000000000e+01 3.570000000000000000000000000000e+02 4.549929300000000000000000000000e+07 2.400000000000000000000000000000e+01
5.000000000000000000000000000000e+01 6.800000000000000000000000000000e+01 3.144320000000000000000000000000e+05 2.500000000000000000000000000000e+01
5.100000000000000000000000000000e+01 8.700000000000000000000000000000e+01 6.585030000000000000000000000000e+05 2.600000000000000000000000000000e+01
5.200000000000000000000000000000e+01 1.200000000000000000000000000000e+01 1.728000000000000000000000000000e+03 2.700000000000000000000000000000e+01
5.300000000000000000000000000000e+01 4.800000000000000000000000000000e+01 1.105920000000000000000000000000e+05 2.800000000000000000000000000000e+01
5.600000000000000000000000000000e+01 1.100000000000000000000000000000e+01 1.331000000000000000000000000000e+03 2.900000000000000000000000000000e+01
5.700000000000000000000000000000e+01 8.300000000000000000000000000000e+01 5.717870000000000000000000000000e+05 3.000000000000000000000000000000e+01
5.800000000000000000000000000000e+01 2.000000000000000000000000000000e+00 8.000000000000000000000000000000e+00 3.100000000000000000000000000000e+01
6.000000000000000000000000000000e+01 1.400000000000000000000000000000e+01 2.744000000000000000000000000000e+03 3.200000000000000000000000000000e+01
6.100000000000000000000000000000e+01 1.000000000000000000000000000000e+01 1.000000000000000000000000000000e+03 3.300000000000000000000000000000e+01
6.200000000000000000000000000000e+01 1.600000000000000000000000000000e+02 4.096000000000000000000000000000e+06 3.400000000000000000000000000000e+01
6.300000000000000000000000000000e+01 4.200000000000000000000000000000e+01 7.408800000000000000000000000000e+04 3.500000000000000000000000000000e+01
6.400000000000000000000000000000e+01 2.100000000000000000000000000000e+01 9.261000000000000000000000000000e+03 3.600000000000000000000000000000e+01
6.800000000000000000000000000000e+01 1.210000000000000000000000000000e+02 1.771561000000000000000000000000e+06 3.700000000000000000000000000000e+01
7.000000000000000000000000000000e+01 3.220000000000000000000000000000e+02 3.338624800000000000000000000000e+07 3.800000000000000000000000000000e+01
7.200000000000000000000000000000e+01 1.220000000000000000000000000000e+02 1.815848000000000000000000000000e+06 3.900000000000000000000000000000e+01
7.300000000000000000000000000000e+01 2.820000000000000000000000000000e+02 2.242576800000000000000000000000e+07 4.000000000000000000000000000000e+01
7.400000000000000000000000000000e+01 4.300000000000000000000000000000e+01 7.950700000000000000000000000000e+04 4.100000000000000000000000000000e+01
7.500000000000000000000000000000e+01 3.700000000000000000000000000000e+01 5.065300000000000000000000000000e+04 4.200000000000000000000000000000e+01
7.800000000000000000000000000000e+01 1.130000000000000000000000000000e+02 1.442897000000000000000000000000e+06 4.300000000000000000000000000000e+01
8.300000000000000000000000000000e+01 2.900000000000000000000000000000e+01 2.438900000000000000000000000000e+04 4.400000000000000000000000000000e+01
8.800000000000000000000000000000e+01 1.000000000000000000000000000000e+01 1.000000000000000000000000000000e+03 4.500000000000000000000000000000e+01
9.200000000000000000000000000000e+01 2.400000000000000000000000000000e+01 1.382400000000000000000000000000e+04 4.600000000000000000000000000000e+01
9.400000000000000000000000000000e+01 7.000000000000000000000000000000e+00 3.430000000000000000000000000000e+02 4.700000000000000000000000000000e+01
9.600000000000000000000000000000e+01 1.200000000000000000000000000000e+01 1.728000000000000000000000000000e+03 4.800000000000000000000000000000e+01
1.000000000000000000000000000000e+02 3.300000000000000000000000000000e+01 3.593700000000000000000000000000e+04 4.900000000000000000000000000000e+01
1.050000000000000000000000000000e+02 7.000000000000000000000000000000e+00 3.430000000000000000000000000000e+02 5.000000000000000000000000000000e+01
1.060000000000000000000000000000e+02 1.710000000000000000000000000000e+02 5.000211000000000000000000000000e+06 5.100000000000000000000000000000e+01
1.090000000000000000000000000000e+02 6.000000000000000000000000000000e+01 2.160000000000000000000000000000e+05 5.200000000000000000000000000000e+01
1.100000000000000000000000000000e+02 1.260000000000000000000000000000e+02 2.000376000000000000000000000000e+06 5.300000000000000000000000000000e+01
1.110000000000000000000000000000e+02 1.400000000000000000000000000000e+01 2.744000000000000000000000000000e+03 5.400000000000000000000000000000e+01
1.120000000000000000000000000000e+02 4.500000000000000000000000000000e+01 9.112500000000000000000000000000e+04 5.500000000000000000000000000000e+01
1.140000000000000000000000000000e+02 8.500000000000000000000000000000e+01 6.141250000000000000000000000000e+05 5.600000000000000000000000000000e+01
1.150000000000000000000000000000e+02 2.100000000000000000000000000000e+01 9.261000000000000000000000000000e+03 5.700000000000000000000000000000e+01
1.180000000000000000000000000000e+02 4.200000000000000000000000000000e+01 7.408800000000000000000000000000e+04 5.800000000000000000000000000000e+01
1.190000000000000000000000000000e+02 1.030000000000000000000000000000e+02 1.092727000000000000000000000000e+06 5.900000000000000000000000000000e+01
1.220000000000000000000000000000e+02 2.520000000000000000000000000000e+02 1.600300800000000000000000000000e+07 6.000000000000000000000000000000e+01
1.270000000000000000000000000000e+02 1.990000000000000000000000000000e+02 7.880599000000000000000000000000e+06 6.100000000000000000000000000000e+01
1.300000000000000000000000000000e+02 3.200000000000000000000000000000e+01 3.276800000000000000000000000000e+04 6.200000000000000000000000000000e+01
1.320000000000000000000000000000e+02 4.600000000000000000000000000000e+01 9.733600000000000000000000000000e+04 6.300000000000000000000000000000e+01
1.330000000000000000000000000000e+02 1.060000000000000000000000000000e+02 1.191016000000000000000000000000e+06 6.400000000000000000000000000000e+01
1.340000000000000000000000000000e+02 3.800000000000000000000000000000e+01 5.487200000000000000000000000000e+04 6.500000000000000000000000000000e+01
1.350000000000000000000000000000e+02 3.000000000000000000000000000000e+01 2.700000000000000000000000000000e+04 6.600000000000000000000000000000e+01
1.360000000000000000000000000000e+02 2.500000000000000000000000000000e+01 1.562500000000000000000000000000e+04 6.700000000000000000000000000000e+01
1.370000000000000000000000000000e+02 1.500000000000000000000000000000e+01 3.375000000000000000000000000000e+03 6.800000000000000000000000000000e+01
1.390000000000000000000000000000e+02 1.220000000000000000000000000000e+02 1.815848000000000000000000000000e+06 6.900000000000000000000000000000e+01
1.400000000000000000000000000000e+02 3.300000000000000000000000000000e+01 3.593700000000000000000000000000e+04 7.000000000000000000000000000000e+01
1.410000000000000000000000000000e+02 1.200000000000000000000000000000e+02 1.728000000000000000000000000000e+06 7.100000000000000000000000000000e+01
1.440000000000000000000000000000e+02 2.550000000000000000000000000000e+02 1.658137500000000000000000000000e+07 7.200000000000000000000000000000e+01
1.470000000000000000000000000000e+02 1.870000000000000000000000000000e+02 6.539203000000000000000000000000e+06 7.300000000000000000000000000000e+01
1.480000000000000000000000000000e+02 3.940000000000000000000000000000e+02 6.116298400000000000000000000000e+07 7.400000000000000000000000000000e+01
1.490000000000000000000000000000e+02 3.840000000000000000000000000000e+02 5.662310400000000000000000000000e+07 7.500000000000000000000000000000e+01
