0.000000000000000000000000000000e+00 1.440000000000000000000000000000e+02 2.985984000000000000000000000000e+06 0.000000000000000000000000000000e+00
1.000000000000000000000000000000e+00 5.400000000000000000000000000000e+01 1.574640000000000000000000000000e+05 1.000000000000000000000000000000e+00
2.000000000000000000000000000000e+00 1.400000000000000000000000000000e+01 2.744000000000000000000000000000e+03 2.000000000000000000000000000000e+00
3.000000000000000000000000000000e+00 5.800000000000000000000000000000e+01 1.951120000000000000000000000000e+05 3.000000000000000000000000000000e+00
4.000000000000000000000000000000e+00 5.700000000000000000000000000000e+01 1.851930000000000000000000000000e+05 4.000000000000000000000000000000e+00
5.000000000000000000000000000000e+00 6.400000000000000000000000000000e+01 2.621440000000000000000000000000e+05 5.000000000000000000000000000000e+00
6.000000000000000000000000000000e+00 2.020000000000000000000000000000e+02 8.242408000000000000000000000000e+06 6.000000000000000000000000000000e+00
8.000000000000000000000000000000e+00 9.000000000000000000000000000000e+00 7.290000000000000000000000000000e+02 7.000000000000000000000000000000e+00
9.000000000000000000000000000000e+00 1.000000000000000000000000000000e+00 1.000000000000000000000000000000e+00 8.000000000000000000000000000000e+00
1.000000000000000000000000000000e+01 4.900000000000000000000000000000e+01 1.176490000000000000000000000000e+05 9.000000000000000000000000000000e+00
1.200000000000000000000000000000e+01 1.310000000000000000000000000000e+02 2.248091000000000000000000000000e+06 1.000000000000000000000000000000e+01
2.200000000000000000000000000000e+01 1.700000000000000000000000000000e+01 4.913000000000000000000000000000e+03 1.100000000000000000000000000000e+01
2.400000000000000000000000000000e+01 1.370000000000000000000000000000e+02 2.571353000000000000000000000000e+06 1.200000000000000000000000000000e+01
2.600000000000000000000000000000e+01 6.000000000000000000000000000000e+01 2.160000000000000000000000000000e+05 1.300000000000000000000000000000e+01
2.700000000000000000000000000000e+01 1.940000000000000000000000000000e+02 7.301384000000000000000000000000e+06 1.400000000000000000000000000000e+01
2.800000000000000000000000000000e+01 1.900000000000000000000000000000e+01 6.859000000000000000000000000000e+03 1.500000000000000000000000000000e+01
3.000000000000000000000000000000e+01 8.000000000000000000000000000000e+01 5.120000000000000000000000000000e+05 1.600000000000000000000000000000e+01
3.300000000000000000000000000000e+01 3.000000000000000000000000000000e+01 2.700000000000000000000000000000e+04 1.700000000000000000000000000000e+01
3.400000000000000000000000000000e+01 4.700000000000000000000000000000e+01 1.038230000000000000000000000000e+05 1.800000000000000000000000000000e+01
3.600000000000000000000000000000e+01 1.070000000000000000000000000000e+02 1.225043000000000000000000000000e+06 1.900000000000000000000000000000e+01
3.700000000000000000000000000000e+01 7.000000000000000000000000000000e+00 3.430000000000000000000000000000e+02 2.000000000000000000000000000000e+01
4.200000000000000000000000000000e+01 2.450000000000000000000000000000e+02 1.470612500000000000000000000000e+07 2.100000000000000000000000000000e+01
4.400000000000000000000000000000e+01 2.930000000000000000000000000000e+02 2.515375700000000000000000000000e+07 2.200000000000000000000000000000e+01
4.500000000000000000000000000000e+01 2.500000000000000000000000000000e+01 1.562500000000000000000000000000e+04 2.300000000000000000000000000000e+01
5.100000000000000000000000000000e+01 3.850000000000000000000000000000e+02 5.706662500000000000000000000000e+07 2.400000000000000000000000000000e+01
5.200000000000000000000000000000e+01 7.400000000000000000000000000000e+01 4.052240000000000000000000000000e+05 2.500000000000000000000000000000e+01
5.500000000000000000000000000000e+01 4.900000000000000000000000000000e+01 1.176490000000000000000000000000e+05 2.600000000000000000000000000000e+01
5.600000000000000000000000000000e+01 4.600000000000000000000000000000e+01 9.733600000000000000000000000000e+04 2.700000000000000000000000000000e+01
5.700000000000000000000000000000e+01 3.640000000000000000000000000000e+02 4.822854400000000000000000000000e+07 2.800000000000000000000000000000e+01
5.800000000000000000000000000000e+01 5.000000000000000000000000000000e+01 1.250000000000000000000000000000e+05 2.900000000000000000000000000000e+01
6.100000000000000000000000000000e+01 1.380000000000000000000000000000e+02 2.628072000000000000000000000000e+06 3.000000000000000000000000000000e+01
6.200000000000000000000000000000e+01 3.700000000000000000000000000000e+01 5.065300000000000000000000000000e+04 3.100000000000000000000000000000e+01
6.400000000000000000000000000000e+01 2.090000000000000000000000000000e+02 9.129329000000000000000000000000e+06 3.200000000000000000000000000000e+01
6.500000000000000000000000000000e+01 4.300000000000000000000000000000e+01 7.950700000000000000000000000000e+04 3.300000000000000000000000000000e+01
6.600000000000000000000000000000e+01 1.460000000000000000000000000000e+02 3.112136000000000000000000000000e+06 3.400000000000000000000000000000e+01
7.300000000000000000000000000000e+01 1.900000000000000000000000000000e+01 6.859000000000000000000000000000e+03 3.500000000000000000000000000000e+01
7.400000000000000000000000000000e+01 2.200000000000000000000000000000e+01 1.064800000000000000000000000000e+04 3.600000000000000000000000000000e+01
7.800000000000000000000000000000e+01 3.800000000000000000000000000000e+01 5.487200000000000000000000000000e+04 3.700000000000000000000000000000e+01
8.000000000000000000000000000000e+01 3.490000000000000000000000000000e+02 4.250854900000000000000000000000e+07 3.800000000000000000000000000000e+01
8.200000000000000000000000000000e+01 8.600000000000000000000000000000e+01 6.360560000000000000000000000000e+05 3.900000000000000000000000000000e+01
8.500000000000000000000000000000e+01 3.000000000000000000000000000000e+01 2.700000000000000000000000000000e+04 4.000000000000000000000000000000e+01
8.600000000000000000000000000000e+01 5.600000000000000000000000000000e+01 1.756160000000000000000000000000e+05 4.100000000000000000000000000000e+01
8.700000000000000000000000000000e+01 1.000000000000000000000000000000e+00 1.000000000000000000000000000000e+00 4.200000000000000000000000000000e+01
9.000000000000000000000000000000e+01 3.100000000000000000000000000000e+01 2.979100000000000000000000000000e+04 4.300000000000000000000000000000e+01
9.300000000000000000000000000000e+01 9.800000000000000000000000000000e+01 9.411920000000000000000000000000e+05 4.400000000000000000000000000000e+01
9.400000000000000000000000000000e+01 3.000000000000000000000000000000e+01 2.700000000000000000000000000000e+04 4.500000000000000000000000000000e+01
9.900000000000000000000000000000e+01 1.000000000000000000000000000000e+01 1.000000000000000000000000000000e+03 4.600000000000000000000000000000e+01
1.010000000000000000000000000000e+02 1.140000000000000000000000000000e+02 1.481544000000000000000000000000e+06 4.700000000000000000000000000000e+01
1.020000000000000000000000000000e+02 6.800000000000000000000000000000e+01 3.144320000000000000000000000000e+05 4.800000000000000000000000000000e+01
1.040000000000000000000000000000e+02 1.300000000000000000000000000000e+01 2.197000000000000000000000000000e+03 4.900000000000000000000000000000e+01
1.050000000000000000000000000000e+02 4.400000000000000000000000000000e+01 8.518400000000000000000000000000e+04 5.000000000000000000000000000000e+01
1.060000000000000000000000000000e+02 6.300000000000000000000000000000e+01 2.500470000000000000000000000000e+05 5.100000000000000000000000000000e+01
1.100000000000000000000000000000e+02 4.000000000000000000000000000000e+01 6.400000000000000000000000000000e+04 5.200000000000000000000000000000e+01
1.110000000000000000000000000000e+02 8.500000000000000000000000000000e+01 6.141250000000000000000000000000e+05 5.300000000000000000000000000000e+01
1.140000000000000000000000000000e+02 2.300000000000000000000000000000e+01 1.216700000000000000000000000000e+04 5.400000000000000000000000000000e+01
1.200000000000000000000000000000e+02 8.900000000000000000000000000000e+01 7.049690000000000000000000000000e+05 5.500000000000000000000000000000e+01
1.210000000000000000000000000000e+02 3.000000000000000000000000000000e+01 2.700000000000000000000000000000e+04 5.600000000000000000000000000000e+01
1.220000000000000000000000000000e+02 3.700000000000000000000000000000e+02 5.065300000000000000000000000000e+07 5.700000000000000000000000000000e+01
1.230000000000000000000000000000e+02 3.100000000000000000000000000000e+01 2.979100000000000000000000000000e+04 5.800000000000000000000000000000e+01
1.240000000000000000000000000000e+02 9.800000000000000000000000000000e+01 9.411920000000000000000000000000e+05 5.900000000000000000000000000000e+01
1.280000000000000000000000000000e+02 1.000000000000000000000000000000e+00 1.000000000000000000000000000000e+00 6.000000000000000000000000000000e+01
1.380000000000000000000000000000e+02 3.400000000000000000000000000000e+01 3.930400000000000000000000000000e+04 6.100000000000000000000000000000e+01
1.390000000000000000000000000000e+02 1.030000000000000000000000000000e+02 1.092727000000000000000000000000e+06 6.200000000000000000000000000000e+01
1.400000000000000000000000000000e+02 6.000000000000000000000000000000e+00 2.160000000000000000000000000000e+02 6.300000000000000000000000000000e+01
1.440000000000000000000000000000e+02 1.350000000000000000000000000000e+02 2.460375000000000000000000000000e+06 6.400000000000000000000000000000e+01
1.470000000000000000000000000000e+02 3.690000000000000000000000000000e+02 5.024340900000000000000000000000e+07 6.500000000000000000000000000000e+01
1.480000000000000000000000000000e+02 1.440000000000000000000000000000e+02 2.985984000000000000000000000000e+06 6.600000000000000000000000000000e+01
