0.000000000000000000000000000000e+00 1.140000000000000000000000000000e+02 1.481544000000000000000000000000e+06 0.000000000000000000000000000000e+00
5.000000000000000000000000000000e+00 1.020000000000000000000000000000e+02 1.061208000000000000000000000000e+06 1.000000000000000000000000000000e+00
6.000000000000000000000000000000e+00 1.100000000000000000000000000000e+01 1.331000000000000000000000000000e+03 2.000000000000000000000000000000e+00
8.000000000000000000000000000000e+00 7.600000000000000000000000000000e+01 4.389760000000000000000000000000e+05 3.000000000000000000000000000000e+00
9.000000000000000000000000000000e+00 4.900000000000000000000000000000e+01 1.176490000000000000000000000000e+05 4.000000000000000000000000000000e+00
1.000000000000000000000000000000e+01 2.400000000000000000000000000000e+01 1.382400000000000000000000000000e+04 5.000000000000000000000000000000e+00
1.100000000000000000000000000000e+01 3.500000000000000000000000000000e+01 4.287500000000000000000000000000e+04 6.000000000000000000000000000000e+00
1.400000000000000000000000000000e+01 4.100000000000000000000000000000e+01 6.892100000000000000000000000000e+04 7.000000000000000000000000000000e+00
1.600000000000000000000000000000e+01 1.880000000000000000000000000000e+02 6.644672000000000000000000000000e+06 8.000000000000000000000000000000e+00
1.700000000000000000000000000000e+01 3.660000000000000000000000000000e+02 4.902789600000000000000000000000e+07 9.000000000000000000000000000000e+00
1.900000000000000000000000000000e+01 1.090000000000000000000000000000e+02 1.295029000000000000000000000000e+06 1.000000000000000000000000000000e+01
2.000000000000000000000000000000e+01 1.040000000000000000000000000000e+02 1.124864000000000000000000000000e+06 1.100000000000000000000000000000e+01
2.200000000000000000000000000000e+01 2.500000000000000000000000000000e+01 1.562500000000000000000000000000e+04 1.200000000000000000000000000000e+01
2.300000000000000000000000000000e+01 5.700000000000000000000000000000e+01 1.851930000000000000000000000000e+05 1.300000000000000000000000000000e+01
2.400000000000000000000000000000e+01 2.700000000000000000000000000000e+01 1.968300000000000000000000000000e+04 1.400000000000000000000000000000e+01
2.500000000000000000000000000000e+01 3.200000000000000000000000000000e+02 3.276800000000000000000000000000e+07 1.500000000000000000000000000000e+01
2.600000000000000000000000000000e+01 1.850000000000000000000000000000e+02 6.331625000000000000000000000000e+06 1.600000000000000000000000000000e+01
2.800000000000000000000000000000e+01 9.700000000000000000000000000000e+01 9.126730000000000000000000000000e+05 1.700000000000000000000000000000e+01
2.900000000000000000000000000000e+01 5.260000000000000000000000000000e+02 1.455315760000000000000000000000e+08 1.800000000000000000000000000000e+01
3.000000000000000000000000000000e+01 5.700000000000000000000000000000e+01 1.851930000000000000000000000000e+05 1.900000000000000000000000000000e+01
3.400000000000000000000000000000e+01 1.760000000000000000000000000000e+02 5.451776000000000000000000000000e+06 2.000000000000000000000000000000e+01
3.600000000000000000000000000000e+01 5.380000000000000000000000000000e+02 1.557208720000000000000000000000e+08 2.100000000000000000000000000000e+01
3.700000000000000000000000000000e+01 4.500000000000000000000000000000e+01 9.112500000000000000000000000000e+04 2.200000000000000000000000000000e+01
3.900000000000000000000000000000e+01 1.000000000000000000000000000000e+01 1.000000000000000000000000000000e+03 2.300000000000000000000000000000e+01
4.000000000000000000000000000000e+01 1.640000000000000000000000000000e+02 4.410944000000000000000000000000e+06 2.400000000000000000000000000000e+01
4.200000000000000000000000000000e+01 8.800000000000000000000000000000e+01 6.814720000000000000000000000000e+05 2.500000000000000000000000000000e+01
4.400000000000000000000000000000e+01 1.280000000000000000000000000000e+02 2.097152000000000000000000000000e+06 2.600000000000000000000000000000e+01
4.500000000000000000000000000000e+01 3.900000000000000000000000000000e+01 5.931900000000000000000000000000e+04 2.700000000000000000000000000000e+01
4.600000000000000000000000000000e+01 2.870000000000000000000000000000e+02 2.363990300000000000000000000000e+07 2.800000000000000000000000000000e+01
4.700000000000000000000000000000e+01 4.700000000000000000000000000000e+01 1.038230000000000000000000000000e+05 2.900000000000000000000000000000e+01
4.800000000000000000000000000000e+01 1.450000000000000000000000000000e+02 3.048625000000000000000000000000e+06 3.000000000000000000000000000000e+01
5.000000000000000000000000000000e+01 4.600000000000000000000000000000e+01 9.733600000000000000000000000000e+04 3.100000000000000000000000000000e+01
5.300000000000000000000000000000e+01 1.390000000000000000000000000000e+02 2.685619000000000000000000000000e+06 3.200000000000000000000000000000e+01
5.700000000000000000000000000000e+01 3.140000000000000000000000000000e+02 3.095914400000000000000000000000e+07 3.300000000000000000000000000000e+01
5.800000000000000000000000000000e+01 1.990000000000000000000000000000e+02 7.880599000000000000000000000000e+06 3.400000000000000000000000000000e+01
6.000000000000000000000000000000e+01 2.190000000000000000000000000000e+02 1.050345900000000000000000000000e+07 3.500000000000000000000000000000e+01
6.100000000000000000000000000000e+01 2.060000000000000000000000000000e+02 8.741816000000000000000000000000e+06 3.600000000000000000000000000000e+01
6.200000000000000000000000000000e+01 9.700000000000000000000000000000e+01 9.126730000000000000000000000000e+05 3.700000000000000000000000000000e+01
6.300000000000000000000000000000e+01 6.200000000000000000000000000000e+01 2.383280000000000000000000000000e+05 3.800000000000000000000000000000e+01
6.500000000000000000000000000000e+01 3.160000000000000000000000000000e+02 3.155449600000000000000000000000e+07 3.900000000000000000000000000000e+01
6.600000000000000000000000000000e+01 4.000000000000000000000000000000e+00 6.400000000000000000000000000000e+01 4.000000000000000000000000000000e+01
6.900000000000000000000000000000e+01 4.200000000000000000000000000000e+01 7.408800000000000000000000000000e+04 4.100000000000000000000000000000e+01
7.100000000000000000000000000000e+01 1.820000000000000000000000000000e+02 6.028568000000000000000000000000e+06 4.200000000000000000000000000000e+01
7.400000000000000000000000000000e+01 1.900000000000000000000000000000e+01 6.859000000000000000000000000000e+03 4.300000000000000000000000000000e+01
7.500000000000000000000000000000e+01 3.100000000000000000000000000000e+01 2.979100000000000000000000000000e+04 4.400000000000000000000000000000e+01
7.600000000000000000000000000000e+01 1.700000000000000000000000000000e+02 4.913000000000000000000000000000e+06 4.500000000000000000000000000000e+01
7.800000000000000000000000000000e+01 2.000000000000000000000000000000e+00 8.000000000000000000000000000000e+00 4.600000000000000000000000000000e+01
8.300000000000000000000000000000e+01 1.010000000000000000000000000000e+02 1.030301000000000000000000000000e+06 4.700000000000000000000000000000e+01
8.400000000000000000000000000000e+01 1.000000000000000000000000000000e+00 1.000000000000000000000000000000e+00 4.800000000000000000000000000000e+01
8.800000000000000000000000000000e+01 3.200000000000000000000000000000e+01 3.276800000000000000000000000000e+04 4.900000000000000000000000000000e+01
8.900000000000000000000000000000e+01 1.100000000000000000000000000000e+02 1.331000000000000000000000000000e+06 5.000000000000000000000000000000e+01
9.000000000000000000000000000000e+01 1.210000000000000000000000000000e+02 1.771561000000000000000000000000e+06 5.100000000000000000000000000000e+01
9.100000000000000000000000000000e+01 4.800000000000000000000000000000e+01 1.105920000000000000000000000000e+05 5.200000000000000000000000000000e+01
9.400000000000000000000000000000e+01 7.000000000000000000000000000000e+00 3.430000000000000000000000000000e+02 5.300000000000000000000000000000e+01
9.500000000000000000000000000000e+01 2.740000000000000000000000000000e+02 2.057082400000000000000000000000e+07 5.400000000000000000000000000000e+01
9.600000000000000000000000000000e+01 1.240000000000000000000000000000e+02 1.906624000000000000000000000000e+06 5.500000000000000000000000000000e+01
9.800000000000000000000000000000e+01 1.500000000000000000000000000000e+01 3.375000000000000000000000000000e+03 5.600000000000000000000000000000e+01
1.020000000000000000000000000000e+02 7.000000000000000000000000000000e+00 3.430000000000000000000000000000e+02 5.700000000000000000000000000000e+01
1.030000000000000000000000000000e+02 3.100000000000000000000000000000e+01 2.979100000000000000000000000000e+04 5.800000000000000000000000000000e+01
1.040000000000000000000000000000e+02 3.710000000000000000000000000000e+02 5.106481100000000000000000000000e+07 5.900000000000000000000000000000e+01
1.060000000000000000000000000000e+02 2.600000000000000000000000000000e+01 1.757600000000000000000000000000e+04 6.000000000000000000000000000000e+01
1.090000000000000000000000000000e+02 1.340000000000000000000000000000e+02 2.406104000000000000000000000000e+06 6.100000000000000000000000000000e+01
1.120000000000000000000000000000e+02 5.400000000000000000000000000000e+01 1.574640000000000000000000000000e+05 6.200000000000000000000000000000e+01
1.130000000000000000000000000000e+02 2.860000000000000000000000000000e+02 2.339365600000000000000000000000e+07 6.300000000000000000000000000000e+01
1.150000000000000000000000000000e+02 1.800000000000000000000000000000e+01 5.832000000000000000000000000000e+03 6.400000000000000000000000000000e+01
1.180000000000000000000000000000e+02 1.020000000000000000000000000000e+02 1.061208000000000000000000000000e+06 6.500000000000000000000000000000e+01
1.190000000000000000000000000000e+02 2.200000000000000000000000000000e+01 1.064800000000000000000000000000e+04 6.600000000000000000000000000000e+01
1.200000000000000000000000000000e+02 2.220000000000000000000000000000e+02 1.094104800000000000000000000000e+07 6.700000000000000000000000000000e+01
1.220000000000000000000000000000e+02 2.480000000000000000000000000000e+02 1.525299200000000000000000000000e+07 6.800000000000000000000000000000e+01
1.240000000000000000000000000000e+02 3.000000000000000000000000000000e+01 2.700000000000000000000000000000e+04 6.900000000000000000000000000000e+01
1.250000000000000000000000000000e+02 2.550000000000000000000000000000e+02 1.658137500000000000000000000000e+07 7.000000000000000000000000000000e+01
1.260000000000000000000000000000e+02 5.800000000000000000000000000000e+01 1.951120000000000000000000000000e+05 7.100000000000000000000000000000e+01
1.270000000000000000000000000000e+02 7.000000000000000000000000000000e+00 3.430000000000000000000000000000e+02 7.200000000000000000000000000000e+01
1.280000000000000000000000000000e+02 6.000000000000000000000000000000e+01 2.160000000000000000000000000000e+05 7.300000000000000000000000000000e+01
1.290000000000000000000000000000e+02 5.000000000000000000000000000000e+00 1.250000000000000000000000000000e+02 7.400000000000000000000000000000e+01
1.300000000000000000000000000000e+02 2.800000000000000000000000000000e+01 2.195200000000000000000000000000e+04 7.500000000000000000000000000000e+01
1.310000000000000000000000000000e+02 1.160000000000000000000000000000e+02 1.560896000000000000000000000000e+06 7.600000000000000000000000000000e+01
1.320000000000000000000000000000e+02 1.560000000000000000000000000000e+02 3.796416000000000000000000000000e+06 7.700000000000000000000000000000e+01
1.330000000000000000000000000000e+02 2.270000000000000000000000000000e+02 1.169708300000000000000000000000e+07 7.800000000000000000000000000000e+01
1.400000000000000000000000000000e+02 1.380000000000000000000000000000e+02 2.628072000000000000000000000000e+06 7.900000000000000000000000000000e+01
1.410000000000000000000000000000e+02 1.450000000000000000000000000000e+02 3.048625000000000000000000000000e+06 8.000000000000000000000000000000e+01
1.420000000000000000000000000000e+02 9.000000000000000000000000000000e+00 7.290000000000000000000000000000e+02 8.100000000000000000000000000000e+01
1.450000000000000000000000000000e+02 3.300000000000000000000000000000e+01 3.593700000000000000000000000000e+04 8.200000000000000000000000000000e+01
1.460000000000000000000000000000e+02 4.000000000000000000000000000000e+00 6.400000000000000000000000000000e+01 8.300000000000000000000000000000e+01
1.470000000000000000000000000000e+02 8.000000000000000000000000000000e+00 5.120000000000000000000000000000e+02 8.400000000000000000000000000000e+01
1.490000000000000000000000000000e+02 1.150000000000000000000000000000e+02 1.520875000000000000000000000000e+06 8.500000000000000000000000000000e+01
