1.000000000000000000000000000000e+00 7.500000000000000000000000000000e+01 4.218750000000000000000000000000e+05 0.000000000000000000000000000000e+00
4.000000000000000000000000000000e+00 9.400000000000000000000000000000e+01 8.305840000000000000000000000000e+05 1.000000000000000000000000000000e+00
9.000000000000000000000000000000e+00 3.000000000000000000000000000000e+00 2.700000000000000000000000000000e+01 2.000000000000000000000000000000e+00
1.000000000000000000000000000000e+01 2.000000000000000000000000000000e+00 8.000000000000000000000000000000e+00 3.000000000000000000000000000000e+00
1.100000000000000000000000000000e+01 1.120000000000000000000000000000e+02 1.404928000000000000000000000000e+06 4.000000000000000000000000000000e+00
1.200000000000000000000000000000e+01 5.700000000000000000000000000000e+01 1.851930000000000000000000000000e+05 5.000000000000000000000000000000e+00
1.300000000000000000000000000000e+01 2.700000000000000000000000000000e+01 1.968300000000000000000000000000e+04 6.000000000000000000000000000000e+00
2.000000000000000000000000000000e+01 2.300000000000000000000000000000e+01 1.216700000000000000000000000000e+04 7.000000000000000000000000000000e+00
2.100000000000000000000000000000e+01 1.180000000000000000000000000000e+02 1.643032000000000000000000000000e+06 8.000000000000000000000000000000e+00
2.300000000000000000000000000000e+01 5.200000000000000000000000000000e+01 1.406080000000000000000000000000e+05 9.000000000000000000000000000000e+00
2.400000000000000000000000000000e+01 8.500000000000000000000000000000e+01 6.141250000000000000000000000000e+05 1.000000000000000000000000000000e+01
2.600000000000000000000000000000e+01 5.800000000000000000000000000000e+01 1.951120000000000000000000000000e+05 1.100000000000000000000000000000e+01
2.700000000000000000000000000000e+01 2.790000000000000000000000000000e+02 2.171763900000000000000000000000e+07 1.200000000000000000000000000000e+01
3.000000000000000000000000000000e+01 6.900000000000000000000000000000e+01 3.285090000000000000000000000000e+05 1.300000000000000000000000000000e+01
3.400000000000000000000000000000e+01 3.400000000000000000000000000000e+01 3.930400000000000000000000000000e+04 1.400000000000000000000000000000e+01
3.500000000000000000000000000000e+01 3.100000000000000000000000000000e+02 2.979100000000000000000000000000e+07 1.500000000000000000000000000000e+01
3.800000000000000000000000000000e+01 1.810000000000000000000000000000e+02 5.929741000000000000000000000000e+06 1.600000000000000000000000000000e+01
3.900000000000000000000000000000e+01 2.530000000000000000000000000000e+02 1.619427700000000000000000000000e+07 1.700000000000000000000000000000e+01
4.000000000000000000000000000000e+01 1.050000000000000000000000000000e+02 1.157625000000000000000000000000e+06 1.800000000000000000000000000000e+01
4.100000000000000000000000000000e+01 5.800000000000000000000000000000e+01 1.951120000000000000000000000000e+05 1.900000000000000000000000000000e+01
4.200000000000000000000000000000e+01 1.000000000000000000000000000000e+02 1.000000000000000000000000000000e+06 2.000000000000000000000000000000e+01
4.400000000000000000000000000000e+01 1.190000000000000000000000000000e+02 1.685159000000000000000000000000e+06 2.100000000000000000000000000000e+01
4.500000000000000000000000000000e+01 9.600000000000000000000000000000e+01 8.847360000000000000000000000000e+05 2.200000000000000000000000000000e+01
4.700000000000000000000000000000e+01 2.690000000000000000000000000000e+02 1.946510900000000000000000000000e+07 2.300000000000000000000000000000e+01
4.900000000000000000000000000000e+01 6.600000000000000000000000000000e+01 2.874960000000000000000000000000e+05 2.400000000000000000000000000000e+01
5.100000000000000000000000000000e+01 3.500000000000000000000000000000e+01 4.287500000000000000000000000000e+04 2.500000000000000000000000000000e+01
5.400000000000000000000000000000e+01 1.400000000000000000000000000000e+02 2.744000000000000000000000000000e+06 2.600000000000000000000000000000e+01
5.500000000000000000000000000000e+01 1.330000000000000000000000000000e+02 2.352637000000000000000000000000e+06 2.700000000000000000000000000000e+01
5.600000000000000000000000000000e+01 8.400000000000000000000000000000e+01 5.927040000000000000000000000000e+05 2.800000000000000000000000000000e+01
5.700000000000000000000000000000e+01 7.600000000000000000000000000000e+01 4.389760000000000000000000000000e+05 2.900000000000000000000000000000e+01
6.400000000000000000000000000000e+01 6.400000000000000000000000000000e+01 2.621440000000000000000000000000e+05 3.000000000000000000000000000000e+01
6.700000000000000000000000000000e+01 2.500000000000000000000000000000e+01 1.562500000000000000000000000000e+04 3.100000000000000000000000000000e+01
7.100000000000000000000000000000e+01 1.300000000000000000000000000000e+01 2.197000000000000000000000000000e+03 3.200000000000000000000000000000e+01
7.400000000000000000000000000000e+01 6.000000000000000000000000000000e+01 2.160000000000000000000000000000e+05 3.300000000000000000000000000000e+01
7.800000000000000000000000000000e+01 4.300000000000000000000000000000e+01 7.950700000000000000000000000000e+04 3.400000000000000000000000000000e+01
7.900000000000000000000000000000e+01 4.300000000000000000000000000000e+01 7.950700000000000000000000000000e+04 3.500000000000000000000000000000e+01
8.100000000000000000000000000000e+01 2.150000000000000000000000000000e+02 9.938375000000000000000000000000e+06 3.600000000000000000000000000000e+01
8.200000000000000000000000000000e+01 1.290000000000000000000000000000e+02 2.146689000000000000000000000000e+06 3.700000000000000000000000000000e+01
8.300000000000000000000000000000e+01 7.200000000000000000000000000000e+01 3.732480000000000000000000000000e+05 3.800000000000000000000000000000e+01
8.500000000000000000000000000000e+01 3.400000000000000000000000000000e+02 3.930400000000000000000000000000e+07 3.900000000000000000000000000000e+01
8.700000000000000000000000000000e+01 2.700000000000000000000000000000e+01 1.968300000000000000000000000000e+04 4.000000000000000000000000000000e+01
9.300000000000000000000000000000e+01 1.370000000000000000000000000000e+02 2.571353000000000000000000000000e+06 4.100000000000000000000000000000e+01
9.400000000000000000000000000000e+01 7.500000000000000000000000000000e+01 4.218750000000000000000000000000e+05 4.200000000000000000000000000000e+01
9.700000000000000000000000000000e+01 6.600000000000000000000000000000e+01 2.874960000000000000000000000000e+05 4.300000000000000000000000000000e+01
9.900000000000000000000000000000e+01 3.900000000000000000000000000000e+01 5.931900000000000000000000000000e+04 4.400000000000000000000000000000e+01
1.000000000000000000000000000000e+02 2.300000000000000000000000000000e+01 1.216700000000000000000000000000e+04 4.500000000000000000000000000000e+01
1.010000000000000000000000000000e+02 8.400000000000000000000000000000e+01 5.927040000000000000000000000000e+05 4.600000000000000000000000000000e+01
1.020000000000000000000000000000e+02 8.900000000000000000000000000000e+01 7.049690000000000000000000000000e+05 4.700000000000000000000000000000e+01
1.050000000000000000000000000000e+02 2.500000000000000000000000000000e+02 1.562500000000000000000000000000e+07 4.800000000000000000000000000000e+01
1.060000000000000000000000000000e+02 1.900000000000000000000000000000e+01 6.859000000000000000000000000000e+03 4.900000000000000000000000000000e+01
1.090000000000000000000000000000e+02 1.200000000000000000000000000000e+01 1.728000000000000000000000000000e+03 5.000000000000000000000000000000e+01
1.100000000000000000000000000000e+02 3.340000000000000000000000000000e+02 3.725970400000000000000000000000e+07 5.100000000000000000000000000000e+01
1.110000000000000000000000000000e+02 2.430000000000000000000000000000e+02 1.434890700000000000000000000000e+07 5.200000000000000000000000000000e+01
1.120000000000000000000000000000e+02 1.290000000000000000000000000000e+02 2.146689000000000000000000000000e+06 5.300000000000000000000000000000e+01
1.150000000000000000000000000000e+02 1.090000000000000000000000000000e+02 1.295029000000000000000000000000e+06 5.400000000000000000000000000000e+01
1.190000000000000000000000000000e+02 3.100000000000000000000000000000e+01 2.979100000000000000000000000000e+04 5.500000000000000000000000000000e+01
1.210000000000000000000000000000e+02 3.330000000000000000000000000000e+02 3.692603700000000000000000000000e+07 5.600000000000000000000000000000e+01
1.240000000000000000000000000000e+02 1.640000000000000000000000000000e+02 4.410944000000000000000000000000e+06 5.700000000000000000000000000000e+01
1.270000000000000000000000000000e+02 1.560000000000000000000000000000e+02 3.796416000000000000000000000000e+06 5.800000000000000000000000000000e+01
1.280000000000000000000000000000e+02 1.700000000000000000000000000000e+01 4.913000000000000000000000000000e+03 5.900000000000000000000000000000e+01
1.300000000000000000000000000000e+02 9.600000000000000000000000000000e+01 8.847360000000000000000000000000e+05 6.000000000000000000000000000000e+01
1.320000000000000000000000000000e+02 1.280000000000000000000000000000e+02 2.097152000000000000000000000000e+06 6.100000000000000000000000000000e+01
1.330000000000000000000000000000e+02 2.500000000000000000000000000000e+02 1.562500000000000000000000000000e+07 6.200000000000000000000000000000e+01
1.350000000000000000000000000000e+02 7.000000000000000000000000000000e+01 3.430000000000000000000000000000e+05 6.300000000000000000000000000000e+01
1.360000000000000000000000000000e+02 3.900000000000000000000000000000e+01 5.931900000000000000000000000000e+04 6.400000000000000000000000000000e+01
1.370000000000000000000000000000e+02 1.300000000000000000000000000000e+01 2.197000000000000000000000000000e+03 6.500000000000000000000000000000e+01
1.380000000000000000000000000000e+02 1.000000000000000000000000000000e+00 1.000000000000000000000000000000e+00 6.600000000000000000000000000000e+01
1.390000000000000000000000000000e+02 3.800000000000000000000000000000e+01 5.487200000000000000000000000000e+04 6.700000000000000000000000000000e+01
1.400000000000000000000000000000e+02 1.390000000000000000000000000000e+02 2.685619000000000000000000000000e+06 6.800000000000000000000000000000e+01
1.420000000000000000000000000000e+02 5.700000000000000000000000000000e+01 1.851930000000000000000000000000e+05 6.900000000000000000000000000000e+01
1.440000000000000000000000000000e+02 1.030000000000000000000000000000e+02 1.092727000000000000000000000000e+06 7.000000000000000000000000000000e+01
1.460000000000000000000000000000e+02 8.100000000000000000000000000000e+01 5.314410000000000000000000000000e+05 7.100000000000000000000000000000e+01
1.470000000000000000000000000000e+02 1.070000000000000000000000000000e+02 1.225043000000000000000000000000e+06 7.200000000000000000000000000000e+01
1.480000000000000000000000000000e+02 5.000000000000000000000000000000e+00 1.250000000000000000000000000000e+02 7.300000000000000000000000000000e+01
