1.000000000000000000000000000000e+00 4.500000000000000000000000000000e+01 9.112500000000000000000000000000e+04 0.000000000000000000000000000000e+00
3.000000000000000000000000000000e+00 1.600000000000000000000000000000e+01 4.096000000000000000000000000000e+03 1.000000000000000000000000000000e+00
4.000000000000000000000000000000e+00 1.330000000000000000000000000000e+02 2.352637000000000000000000000000e+06 2.000000000000000000000000000000e+00
8.000000000000000000000000000000e+00 2.430000000000000000000000000000e+02 1.434890700000000000000000000000e+07 3.000000000000000000000000000000e+00
1.000000000000000000000000000000e+01 1.300000000000000000000000000000e+01 2.197000000000000000000000000000e+03 4.000000000000000000000000000000e+00
1.100000000000000000000000000000e+01 1.090000000000000000000000000000e+02 1.295029000000000000000000000000e+06 5.000000000000000000000000000000e+00
1.500000000000000000000000000000e+01 8.800000000000000000000000000000e+01 6.814720000000000000000000000000e+05 6.000000000000000000000000000000e+00
1.700000000000000000000000000000e+01 1.380000000000000000000000000000e+02 2.628072000000000000000000000000e+06 7.000000000000000000000000000000e+00
1.900000000000000000000000000000e+01 1.200000000000000000000000000000e+02 1.728000000000000000000000000000e+06 8.000000000000000000000000000000e+00
2.500000000000000000000000000000e+01 6.500000000000000000000000000000e+01 2.746250000000000000000000000000e+05 9.000000000000000000000000000000e+00
2.800000000000000000000000000000e+01 4.100000000000000000000000000000e+01 6.892100000000000000000000000000e+04 1.000000000000000000000000000000e+01
3.100000000000000000000000000000e+01 9.900000000000000000000000000000e+01 9.702990000000000000000000000000e+05 1.100000000000000000000000000000e+01
3.300000000000000000000000000000e+01 1.890000000000000000000000000000e+02 6.751269000000000000000000000000e+06 1.200000000000000000000000000000e+01
3.400000000000000000000000000000e+01 1.050000000000000000000000000000e+02 1.157625000000000000000000000000e+06 1.300000000000000000000000000000e+01
3.600000000000000000000000000000e+01 9.300000000000000000000000000000e+01 8.043570000000000000000000000000e+05 1.400000000000000000000000000000e+01
3.800000000000000000000000000000e+01 8.000000000000000000000000000000e+00 5.120000000000000000000000000000e+02 1.500000000000000000000000000000e+01
3.900000000000000000000000000000e+01 1.100000000000000000000000000000e+01 1.331000000000000000000000000000e+03 1.600000000000000000000000000000e+01
4.000000000000000000000000000000e+01 1.700000000000000000000000000000e+01 4.913000000000000000000000000000e+03 1.700000000000000000000000000000e+01
4.400000000000000000000000000000e+01 6.400000000000000000000000000000e+01 2.621440000000000000000000000000e+05 1.800000000000000000000000000000e+01
4.600000000000000000000000000000e+01 1.120000000000000000000000000000e+02 1.404928000000000000000000000000e+06 1.900000000000000000000000000000e+01
4.800000000000000000000000000000e+01 2.700000000000000000000000000000e+01 1.968300000000000000000000000000e+04 2.000000000000000000000000000000e+01
5.000000000000000000000000000000e+01 7.900000000000000000000000000000e+01 4.930390000000000000000000000000e+05 2.100000000000000000000000000000e+01
5.200000000000000000000000000000e+01 3.900000000000000000000000000000e+01 5.931900000000000000000000000000e+04 2.200000000000000000000000000000e+01
5.400000000000000000000000000000e+01 1.140000000000000000000000000000e+02 1.481544000000000000000000000000e+06 2.300000000000000000000000000000e+01
5.500000000000000000000000000000e+01 2.860000000000000000000000000000e+02 2.339365600000000000000000000000e+07 2.400000000000000000000000000000e+01
5.600000000000000000000000000000e+01 1.690000000000000000000000000000e+02 4.826809000000000000000000000000e+06 2.500000000000000000000000000000e+01
6.200000000000000000000000000000e+01 1.300000000000000000000000000000e+01 2.197000000000000000000000000000e+03 2.600000000000000000000000000000e+01
6.300000000000000000000000000000e+01 1.500000000000000000000000000000e+01 3.375000000000000000000000000000e+03 2.700000000000000000000000000000e+01
6.500000000000000000000000000000e+01 1.190000000000000000000000000000e+02 1.685159000000000000000000000000e+06 2.800000000000000000000000000000e+01
6.700000000000000000000000000000e+01 1.700000000000000000000000000000e+01 4.913000000000000000000000000000e+03 2.900000000000000000000000000000e+01
6.800000000000000000000000000000e+01 7.700000000000000000000000000000e+01 4.565330000000000000000000000000e+05 3.000000000000000000000000000000e+01
6.900000000000000000000000000000e+01 6.700000000000000000000000000000e+01 3.007630000000000000000000000000e+05 3.100000000000000000000000000000e+01
7.000000000000000000000000000000e+01 2.640000000000000000000000000000e+02 1.839974400000000000000000000000e+07 3.200000000000000000000000000000e+01
7.200000000000000000000000000000e+01 5.100000000000000000000000000000e+01 1.326510000000000000000000000000e+05 3.300000000000000000000000000000e+01
7.800000000000000000000000000000e+01 3.090000000000000000000000000000e+02 2.950362900000000000000000000000e+07 3.400000000000000000000000000000e+01
8.100000000000000000000000000000e+01 6.600000000000000000000000000000e+01 2.874960000000000000000000000000e+05 3.500000000000000000000000000000e+01
8.300000000000000000000000000000e+01 8.400000000000000000000000000000e+01 5.927040000000000000000000000000e+05 3.600000000000000000000000000000e+01
8.400000000000000000000000000000e+01 3.000000000000000000000000000000e+01 2.700000000000000000000000000000e+04 3.700000000000000000000000000000e+01
8.500000000000000000000000000000e+01 1.200000000000000000000000000000e+02 1.728000000000000000000000000000e+06 3.800000000000000000000000000000e+01
8.700000000000000000000000000000e+01 1.220000000000000000000000000000e+02 1.815848000000000000000000000000e+06 3.900000000000000000000000000000e+01
9.000000000000000000000000000000e+01 1.540000000000000000000000000000e+02 3.652264000000000000000000000000e+06 4.000000000000000000000000000000e+01
9.100000000000000000000000000000e+01 1.200000000000000000000000000000e+01 1.728000000000000000000000000000e+03 4.100000000000000000000000000000e+01
9.200000000000000000000000000000e+01 2.580000000000000000000000000000e+02 1.717351200000000000000000000000e+07 4.200000000000000000000000000000e+01
9.400000000000000000000000000000e+01 2.660000000000000000000000000000e+02 1.882109600000000000000000000000e+07 4.300000000000000000000000000000e+01
9.700000000000000000000000000000e+01 8.000000000000000000000000000000e+01 5.120000000000000000000000000000e+05 4.400000000000000000000000000000e+01
1.020000000000000000000000000000e+02 2.210000000000000000000000000000e+02 1.079386100000000000000000000000e+07 4.500000000000000000000000000000e+01
1.030000000000000000000000000000e+02 7.300000000000000000000000000000e+01 3.890170000000000000000000000000e+05 4.600000000000000000000000000000e+01
1.050000000000000000000000000000e+02 3.300000000000000000000000000000e+01 3.593700000000000000000000000000e+04 4.700000000000000000000000000000e+01
1.070000000000000000000000000000e+02 3.000000000000000000000000000000e+01 2.700000000000000000000000000000e+04 4.800000000000000000000000000000e+01
1.090000000000000000000000000000e+02 3.500000000000000000000000000000e+01 4.287500000000000000000000000000e+04 4.900000000000000000000000000000e+01
1.120000000000000000000000000000e+02 1.000000000000000000000000000000e+00 1.000000000000000000000000000000e+00 5.000000000000000000000000000000e+01
1.130000000000000000000000000000e+02 2.650000000000000000000000000000e+02 1.860962500000000000000000000000e+07 5.100000000000000000000000000000e+01
1.150000000000000000000000000000e+02 1.220000000000000000000000000000e+02 1.815848000000000000000000000000e+06 5.200000000000000000000000000000e+01
1.170000000000000000000000000000e+02 2.090000000000000000000000000000e+02 9.129329000000000000000000000000e+06 5.300000000000000000000000000000e+01
1.190000000000000000000000000000e+02 2.200000000000000000000000000000e+02 1.064800000000000000000000000000e+07 5.400000000000000000000000000000e+01
1.220000000000000000000000000000e+02 9.400000000000000000000000000000e+01 8.305840000000000000000000000000e+05 5.500000000000000000000000000000e+01
1.240000000000000000000000000000e+02 7.300000000000000000000000000000e+01 3.890170000000000000000000000000e+05 5.600000000000000000000000000000e+01
1.260000000000000000000000000000e+02 7.000000000000000000000000000000e+01 3.430000000000000000000000000000e+05 5.700000000000000000000000000000e+01
1.270000000000000000000000000000e+02 4.500000000000000000000000000000e+01 9.112500000000000000000000000000e+04 5.800000000000000000000000000000e+01
1.290000000000000000000000000000e+02 1.140000000000000000000000000000e+02 1.481544000000000000000000000000e+06 5.900000000000000000000000000000e+01
1.300000000000000000000000000000e+02 2.000000000000000000000000000000e+02 8.000000000000000000000000000000e+06 6.000000000000000000000000000000e+01
1.320000000000000000000000000000e+02 8.900000000000000000000000000000e+01 7.049690000000000000000000000000e+05 6.100000000000000000000000000000e+01
1.370000000000000000000000000000e+02 2.550000000000000000000000000000e+02 1.658137500000000000000000000000e+07 6.200000000000000000000000000000e+01
1.390000000000000000000000000000e+02 6.400000000000000000000000000000e+01 2.621440000000000000000000000000e+05 6.300000000000000000000000000000e+01
1.410000000000000000000000000000e+02 4.010000000000000000000000000000e+02 6.448120100000000000000000000000e+07 6.400000000000000000000000000000e+01
1.430000000000000000000000000000e+02 6.900000000000000000000000000000e+01 3.285090000000000000000000000000e+05 6.500000000000000000000000000000e+01
1.450000000000000000000000000000e+02 4.500000000000000000000000000000e+01 9.112500000000000000000000000000e+04 6.600000000000000000000000000000e+01
1.460000000000000000000000000000e+02 1.000000000000000000000000000000e+01 1.000000000000000000000000000000e+03 6.700000000000000000000000000000e+01
