5.000000000000000000000000000000e+00 1.870000000000000000000000000000e+02 6.539203000000000000000000000000e+06 0.000000000000000000000000000000e+00
6.000000000000000000000000000000e+00 1.400000000000000000000000000000e+01 2.744000000000000000000000000000e+03 1.000000000000000000000000000000e+00
7.000000000000000000000000000000e+00 6.100000000000000000000000000000e+01 2.269810000000000000000000000000e+05 2.000000000000000000000000000000e+00
9.000000000000000000000000000000e+00 1.440000000000000000000000000000e+02 2.985984000000000000000000000000e+06 3.000000000000000000000000000000e+00
1.100000000000000000000000000000e+01 1.020000000000000000000000000000e+02 1.061208000000000000000000000000e+06 4.000000000000000000000000000000e+00
1.200000000000000000000000000000e+01 5.100000000000000000000000000000e+01 1.326510000000000000000000000000e+05 5.000000000000000000000000000000e+00
1.300000000000000000000000000000e+01 5.400000000000000000000000000000e+01 1.574640000000000000000000000000e+05 6.000000000000000000000000000000e+00
1.700000000000000000000000000000e+01 9.000000000000000000000000000000e+00 7.290000000000000000000000000000e+02 7.000000000000000000000000000000e+00
1.900000000000000000000000000000e+01 1.060000000000000000000000000000e+02 1.191016000000000000000000000000e+06 8.000000000000000000000000000000e+00
2.400000000000000000000000000000e+01 1.790000000000000000000000000000e+02 5.735339000000000000000000000000e+06 9.000000000000000000000000000000e+00
3.100000000000000000000000000000e+01 7.600000000000000000000000000000e+01 4.389760000000000000000000000000e+05 1.000000000000000000000000000000e+01
3.300000000000000000000000000000e+01 4.500000000000000000000000000000e+01 9.112500000000000000000000000000e+04 1.100000000000000000000000000000e+01
3.900000000000000000000000000000e+01 3.200000000000000000000000000000e+01 3.276800000000000000000000000000e+04 1.200000000000000000000000000000e+01
4.000000000000000000000000000000e+01 2.110000000000000000000000000000e+02 9.393931000000000000000000000000e+06 1.300000000000000000000000000000e+01
4.100000000000000000000000000000e+01 9.900000000000000000000000000000e+01 9.702990000000000000000000000000e+05 1.400000000000000000000000000000e+01
4.400000000000000000000000000000e+01 3.500000000000000000000000000000e+01 4.287500000000000000000000000000e+04 1.500000000000000000000000000000e+01
4.600000000000000000000000000000e+01 5.000000000000000000000000000000e+00 1.250000000000000000000000000000e+02 1.600000000000000000000000000000e+01
4.700000000000000000000000000000e+01 2.000000000000000000000000000000e+01 8.000000000000000000000000000000e+03 1.700000000000000000000000000000e+01
4.800000000000000000000000000000e+01 2.100000000000000000000000000000e+01 9.261000000000000000000000000000e+03 1.800000000000000000000000000000e+01
5.400000000000000000000000000000e+01 2.400000000000000000000000000000e+01 1.382400000000000000000000000000e+04 1.900000000000000000000000000000e+01
5.500000000000000000000000000000e+01 1.370000000000000000000000000000e+02 2.571353000000000000000000000000e+06 2.000000000000000000000000000000e+01
5.600000000000000000000000000000e+01 1.150000000000000000000000000000e+02 1.520875000000000000000000000000e+06 2.100000000000000000000000000000e+01
5.700000000000000000000000000000e+01 1.350000000000000000000000000000e+02 2.460375000000000000000000000000e+06 2.200000000000000000000000000000e+01
5.800000000000000000000000000000e+01 1.880000000000000000000000000000e+02 6.644672000000000000000000000000e+06 2.300000000000000000000000000000e+01
6.000000000000000000000000000000e+01 3.530000000000000000000000000000e+02 4.398697700000000000000000000000e+07 2.400000000000000000000000000000e+01
6.200000000000000000000000000000e+01 1.630000000000000000000000000000e+02 4.330747000000000000000000000000e+06 2.500000000000000000000000000000e+01
6.300000000000000000000000000000e+01 1.220000000000000000000000000000e+02 1.815848000000000000000000000000e+06 2.600000000000000000000000000000e+01
7.000000000000000000000000000000e+01 3.580000000000000000000000000000e+02 4.588271200000000000000000000000e+07 2.700000000000000000000000000000e+01
7.100000000000000000000000000000e+01 2.810000000000000000000000000000e+02 2.218804100000000000000000000000e+07 2.800000000000000000000000000000e+01
7.300000000000000000000000000000e+01 2.390000000000000000000000000000e+02 1.365191900000000000000000000000e+07 2.900000000000000000000000000000e+01
7.500000000000000000000000000000e+01 3.500000000000000000000000000000e+01 4.287500000000000000000000000000e+04 3.000000000000000000000000000000e+01
8.300000000000000000000000000000e+01 2.800000000000000000000000000000e+01 2.195200000000000000000000000000e+04 3.100000000000000000000000000000e+01
8.400000000000000000000000000000e+01 2.000000000000000000000000000000e+00 8.000000000000000000000000000000e+00 3.200000000000000000000000000000e+01
8.500000000000000000000000000000e+01 2.000000000000000000000000000000e+01 8.000000000000000000000000000000e+03 3.300000000000000000000000000000e+01
9.000000000000000000000000000000e+01 2.020000000000000000000000000000e+02 8.242408000000000000000000000000e+06 3.400000000000000000000000000000e+01
9.100000000000000000000000000000e+01 5.100000000000000000000000000000e+01 1.326510000000000000000000000000e+05 3.500000000000000000000000000000e+01
9.400000000000000000000000000000e+01 1.240000000000000000000000000000e+02 1.906624000000000000000000000000e+06 3.600000000000000000000000000000e+01
9.500000000000000000000000000000e+01 1.220000000000000000000000000000e+02 1.815848000000000000000000000000e+06 3.700000000000000000000000000000e+01
9.600000000000000000000000000000e+01 3.000000000000000000000000000000e+01 2.700000000000000000000000000000e+04 3.800000000000000000000000000000e+01
1.010000000000000000000000000000e+02 4.730000000000000000000000000000e+02 1.058238170000000000000000000000e+08 3.900000000000000000000000000000e+01
1.030000000000000000000000000000e+02 8.900000000000000000000000000000e+01 7.049690000000000000000000000000e+05 4.000000000000000000000000000000e+01
1.060000000000000000000000000000e+02 4.470000000000000000000000000000e+02 8.931462300000000000000000000000e+07 4.100000000000000000000000000000e+01
1.080000000000000000000000000000e+02 1.380000000000000000000000000000e+02 2.628072000000000000000000000000e+06 4.200000000000000000000000000000e+01
1.090000000000000000000000000000e+02 1.460000000000000000000000000000e+02 3.112136000000000000000000000000e+06 4.300000000000000000000000000000e+01
1.140000000000000000000000000000e+02 1.700000000000000000000000000000e+01 4.913000000000000000000000000000e+03 4.400000000000000000000000000000e+01
1.150000000000000000000000000000e+02 2.700000000000000000000000000000e+01 1.968300000000000000000000000000e+04 4.500000000000000000000000000000e+01
1.180000000000000000000000000000e+02 1.060000000000000000000000000000e+02 1.191016000000000000000000000000e+06 4.600000000000000000000000000000e+01
1.190000000000000000000000000000e+02 1.100000000000000000000000000000e+01 1.331000000000000000000000000000e+03 4.700000000000000000000000000000e+01
1.200000000000000000000000000000e+02 9.200000000000000000000000000000e+01 7.786880000000000000000000000000e+05 4.800000000000000000000000000000e+01
1.210000000000000000000000000000e+02 3.600000000000000000000000000000e+01 4.665600000000000000000000000000e+04 4.900000000000000000000000000000e+01
1.260000000000000000000000000000e+02 3.000000000000000000000000000000e+00 2.700000000000000000000000000000e+01 5.000000000000000000000000000000e+01
1.270000000000000000000000000000e+02 4.300000000000000000000000000000e+01 7.950700000000000000000000000000e+04 5.100000000000000000000000000000e+01
1.300000000000000000000000000000e+02 1.570000000000000000000000000000e+02 3.869893000000000000000000000000e+06 5.200000000000000000000000000000e+01
1.390000000000000000000000000000e+02 1.010000000000000000000000000000e+02 1.030301000000000000000000000000e+06 5.300000000000000000000000000000e+01
1.410000000000000000000000000000e+02 2.000000000000000000000000000000e+01 8.000000000000000000000000000000e+03 5.400000000000000000000000000000e+01
1.480000000000000000000000000000e+02 1.840000000000000000000000000000e+02 6.229504000000000000000000000000e+06 5.500000000000000000000000000000e+01
