0.000000000000000000000000000000e+00 4.500000000000000000000000000000e+01 9.112500000000000000000000000000e+04 0.000000000000000000000000000000e+00
1.000000000000000000000000000000e+00 8.300000000000000000000000000000e+01 5.717870000000000000000000000000e+05 1.000000000000000000000000000000e+00
4.000000000000000000000000000000e+00 1.110000000000000000000000000000e+02 1.367631000000000000000000000000e+06 2.000000000000000000000000000000e+00
6.000000000000000000000000000000e+00 4.800000000000000000000000000000e+01 1.105920000000000000000000000000e+05 3.000000000000000000000000000000e+00
9.000000000000000000000000000000e+00 2.000000000000000000000000000000e+02 8.000000000000000000000000000000e+06 4.000000000000000000000000000000e+00
1.000000000000000000000000000000e+01 8.700000000000000000000000000000e+01 6.585030000000000000000000000000e+05 5.000000000000000000000000000000e+00
1.200000000000000000000000000000e+01 2.500000000000000000000000000000e+01 1.562500000000000000000000000000e+04 6.000000000000000000000000000000e+00
1.300000000000000000000000000000e+01 1.200000000000000000000000000000e+01 1.728000000000000000000000000000e+03 7.000000000000000000000000000000e+00
1.600000000000000000000000000000e+01 2.770000000000000000000000000000e+02 2.125393300000000000000000000000e+07 8.000000000000000000000000000000e+00
1.700000000000000000000000000000e+01 1.340000000000000000000000000000e+02 2.406104000000000000000000000000e+06 9.000000000000000000000000000000e+00
2.100000000000000000000000000000e+01 1.440000000000000000000000000000e+02 2.985984000000000000000000000000e+06 1.000000000000000000000000000000e+01
2.300000000000000000000000000000e+01 4.500000000000000000000000000000e+01 9.112500000000000000000000000000e+04 1.100000000000000000000000000000e+01
2.700000000000000000000000000000e+01 1.400000000000000000000000000000e+01 2.744000000000000000000000000000e+03 1.200000000000000000000000000000e+01
2.900000000000000000000000000000e+01 5.400000000000000000000000000000e+01 1.574640000000000000000000000000e+05 1.300000000000000000000000000000e+01
3.000000000000000000000000000000e+01 3.000000000000000000000000000000e+01 2.700000000000000000000000000000e+04 1.400000000000000000000000000000e+01
3.200000000000000000000000000000e+01 1.680000000000000000000000000000e+02 4.741632000000000000000000000000e+06 1.500000000000000000000000000000e+01
3.400000000000000000000000000000e+01 9.900000000000000000000000000000e+01 9.702990000000000000000000000000e+05 1.600000000000000000000000000000e+01
3.600000000000000000000000000000e+01 1.800000000000000000000000000000e+01 5.832000000000000000000000000000e+03 1.700000000000000000000000000000e+01
3.800000000000000000000000000000e+01 1.600000000000000000000000000000e+01 4.096000000000000000000000000000e+03 1.800000000000000000000000000000e+01
4.100000000000000000000000000000e+01 2.470000000000000000000000000000e+02 1.506922300000000000000000000000e+07 1.900000000000000000000000000000e+01
4.200000000000000000000000000000e+01 4.800000000000000000000000000000e+01 1.105920000000000000000000000000e+05 2.000000000000000000000000000000e+01
4.400000000000000000000000000000e+01 4.000000000000000000000000000000e+01 6.400000000000000000000000000000e+04 2.100000000000000000000000000000e+01
4.500000000000000000000000000000e+01 3.800000000000000000000000000000e+01 5.487200000000000000000000000000e+04 2.200000000000000000000000000000e+01
4.700000000000000000000000000000e+01 4.600000000000000000000000000000e+01 9.733600000000000000000000000000e+04 2.300000000000000000000000000000e+01
4.800000000000000000000000000000e+01 1.470000000000000000000000000000e+02 3.176523000000000000000000000000e+06 2.400000000000000000000000000000e+01
5.000000000000000000000000000000e+01 6.500000000000000000000000000000e+01 2.746250000000000000000000000000e+05 2.500000000000000000000000000000e+01
5.100000000000000000000000000000e+01 9.000000000000000000000000000000e+00 7.290000000000000000000000000000e+02 2.600000000000000000000000000000e+01
6.000000000000000000000000000000e+01 8.800000000000000000000000000000e+01 6.814720000000000000000000000000e+05 2.700000000000000000000000000000e+01
6.300000000000000000000000000000e+01 1.010000000000000000000000000000e+02 1.030301000000000000000000000000e+06 2.800000000000000000000000000000e+01
6.400000000000000000000000000000e+01 5.400000000000000000000000000000e+01 1.574640000000000000000000000000e+05 2.900000000000000000000000000000e+01
6.700000000000000000000000000000e+01 2.800000000000000000000000000000e+01 2.195200000000000000000000000000e+04 3.000000000000000000000000000000e+01
6.800000000000000000000000000000e+01 5.600000000000000000000000000000e+01 1.756160000000000000000000000000e+05 3.100000000000000000000000000000e+01
7.100000000000000000000000000000e+01 2.660000000000000000000000000000e+02 1.882109600000000000000000000000e+07 3.200000000000000000000000000000e+01
7.200000000000000000000000000000e+01 1.600000000000000000000000000000e+01 4.096000000000000000000000000000e+03 3.300000000000000000000000000000e+01
7.600000000000000000000000000000e+01 1.480000000000000000000000000000e+02 3.241792000000000000000000000000e+06 3.400000000000000000000000000000e+01
7.800000000000000000000000000000e+01 1.300000000000000000000000000000e+01 2.197000000000000000000000000000e+03 3.500000000000000000000000000000e+01
8.300000000000000000000000000000e+01 1.700000000000000000000000000000e+01 4.913000000000000000000000000000e+03 3.600000000000000000000000000000e+01
8.700000000000000000000000000000e+01 1.870000000000000000000000000000e+02 6.539203000000000000000000000000e+06 3.700000000000000000000000000000e+01
8.800000000000000000000000000000e+01 8.000000000000000000000000000000e+01 5.120000000000000000000000000000e+05 3.800000000000000000000000000000e+01
8.900000000000000000000000000000e+01 1.800000000000000000000000000000e+01 5.832000000000000000000000000000e+03 3.900000000000000000000000000000e+01
9.200000000000000000000000000000e+01 4.800000000000000000000000000000e+01 1.105920000000000000000000000000e+05 4.000000000000000000000000000000e+01
9.400000000000000000000000000000e+01 9.000000000000000000000000000000e+00 7.290000000000000000000000000000e+02 4.100000000000000000000000000000e+01
9.600000000000000000000000000000e+01 8.400000000000000000000000000000e+01 5.927040000000000000000000000000e+05 4.200000000000000000000000000000e+01
1.030000000000000000000000000000e+02 1.190000000000000000000000000000e+02 1.685159000000000000000000000000e+06 4.300000000000000000000000000000e+01
1.070000000000000000000000000000e+02 8.400000000000000000000000000000e+01 5.927040000000000000000000000000e+05 4.400000000000000000000000000000e+01
1.080000000000000000000000000000e+02 1.370000000000000000000000000000e+02 2.571353000000000000000000000000e+06 4.500000000000000000000000000000e+01
1.100000000000000000000000000000e+02 1.460000000000000000000000000000e+02 3.112136000000000000000000000000e+06 4.600000000000000000000000000000e+01
1.160000000000000000000000000000e+02 3.690000000000000000000000000000e+02 5.024340900000000000000000000000e+07 4.700000000000000000000000000000e+01
1.170000000000000000000000000000e+02 3.600000000000000000000000000000e+01 4.665600000000000000000000000000e+04 4.800000000000000000000000000000e+01
1.190000000000000000000000000000e+02 7.900000000000000000000000000000e+01 4.930390000000000000000000000000e+05 4.900000000000000000000000000000e+01
1.200000000000000000000000000000e+02 2.700000000000000000000000000000e+01 1.968300000000000000000000000000e+04 5.000000000000000000000000000000e+01
1.210000000000000000000000000000e+02 8.300000000000000000000000000000e+01 5.717870000000000000000000000000e+05 5.100000000000000000000000000000e+01
1.220000000000000000000000000000e+02 1.080000000000000000000000000000e+02 1.259712000000000000000000000000e+06 5.200000000000000000000000000000e+01
1.230000000000000000000000000000e+02 5.700000000000000000000000000000e+01 1.851930000000000000000000000000e+05 5.300000000000000000000000000000e+01
1.250000000000000000000000000000e+02 7.200000000000000000000000000000e+01 3.732480000000000000000000000000e+05 5.400000000000000000000000000000e+01
1.260000000000000000000000000000e+02 4.600000000000000000000000000000e+01 9.733600000000000000000000000000e+04 5.500000000000000000000000000000e+01
1.280000000000000000000000000000e+02 1.880000000000000000000000000000e+02 6.644672000000000000000000000000e+06 5.600000000000000000000000000000e+01
1.300000000000000000000000000000e+02 1.250000000000000000000000000000e+02 1.953125000000000000000000000000e+06 5.700000000000000000000000000000e+01
1.310000000000000000000000000000e+02 5.600000000000000000000000000000e+01 1.756160000000000000000000000000e+05 5.800000000000000000000000000000e+01
1.330000000000000000000000000000e+02 1.270000000000000000000000000000e+02 2.048383000000000000000000000000e+06 5.900000000000000000000000000000e+01
1.350000000000000000000000000000e+02 1.170000000000000000000000000000e+02 1.601613000000000000000000000000e+06 6.000000000000000000000000000000e+01
1.360000000000000000000000000000e+02 1.470000000000000000000000000000e+02 3.176523000000000000000000000000e+06 6.100000000000000000000000000000e+01
1.370000000000000000000000000000e+02 5.000000000000000000000000000000e+00 1.250000000000000000000000000000e+02 6.200000000000000000000000000000e+01
1.390000000000000000000000000000e+02 1.920000000000000000000000000000e+02 7.077888000000000000000000000000e+06 6.300000000000000000000000000000e+01
1.400000000000000000000000000000e+02 1.700000000000000000000000000000e+01 4.913000000000000000000000000000e+03 6.400000000000000000000000000000e+01
1.410000000000000000000000000000e+02 2.700000000000000000000000000000e+01 1.968300000000000000000000000000e+04 6.500000000000000000000000000000e+01
1.440000000000000000000000000000e+02 2.090000000000000000000000000000e+02 9.129329000000000000000000000000e+06 6.600000000000000000000000000000e+01
1.460000000000000000000000000000e+02 7.000000000000000000000000000000e+01 3.430000000000000000000000000000e+05 6.700000000000000000000000000000e+01
1.470000000000000000000000000000e+02 3.300000000000000000000000000000e+01 3.593700000000000000000000000000e+04 6.800000000000000000000000000000e+01
