0.000000000000000000000000000000e+00 7.750000000000000000000000000000e+02 4.654843750000000000000000000000e+08 0.000000000000000000000000000000e+00
3.000000000000000000000000000000e+00 1.200000000000000000000000000000e+01 1.728000000000000000000000000000e+03 1.000000000000000000000000000000e+00
4.000000000000000000000000000000e+00 2.100000000000000000000000000000e+01 9.261000000000000000000000000000e+03 2.000000000000000000000000000000e+00
5.000000000000000000000000000000e+00 1.340000000000000000000000000000e+02 2.406104000000000000000000000000e+06 3.000000000000000000000000000000e+00
6.000000000000000000000000000000e+00 2.500000000000000000000000000000e+01 1.562500000000000000000000000000e+04 4.000000000000000000000000000000e+00
7.000000000000000000000000000000e+00 5.000000000000000000000000000000e+01 1.250000000000000000000000000000e+05 5.000000000000000000000000000000e+00
9.000000000000000000000000000000e+00 5.700000000000000000000000000000e+01 1.851930000000000000000000000000e+05 6.000000000000000000000000000000e+00
1.100000000000000000000000000000e+01 1.000000000000000000000000000000e+00 1.000000000000000000000000000000e+00 7.000000000000000000000000000000e+00
1.200000000000000000000000000000e+01 1.790000000000000000000000000000e+02 5.735339000000000000000000000000e+06 8.000000000000000000000000000000e+00
1.400000000000000000000000000000e+01 2.450000000000000000000000000000e+02 1.470612500000000000000000000000e+07 9.000000000000000000000000000000e+00
1.700000000000000000000000000000e+01 5.100000000000000000000000000000e+01 1.326510000000000000000000000000e+05 1.000000000000000000000000000000e+01
1.800000000000000000000000000000e+01 1.500000000000000000000000000000e+02 3.375000000000000000000000000000e+06 1.100000000000000000000000000000e+01
1.900000000000000000000000000000e+01 3.000000000000000000000000000000e+00 2.700000000000000000000000000000e+01 1.200000000000000000000000000000e+01
2.000000000000000000000000000000e+01 2.200000000000000000000000000000e+01 1.064800000000000000000000000000e+04 1.300000000000000000000000000000e+01
2.100000000000000000000000000000e+01 2.180000000000000000000000000000e+02 1.036023200000000000000000000000e+07 1.400000000000000000000000000000e+01
3.000000000000000000000000000000e+01 2.860000000000000000000000000000e+02 2.339365600000000000000000000000e+07 1.500000000000000000000000000000e+01
3.100000000000000000000000000000e+01 9.000000000000000000000000000000e+00 7.290000000000000000000000000000e+02 1.600000000000000000000000000000e+01
3.200000000000000000000000000000e+01 2.370000000000000000000000000000e+02 1.331205300000000000000000000000e+07 1.700000000000000000000000000000e+01
3.400000000000000000000000000000e+01 3.400000000000000000000000000000e+01 3.930400000000000000000000000000e+04 1.800000000000000000000000000000e+01
3.500000000000000000000000000000e+01 4.300000000000000000000000000000e+01 7.950700000000000000000000000000e+04 1.900000000000000000000000000000e+01
3.600000000000000000000000000000e+01 7.700000000000000000000000000000e+01 4.565330000000000000000000000000e+05 2.000000000000000000000000000000e+01
3.700000000000000000000000000000e+01 8.800000000000000000000000000000e+01 6.814720000000000000000000000000e+05 2.100000000000000000000000000000e+01
3.900000000000000000000000000000e+01 8.600000000000000000000000000000e+01 6.360560000000000000000000000000e+05 2.200000000000000000000000000000e+01
4.000000000000000000000000000000e+01 3.700000000000000000000000000000e+01 5.065300000000000000000000000000e+04 2.300000000000000000000000000000e+01
4.400000000000000000000000000000e+01 4.200000000000000000000000000000e+01 7.408800000000000000000000000000e+04 2.400000000000000000000000000000e+01
4.700000000000000000000000000000e+01 3.370000000000000000000000000000e+02 3.827275300000000000000000000000e+07 2.500000000000000000000000000000e+01
4.800000000000000000000000000000e+01 2.600000000000000000000000000000e+01 1.757600000000000000000000000000e+04 2.600000000000000000000000000000e+01
4.900000000000000000000000000000e+01 3.260000000000000000000000000000e+02 3.464597600000000000000000000000e+07 2.700000000000000000000000000000e+01
5.100000000000000000000000000000e+01 1.600000000000000000000000000000e+02 4.096000000000000000000000000000e+06 2.800000000000000000000000000000e+01
5.300000000000000000000000000000e+01 1.050000000000000000000000000000e+02 1.157625000000000000000000000000e+06 2.900000000000000000000000000000e+01
5.500000000000000000000000000000e+01 4.000000000000000000000000000000e+00 6.400000000000000000000000000000e+01 3.000000000000000000000000000000e+01
6.000000000000000000000000000000e+01 7.000000000000000000000000000000e+00 3.430000000000000000000000000000e+02 3.100000000000000000000000000000e+01
6.200000000000000000000000000000e+01 1.100000000000000000000000000000e+01 1.331000000000000000000000000000e+03 3.200000000000000000000000000000e+01
6.500000000000000000000000000000e+01 5.300000000000000000000000000000e+01 1.488770000000000000000000000000e+05 3.300000000000000000000000000000e+01
6.700000000000000000000000000000e+01 2.960000000000000000000000000000e+02 2.593433600000000000000000000000e+07 3.400000000000000000000000000000e+01
6.900000000000000000000000000000e+01 1.100000000000000000000000000000e+01 1.331000000000000000000000000000e+03 3.500000000000000000000000000000e+01
7.000000000000000000000000000000e+01 3.570000000000000000000000000000e+02 4.549929300000000000000000000000e+07 3.600000000000000000000000000000e+01
7.200000000000000000000000000000e+01 1.050000000000000000000000000000e+02 1.157625000000000000000000000000e+06 3.700000000000000000000000000000e+01
7.600000000000000000000000000000e+01 9.500000000000000000000000000000e+01 8.573750000000000000000000000000e+05 3.800000000000000000000000000000e+01
7.800000000000000000000000000000e+01 1.540000000000000000000000000000e+02 3.652264000000000000000000000000e+06 3.900000000000000000000000000000e+01
7.900000000000000000000000000000e+01 1.000000000000000000000000000000e+01 1.000000000000000000000000000000e+03 4.000000000000000000000000000000e+01
8.000000000000000000000000000000e+01 1.100000000000000000000000000000e+01 1.331000000000000000000000000000e+03 4.100000000000000000000000000000e+01
8.400000000000000000000000000000e+01 4.900000000000000000000000000000e+01 1.176490000000000000000000000000e+05 4.200000000000000000000000000000e+01
8.500000000000000000000000000000e+01 1.290000000000000000000000000000e+02 2.146689000000000000000000000000e+06 4.300000000000000000000000000000e+01
8.800000000000000000000000000000e+01 1.330000000000000000000000000000e+02 2.352637000000000000000000000000e+06 4.400000000000000000000000000000e+01
9.000000000000000000000000000000e+01 4.900000000000000000000000000000e+01 1.176490000000000000000000000000e+05 4.500000000000000000000000000000e+01
9.400000000000000000000000000000e+01 1.830000000000000000000000000000e+02 6.128487000000000000000000000000e+06 4.600000000000000000000000000000e+01
9.800000000000000000000000000000e+01 8.200000000000000000000000000000e+01 5.513680000000000000000000000000e+05 4.700000000000000000000000000000e+01
1.030000000000000000000000000000e+02 1.190000000000000000000000000000e+02 1.685159000000000000000000000000e+06 4.800000000000000000000000000000e+01
1.080000000000000000000000000000e+02 1.380000000000000000000000000000e+02 2.628072000000000000000000000000e+06 4.900000000000000000000000000000e+01
1.090000000000000000000000000000e+02 1.790000000000000000000000000000e+02 5.735339000000000000000000000000e+06 5.000000000000000000000000000000e+01
1.100000000000000000000000000000e+02 7.300000000000000000000000000000e+01 3.890170000000000000000000000000e+05 5.100000000000000000000000000000e+01
1.120000000000000000000000000000e+02 2.280000000000000000000000000000e+02 1.185235200000000000000000000000e+07 5.200000000000000000000000000000e+01
1.130000000000000000000000000000e+02 8.000000000000000000000000000000e+01 5.120000000000000000000000000000e+05 5.300000000000000000000000000000e+01
1.140000000000000000000000000000e+02 3.240000000000000000000000000000e+02 3.401222400000000000000000000000e+07 5.400000000000000000000000000000e+01
1.180000000000000000000000000000e+02 2.050000000000000000000000000000e+02 8.615125000000000000000000000000e+06 5.500000000000000000000000000000e+01
1.220000000000000000000000000000e+02 3.600000000000000000000000000000e+01 4.665600000000000000000000000000e+04 5.600000000000000000000000000000e+01
1.240000000000000000000000000000e+02 8.900000000000000000000000000000e+01 7.049690000000000000000000000000e+05 5.700000000000000000000000000000e+01
1.250000000000000000000000000000e+02 1.300000000000000000000000000000e+01 2.197000000000000000000000000000e+03 5.800000000000000000000000000000e+01
1.260000000000000000000000000000e+02 1.800000000000000000000000000000e+01 5.832000000000000000000000000000e+03 5.900000000000000000000000000000e+01
1.270000000000000000000000000000e+02 6.700000000000000000000000000000e+01 3.007630000000000000000000000000e+05 6.000000000000000000000000000000e+01
1.290000000000000000000000000000e+02 4.300000000000000000000000000000e+01 7.950700000000000000000000000000e+04 6.100000000000000000000000000000e+01
1.300000000000000000000000000000e+02 2.500000000000000000000000000000e+01 1.562500000000000000000000000000e+04 6.200000000000000000000000000000e+01
1.410000000000000000000000000000e+02 6.300000000000000000000000000000e+01 2.500470000000000000000000000000e+05 6.300000000000000000000000000000e+01
1.420000000000000000000000000000e+02 6.000000000000000000000000000000e+00 2.160000000000000000000000000000e+02 6.400000000000000000000000000000e+01
1.430000000000000000000000000000e+02 1.170000000000000000000000000000e+02 1.601613000000000000000000000000e+06 6.500000000000000000000000000000e+01
1.470000000000000000000000000000e+02 1.800000000000000000000000000000e+01 5.832000000000000000000000000000e+03 6.600000000000000000000000000000e+01
