1.000000000000000000000000000000e+00 9.600000000000000000000000000000e+01 8.847360000000000000000000000000e+05 0.000000000000000000000000000000e+00
2.000000000000000000000000000000e+00 3.900000000000000000000000000000e+01 5.931900000000000000000000000000e+04 1.000000000000000000000000000000e+00
3.000000000000000000000000000000e+00 1.070000000000000000000000000000e+02 1.225043000000000000000000000000e+06 2.000000000000000000000000000000e+00
4.000000000000000000000000000000e+00 3.100000000000000000000000000000e+01 2.979100000000000000000000000000e+04 3.000000000000000000000000000000e+00
6.000000000000000000000000000000e+00 5.100000000000000000000000000000e+01 1.326510000000000000000000000000e+05 4.000000000000000000000000000000e+00
9.000000000000000000000000000000e+00 1.310000000000000000000000000000e+02 2.248091000000000000000000000000e+06 5.000000000000000000000000000000e+00
1.100000000000000000000000000000e+01 6.000000000000000000000000000000e+00 2.160000000000000000000000000000e+02 6.000000000000000000000000000000e+00
1.400000000000000000000000000000e+01 7.700000000000000000000000000000e+01 4.565330000000000000000000000000e+05 7.000000000000000000000000000000e+00
1.500000000000000000000000000000e+01 1.780000000000000000000000000000e+02 5.639752000000000000000000000000e+06 8.000000000000000000000000000000e+00
1.600000000000000000000000000000e+01 7.100000000000000000000000000000e+01 3.579110000000000000000000000000e+05 9.000000000000000000000000000000e+00
1.700000000000000000000000000000e+01 5.700000000000000000000000000000e+01 1.851930000000000000000000000000e+05 1.000000000000000000000000000000e+01
1.800000000000000000000000000000e+01 3.500000000000000000000000000000e+01 4.287500000000000000000000000000e+04 1.100000000000000000000000000000e+01
2.100000000000000000000000000000e+01 2.650000000000000000000000000000e+02 1.860962500000000000000000000000e+07 1.200000000000000000000000000000e+01
2.300000000000000000000000000000e+01 1.540000000000000000000000000000e+02 3.652264000000000000000000000000e+06 1.300000000000000000000000000000e+01
2.500000000000000000000000000000e+01 3.100000000000000000000000000000e+01 2.979100000000000000000000000000e+04 1.400000000000000000000000000000e+01
3.100000000000000000000000000000e+01 3.000000000000000000000000000000e+00 2.700000000000000000000000000000e+01 1.500000000000000000000000000000e+01
3.600000000000000000000000000000e+01 2.500000000000000000000000000000e+01 1.562500000000000000000000000000e+04 1.600000000000000000000000000000e+01
3.700000000000000000000000000000e+01 1.100000000000000000000000000000e+02 1.331000000000000000000000000000e+06 1.700000000000000000000000000000e+01
4.100000000000000000000000000000e+01 3.480000000000000000000000000000e+02 4.214419200000000000000000000000e+07 1.800000000000000000000000000000e+01
4.300000000000000000000000000000e+01 3.600000000000000000000000000000e+01 4.665600000000000000000000000000e+04 1.900000000000000000000000000000e+01
4.400000000000000000000000000000e+01 2.000000000000000000000000000000e+00 8.000000000000000000000000000000e+00 2.000000000000000000000000000000e+01
4.500000000000000000000000000000e+01 1.000000000000000000000000000000e+01 1.000000000000000000000000000000e+03 2.100000000000000000000000000000e+01
5.100000000000000000000000000000e+01 5.000000000000000000000000000000e+00 1.250000000000000000000000000000e+02 2.200000000000000000000000000000e+01
5.200000000000000000000000000000e+01 3.340000000000000000000000000000e+02 3.725970400000000000000000000000e+07 2.300000000000000000000000000000e+01
5.300000000000000000000000000000e+01 3.400000000000000000000000000000e+01 3.930400000000000000000000000000e+04 2.400000000000000000000000000000e+01
5.400000000000000000000000000000e+01 3.100000000000000000000000000000e+01 2.979100000000000000000000000000e+04 2.500000000000000000000000000000e+01
5.700000000000000000000000000000e+01 7.600000000000000000000000000000e+01 4.389760000000000000000000000000e+05 2.600000000000000000000000000000e+01
6.000000000000000000000000000000e+01 3.000000000000000000000000000000e+00 2.700000000000000000000000000000e+01 2.700000000000000000000000000000e+01
6.100000000000000000000000000000e+01 5.700000000000000000000000000000e+01 1.851930000000000000000000000000e+05 2.800000000000000000000000000000e+01
6.200000000000000000000000000000e+01 1.000000000000000000000000000000e+00 1.000000000000000000000000000000e+00 2.900000000000000000000000000000e+01
6.300000000000000000000000000000e+01 4.000000000000000000000000000000e+01 6.400000000000000000000000000000e+04 3.000000000000000000000000000000e+01
6.400000000000000000000000000000e+01 6.000000000000000000000000000000e+00 2.160000000000000000000000000000e+02 3.100000000000000000000000000000e+01
6.800000000000000000000000000000e+01 3.800000000000000000000000000000e+01 5.487200000000000000000000000000e+04 3.200000000000000000000000000000e+01
7.200000000000000000000000000000e+01 1.100000000000000000000000000000e+01 1.331000000000000000000000000000e+03 3.300000000000000000000000000000e+01
7.500000000000000000000000000000e+01 3.700000000000000000000000000000e+01 5.065300000000000000000000000000e+04 3.400000000000000000000000000000e+01
7.600000000000000000000000000000e+01 3.700000000000000000000000000000e+01 5.065300000000000000000000000000e+04 3.500000000000000000000000000000e+01
8.000000000000000000000000000000e+01 6.900000000000000000000000000000e+01 3.285090000000000000000000000000e+05 3.600000000000000000000000000000e+01
8.100000000000000000000000000000e+01 2.000000000000000000000000000000e+00 8.000000000000000000000000000000e+00 3.700000000000000000000000000000e+01
8.300000000000000000000000000000e+01 7.700000000000000000000000000000e+01 4.565330000000000000000000000000e+05 3.800000000000000000000000000000e+01
8.700000000000000000000000000000e+01 2.500000000000000000000000000000e+02 1.562500000000000000000000000000e+07 3.900000000000000000000000000000e+01
8.900000000000000000000000000000e+01 2.900000000000000000000000000000e+01 2.438900000000000000000000000000e+04 4.000000000000000000000000000000e+01
9.000000000000000000000000000000e+01 1.900000000000000000000000000000e+01 6.859000000000000000000000000000e+03 4.100000000000000000000000000000e+01
9.400000000000000000000000000000e+01 2.300000000000000000000000000000e+01 1.216700000000000000000000000000e+04 4.200000000000000000000000000000e+01
9.500000000000000000000000000000e+01 1.180000000000000000000000000000e+02 1.643032000000000000000000000000e+06 4.300000000000000000000000000000e+01
9.700000000000000000000000000000e+01 1.000000000000000000000000000000e+01 1.000000000000000000000000000000e+03 4.400000000000000000000000000000e+01
1.000000000000000000000000000000e+02 2.000000000000000000000000000000e+00 8.000000000000000000000000000000e+00 4.500000000000000000000000000000e+01
1.030000000000000000000000000000e+02 4.000000000000000000000000000000e+00 6.400000000000000000000000000000e+01 4.600000000000000000000000000000e+01
1.040000000000000000000000000000e+02 3.530000000000000000000000000000e+02 4.398697700000000000000000000000e+07 4.700000000000000000000000000000e+01
1.050000000000000000000000000000e+02 1.740000000000000000000000000000e+02 5.268024000000000000000000000000e+06 4.800000000000000000000000000000e+01
1.060000000000000000000000000000e+02 9.500000000000000000000000000000e+01 8.573750000000000000000000000000e+05 4.900000000000000000000000000000e+01
1.070000000000000000000000000000e+02 4.300000000000000000000000000000e+01 7.950700000000000000000000000000e+04 5.000000000000000000000000000000e+01
1.100000000000000000000000000000e+02 5.200000000000000000000000000000e+01 1.406080000000000000000000000000e+05 5.100000000000000000000000000000e+01
1.120000000000000000000000000000e+02 2.950000000000000000000000000000e+02 2.567237500000000000000000000000e+07 5.200000000000000000000000000000e+01
1.140000000000000000000000000000e+02 2.900000000000000000000000000000e+01 2.438900000000000000000000000000e+04 5.300000000000000000000000000000e+01
1.150000000000000000000000000000e+02 1.860000000000000000000000000000e+02 6.434856000000000000000000000000e+06 5.400000000000000000000000000000e+01
1.160000000000000000000000000000e+02 1.000000000000000000000000000000e+02 1.000000000000000000000000000000e+06 5.500000000000000000000000000000e+01
1.170000000000000000000000000000e+02 3.800000000000000000000000000000e+01 5.487200000000000000000000000000e+04 5.600000000000000000000000000000e+01
1.190000000000000000000000000000e+02 7.200000000000000000000000000000e+01 3.732480000000000000000000000000e+05 5.700000000000000000000000000000e+01
1.220000000000000000000000000000e+02 9.400000000000000000000000000000e+01 8.305840000000000000000000000000e+05 5.800000000000000000000000000000e+01
1.230000000000000000000000000000e+02 7.300000000000000000000000000000e+01 3.890170000000000000000000000000e+05 5.900000000000000000000000000000e+01
1.240000000000000000000000000000e+02 1.050000000000000000000000000000e+02 1.157625000000000000000000000000e+06 6.000000000000000000000000000000e+01
1.270000000000000000000000000000e+02 6.100000000000000000000000000000e+01 2.269810000000000000000000000000e+05 6.100000000000000000000000000000e+01
1.280000000000000000000000000000e+02 3.000000000000000000000000000000e+01 2.700000000000000000000000000000e+04 6.200000000000000000000000000000e+01
1.300000000000000000000000000000e+02 1.300000000000000000000000000000e+01 2.197000000000000000000000000000e+03 6.300000000000000000000000000000e+01
1.310000000000000000000000000000e+02 7.500000000000000000000000000000e+01 4.218750000000000000000000000000e+05 6.400000000000000000000000000000e+01
1.320000000000000000000000000000e+02 8.100000000000000000000000000000e+01 5.314410000000000000000000000000e+05 6.500000000000000000000000000000e+01
1.350000000000000000000000000000e+02 1.380000000000000000000000000000e+02 2.628072000000000000000000000000e+06 6.600000000000000000000000000000e+01
1.380000000000000000000000000000e+02 5.130000000000000000000000000000e+02 1.350056970000000000000000000000e+08 6.700000000000000000000000000000e+01
1.390000000000000000000000000000e+02 4.900000000000000000000000000000e+01 1.176490000000000000000000000000e+05 6.800000000000000000000000000000e+01
1.420000000000000000000000000000e+02 7.700000000000000000000000000000e+01 4.565330000000000000000000000000e+05 6.900000000000000000000000000000e+01
1.430000000000000000000000000000e+02 3.800000000000000000000000000000e+01 5.487200000000000000000000000000e+04 7.000000000000000000000000000000e+01
1.450000000000000000000000000000e+02 2.340000000000000000000000000000e+02 1.281290400000000000000000000000e+07 7.100000000000000000000000000000e+01
1.480000000000000000000000000000e+02 1.000000000000000000000000000000e+02 1.000000000000000000000000000000e+06 7.200000000000000000000000000000e+01
1.490000000000000000000000000000e+02 1.940000000000000000000000000000e+02 7.301384000000000000000000000000e+06 7.300000000000000000000000000000e+01
