0.000000000000000000000000000000e+00 1.000000000000000000000000000000e+00 1.000000000000000000000000000000e+00 0.000000000000000000000000000000e+00
1.000000000000000000000000000000e+00 4.000000000000000000000000000000e+01 6.400000000000000000000000000000e+04 1.000000000000000000000000000000e+00
8.000000000000000000000000000000e+00 2.000000000000000000000000000000e+00 8.000000000000000000000000000000e+00 2.000000000000000000000000000000e+00
1.000000000000000000000000000000e+01 2.600000000000000000000000000000e+02 1.757600000000000000000000000000e+07 3.000000000000000000000000000000e+00
1.300000000000000000000000000000e+01 2.780000000000000000000000000000e+02 2.148495200000000000000000000000e+07 4.000000000000000000000000000000e+00
1.500000000000000000000000000000e+01 3.500000000000000000000000000000e+01 4.287500000000000000000000000000e+04 5.000000000000000000000000000000e+00
1.700000000000000000000000000000e+01 9.000000000000000000000000000000e+00 7.290000000000000000000000000000e+02 6.000000000000000000000000000000e+00
2.000000000000000000000000000000e+01 4.780000000000000000000000000000e+02 1.092153520000000000000000000000e+08 7.000000000000000000000000000000e+00
2.100000000000000000000000000000e+01 1.190000000000000000000000000000e+02 1.685159000000000000000000000000e+06 8.000000000000000000000000000000e+00
2.200000000000000000000000000000e+01 2.930000000000000000000000000000e+02 2.515375700000000000000000000000e+07 9.000000000000000000000000000000e+00
2.300000000000000000000000000000e+01 4.900000000000000000000000000000e+01 1.176490000000000000000000000000e+05 1.000000000000000000000000000000e+01
2.400000000000000000000000000000e+01 3.290000000000000000000000000000e+02 3.561128900000000000000000000000e+07 1.100000000000000000000000000000e+01
2.500000000000000000000000000000e+01 2.740000000000000000000000000000e+02 2.057082400000000000000000000000e+07 1.200000000000000000000000000000e+01
2.700000000000000000000000000000e+01 8.900000000000000000000000000000e+01 7.049690000000000000000000000000e+05 1.300000000000000000000000000000e+01
3.100000000000000000000000000000e+01 2.600000000000000000000000000000e+01 1.757600000000000000000000000000e+04 1.400000000000000000000000000000e+01
3.300000000000000000000000000000e+01 5.700000000000000000000000000000e+01 1.851930000000000000000000000000e+05 1.500000000000000000000000000000e+01
3.400000000000000000000000000000e+01 9.500000000000000000000000000000e+01 8.573750000000000000000000000000e+05 1.600000000000000000000000000000e+01
3.800000000000000000000000000000e+01 1.030000000000000000000000000000e+02 1.092727000000000000000000000000e+06 1.700000000000000000000000000000e+01
4.000000000000000000000000000000e+01 1.500000000000000000000000000000e+01 3.375000000000000000000000000000e+03 1.800000000000000000000000000000e+01
4.400000000000000000000000000000e+01 1.040000000000000000000000000000e+02 1.124864000000000000000000000000e+06 1.900000000000000000000000000000e+01
4.500000000000000000000000000000e+01 3.400000000000000000000000000000e+01 3.930400000000000000000000000000e+04 2.000000000000000000000000000000e+01
4.600000000000000000000000000000e+01 5.300000000000000000000000000000e+01 1.488770000000000000000000000000e+05 2.100000000000000000000000000000e+01
5.000000000000000000000000000000e+01 1.760000000000000000000000000000e+02 5.451776000000000000000000000000e+06 2.200000000000000000000000000000e+01
5.200000000000000000000000000000e+01 3.000000000000000000000000000000e+00 2.700000000000000000000000000000e+01 2.300000000000000000000000000000e+01
5.400000000000000000000000000000e+01 9.200000000000000000000000000000e+01 7.786880000000000000000000000000e+05 2.400000000000000000000000000000e+01
5.700000000000000000000000000000e+01 3.600000000000000000000000000000e+01 4.665600000000000000000000000000e+04 2.500000000000000000000000000000e+01
5.800000000000000000000000000000e+01 1.530000000000000000000000000000e+02 3.581577000000000000000000000000e+06 2.600000000000000000000000000000e+01
5.900000000000000000000000000000e+01 5.000000000000000000000000000000e+01 1.250000000000000000000000000000e+05 2.700000000000000000000000000000e+01
6.000000000000000000000000000000e+01 2.610000000000000000000000000000e+02 1.777958100000000000000000000000e+07 2.800000000000000000000000000000e+01
6.400000000000000000000000000000e+01 3.300000000000000000000000000000e+01 3.593700000000000000000000000000e+04 2.900000000000000000000000000000e+01
6.600000000000000000000000000000e+01 1.210000000000000000000000000000e+02 1.771561000000000000000000000000e+06 3.000000000000000000000000000000e+01
6.700000000000000000000000000000e+01 3.060000000000000000000000000000e+02 2.865261600000000000000000000000e+07 3.100000000000000000000000000000e+01
6.800000000000000000000000000000e+01 3.900000000000000000000000000000e+01 5.931900000000000000000000000000e+04 3.200000000000000000000000000000e+01
7.000000000000000000000000000000e+01 7.200000000000000000000000000000e+01 3.732480000000000000000000000000e+05 3.300000000000000000000000000000e+01
7.600000000000000000000000000000e+01 1.500000000000000000000000000000e+01 3.375000000000000000000000000000e+03 3.400000000000000000000000000000e+01
7.700000000000000000000000000000e+01 4.000000000000000000000000000000e+01 6.400000000000000000000000000000e+04 3.500000000000000000000000000000e+01
8.500000000000000000000000000000e+01 2.700000000000000000000000000000e+01 1.968300000000000000000000000000e+04 3.600000000000000000000000000000e+01
8.600000000000000000000000000000e+01 7.700000000000000000000000000000e+01 4.565330000000000000000000000000e+05 3.700000000000000000000000000000e+01
9.000000000000000000000000000000e+01 1.510000000000000000000000000000e+02 3.442951000000000000000000000000e+06 3.800000000000000000000000000000e+01
9.100000000000000000000000000000e+01 8.000000000000000000000000000000e+00 5.120000000000000000000000000000e+02 3.900000000000000000000000000000e+01
9.400000000000000000000000000000e+01 2.800000000000000000000000000000e+01 2.195200000000000000000000000000e+04 4.000000000000000000000000000000e+01
9.700000000000000000000000000000e+01 1.000000000000000000000000000000e+01 1.000000000000000000000000000000e+03 4.100000000000000000000000000000e+01
9.800000000000000000000000000000e+01 3.480000000000000000000000000000e+02 4.214419200000000000000000000000e+07 4.200000000000000000000000000000e+01
1.020000000000000000000000000000e+02 2.130000000000000000000000000000e+02 9.663597000000000000000000000000e+06 4.300000000000000000000000000000e+01
1.070000000000000000000000000000e+02 4.260000000000000000000000000000e+02 7.730877600000000000000000000000e+07 4.400000000000000000000000000000e+01
1.080000000000000000000000000000e+02 1.400000000000000000000000000000e+01 2.744000000000000000000000000000e+03 4.500000000000000000000000000000e+01
1.110000000000000000000000000000e+02 3.800000000000000000000000000000e+01 5.487200000000000000000000000000e+04 4.600000000000000000000000000000e+01
1.130000000000000000000000000000e+02 1.140000000000000000000000000000e+02 1.481544000000000000000000000000e+06 4.700000000000000000000000000000e+01
1.140000000000000000000000000000e+02 1.900000000000000000000000000000e+01 6.859000000000000000000000000000e+03 4.800000000000000000000000000000e+01
1.150000000000000000000000000000e+02 4.700000000000000000000000000000e+01 1.038230000000000000000000000000e+05 4.900000000000000000000000000000e+01
1.160000000000000000000000000000e+02 3.500000000000000000000000000000e+01 4.287500000000000000000000000000e+04 5.000000000000000000000000000000e+01
1.170000000000000000000000000000e+02 3.700000000000000000000000000000e+01 5.065300000000000000000000000000e+04 5.100000000000000000000000000000e+01
1.180000000000000000000000000000e+02 1.950000000000000000000000000000e+02 7.414875000000000000000000000000e+06 5.200000000000000000000000000000e+01
1.190000000000000000000000000000e+02 8.600000000000000000000000000000e+01 6.360560000000000000000000000000e+05 5.300000000000000000000000000000e+01
1.200000000000000000000000000000e+02 1.660000000000000000000000000000e+02 4.574296000000000000000000000000e+06 5.400000000000000000000000000000e+01
1.240000000000000000000000000000e+02 2.530000000000000000000000000000e+02 1.619427700000000000000000000000e+07 5.500000000000000000000000000000e+01
1.250000000000000000000000000000e+02 1.340000000000000000000000000000e+02 2.406104000000000000000000000000e+06 5.600000000000000000000000000000e+01
1.270000000000000000000000000000e+02 3.000000000000000000000000000000e+00 2.700000000000000000000000000000e+01 5.700000000000000000000000000000e+01
1.290000000000000000000000000000e+02 7.100000000000000000000000000000e+01 3.579110000000000000000000000000e+05 5.800000000000000000000000000000e+01
1.320000000000000000000000000000e+02 4.000000000000000000000000000000e+00 6.400000000000000000000000000000e+01 5.900000000000000000000000000000e+01
1.340000000000000000000000000000e+02 1.300000000000000000000000000000e+01 2.197000000000000000000000000000e+03 6.000000000000000000000000000000e+01
1.350000000000000000000000000000e+02 1.470000000000000000000000000000e+02 3.176523000000000000000000000000e+06 6.100000000000000000000000000000e+01
1.360000000000000000000000000000e+02 3.900000000000000000000000000000e+01 5.931900000000000000000000000000e+04 6.200000000000000000000000000000e+01
1.400000000000000000000000000000e+02 4.000000000000000000000000000000e+02 6.400000000000000000000000000000e+07 6.300000000000000000000000000000e+01
1.420000000000000000000000000000e+02 9.800000000000000000000000000000e+01 9.411920000000000000000000000000e+05 6.400000000000000000000000000000e+01
1.440000000000000000000000000000e+02 2.600000000000000000000000000000e+01 1.757600000000000000000000000000e+04 6.500000000000000000000000000000e+01
1.450000000000000000000000000000e+02 1.680000000000000000000000000000e+02 4.741632000000000000000000000000e+06 6.600000000000000000000000000000e+01
1.460000000000000000000000000000e+02 2.700000000000000000000000000000e+01 1.968300000000000000000000000000e+04 6.700000000000000000000000000000e+01
1.470000000000000000000000000000e+02 1.040000000000000000000000000000e+02 1.124864000000000000000000000000e+06 6.800000000000000000000000000000e+01
1.490000000000000000000000000000e+02 7.600000000000000000000000000000e+01 4.389760000000000000000000000000e+05 6.900000000000000000000000000000e+01
