2.000000000000000000000000000000e+00 6.500000000000000000000000000000e+01 2.746250000000000000000000000000e+05 0.000000000000000000000000000000e+00
5.000000000000000000000000000000e+00 5.200000000000000000000000000000e+01 1.406080000000000000000000000000e+05 1.000000000000000000000000000000e+00
7.000000000000000000000000000000e+00 2.910000000000000000000000000000e+02 2.464217100000000000000000000000e+07 2.000000000000000000000000000000e+00
1.000000000000000000000000000000e+01 5.800000000000000000000000000000e+01 1.951120000000000000000000000000e+05 3.000000000000000000000000000000e+00
1.100000000000000000000000000000e+01 1.280000000000000000000000000000e+02 2.097152000000000000000000000000e+06 4.000000000000000000000000000000e+00
1.300000000000000000000000000000e+01 2.000000000000000000000000000000e+01 8.000000000000000000000000000000e+03 5.000000000000000000000000000000e+00
1.500000000000000000000000000000e+01 9.300000000000000000000000000000e+01 8.043570000000000000000000000000e+05 6.000000000000000000000000000000e+00
1.600000000000000000000000000000e+01 4.400000000000000000000000000000e+01 8.518400000000000000000000000000e+04 7.000000000000000000000000000000e+00
1.700000000000000000000000000000e+01 3.700000000000000000000000000000e+01 5.065300000000000000000000000000e+04 8.000000000000000000000000000000e+00
1.800000000000000000000000000000e+01 8.000000000000000000000000000000e+00 5.120000000000000000000000000000e+02 9.000000000000000000000000000000e+00
2.100000000000000000000000000000e+01 3.000000000000000000000000000000e+01 2.700000000000000000000000000000e+04 1.000000000000000000000000000000e+01
2.300000000000000000000000000000e+01 1.070000000000000000000000000000e+02 1.225043000000000000000000000000e+06 1.100000000000000000000000000000e+01
2.500000000000000000000000000000e+01 2.400000000000000000000000000000e+01 1.382400000000000000000000000000e+04 1.200000000000000000000000000000e+01
2.600000000000000000000000000000e+01 9.600000000000000000000000000000e+01 8.847360000000000000000000000000e+05 1.300000000000000000000000000000e+01
2.800000000000000000000000000000e+01 3.300000000000000000000000000000e+01 3.593700000000000000000000000000e+04 1.400000000000000000000000000000e+01
2.900000000000000000000000000000e+01 2.360000000000000000000000000000e+02 1.314425600000000000000000000000e+07 1.500000000000000000000000000000e+01
3.100000000000000000000000000000e+01 2.300000000000000000000000000000e+01 1.216700000000000000000000000000e+04 1.600000000000000000000000000000e+01
3.700000000000000000000000000000e+01 1.290000000000000000000000000000e+02 2.146689000000000000000000000000e+06 1.700000000000000000000000000000e+01
4.100000000000000000000000000000e+01 2.430000000000000000000000000000e+02 1.434890700000000000000000000000e+07 1.800000000000000000000000000000e+01
4.200000000000000000000000000000e+01 2.190000000000000000000000000000e+02 1.050345900000000000000000000000e+07 1.900000000000000000000000000000e+01
4.400000000000000000000000000000e+01 5.500000000000000000000000000000e+01 1.663750000000000000000000000000e+05 2.000000000000000000000000000000e+01
4.500000000000000000000000000000e+01 1.000000000000000000000000000000e+00 1.000000000000000000000000000000e+00 2.100000000000000000000000000000e+01
4.600000000000000000000000000000e+01 1.300000000000000000000000000000e+01 2.197000000000000000000000000000e+03 2.200000000000000000000000000000e+01
4.700000000000000000000000000000e+01 5.800000000000000000000000000000e+01 1.951120000000000000000000000000e+05 2.300000000000000000000000000000e+01
4.900000000000000000000000000000e+01 8.000000000000000000000000000000e+00 5.120000000000000000000000000000e+02 2.400000000000000000000000000000e+01
5.000000000000000000000000000000e+01 7.400000000000000000000000000000e+01 4.052240000000000000000000000000e+05 2.500000000000000000000000000000e+01
5.100000000000000000000000000000e+01 3.530000000000000000000000000000e+02 4.398697700000000000000000000000e+07 2.600000000000000000000000000000e+01
5.200000000000000000000000000000e+01 6.000000000000000000000000000000e+00 2.160000000000000000000000000000e+02 2.700000000000000000000000000000e+01
5.500000000000000000000000000000e+01 9.400000000000000000000000000000e+01 8.305840000000000000000000000000e+05 2.800000000000000000000000000000e+01
5.600000000000000000000000000000e+01 2.500000000000000000000000000000e+02 1.562500000000000000000000000000e+07 2.900000000000000000000000000000e+01
5.800000000000000000000000000000e+01 2.000000000000000000000000000000e+00 8.000000000000000000000000000000e+00 3.000000000000000000000000000000e+01
6.000000000000000000000000000000e+01 1.630000000000000000000000000000e+02 4.330747000000000000000000000000e+06 3.100000000000000000000000000000e+01
6.300000000000000000000000000000e+01 4.300000000000000000000000000000e+01 7.950700000000000000000000000000e+04 3.200000000000000000000000000000e+01
6.500000000000000000000000000000e+01 7.600000000000000000000000000000e+01 4.389760000000000000000000000000e+05 3.300000000000000000000000000000e+01
6.600000000000000000000000000000e+01 3.770000000000000000000000000000e+02 5.358263300000000000000000000000e+07 3.400000000000000000000000000000e+01
6.800000000000000000000000000000e+01 4.000000000000000000000000000000e+00 6.400000000000000000000000000000e+01 3.500000000000000000000000000000e+01
7.000000000000000000000000000000e+01 6.000000000000000000000000000000e+01 2.160000000000000000000000000000e+05 3.600000000000000000000000000000e+01
7.100000000000000000000000000000e+01 1.350000000000000000000000000000e+02 2.460375000000000000000000000000e+06 3.700000000000000000000000000000e+01
7.200000000000000000000000000000e+01 2.000000000000000000000000000000e+01 8.000000000000000000000000000000e+03 3.800000000000000000000000000000e+01
7.400000000000000000000000000000e+01 6.700000000000000000000000000000e+01 3.007630000000000000000000000000e+05 3.900000000000000000000000000000e+01
7.600000000000000000000000000000e+01 4.400000000000000000000000000000e+01 8.518400000000000000000000000000e+04 4.000000000000000000000000000000e+01
7.700000000000000000000000000000e+01 1.070000000000000000000000000000e+02 1.225043000000000000000000000000e+06 4.100000000000000000000000000000e+01
7.900000000000000000000000000000e+01 2.900000000000000000000000000000e+01 2.438900000000000000000000000000e+04 4.200000000000000000000000000000e+01
8.000000000000000000000000000000e+01 2.200000000000000000000000000000e+01 1.064800000000000000000000000000e+04 4.300000000000000000000000000000e+01
8.700000000000000000000000000000e+01 3.100000000000000000000000000000e+01 2.979100000000000000000000000000e+04 4.400000000000000000000000000000e+01
8.900000000000000000000000000000e+01 4.400000000000000000000000000000e+01 8.518400000000000000000000000000e+04 4.500000000000000000000000000000e+01
9.300000000000000000000000000000e+01 2.530000000000000000000000000000e+02 1.619427700000000000000000000000e+07 4.600000000000000000000000000000e+01
9.400000000000000000000000000000e+01 1.110000000000000000000000000000e+02 1.367631000000000000000000000000e+06 4.700000000000000000000000000000e+01
9.800000000000000000000000000000e+01 3.200000000000000000000000000000e+01 3.276800000000000000000000000000e+04 4.800000000000000000000000000000e+01
1.010000000000000000000000000000e+02 1.260000000000000000000000000000e+02 2.000376000000000000000000000000e+06 4.900000000000000000000000000000e+01
1.020000000000000000000000000000e+02 2.320000000000000000000000000000e+02 1.248716800000000000000000000000e+07 5.000000000000000000000000000000e+01
1.060000000000000000000000000000e+02 2.000000000000000000000000000000e+01 8.000000000000000000000000000000e+03 5.100000000000000000000000000000e+01
1.080000000000000000000000000000e+02 5.200000000000000000000000000000e+01 1.406080000000000000000000000000e+05 5.200000000000000000000000000000e+01
1.090000000000000000000000000000e+02 9.000000000000000000000000000000e+00 7.290000000000000000000000000000e+02 5.300000000000000000000000000000e+01
1.120000000000000000000000000000e+02 3.150000000000000000000000000000e+02 3.125587500000000000000000000000e+07 5.400000000000000000000000000000e+01
1.150000000000000000000000000000e+02 1.360000000000000000000000000000e+02 2.515456000000000000000000000000e+06 5.500000000000000000000000000000e+01
1.160000000000000000000000000000e+02 8.000000000000000000000000000000e+00 5.120000000000000000000000000000e+02 5.600000000000000000000000000000e+01
1.170000000000000000000000000000e+02 8.400000000000000000000000000000e+01 5.927040000000000000000000000000e+05 5.700000000000000000000000000000e+01
1.180000000000000000000000000000e+02 1.260000000000000000000000000000e+02 2.000376000000000000000000000000e+06 5.800000000000000000000000000000e+01
1.190000000000000000000000000000e+02 1.130000000000000000000000000000e+02 1.442897000000000000000000000000e+06 5.900000000000000000000000000000e+01
1.200000000000000000000000000000e+02 1.010000000000000000000000000000e+02 1.030301000000000000000000000000e+06 6.000000000000000000000000000000e+01
1.210000000000000000000000000000e+02 2.440000000000000000000000000000e+02 1.452678400000000000000000000000e+07 6.100000000000000000000000000000e+01
1.240000000000000000000000000000e+02 2.600000000000000000000000000000e+01 1.757600000000000000000000000000e+04 6.200000000000000000000000000000e+01
1.250000000000000000000000000000e+02 3.670000000000000000000000000000e+02 4.943086300000000000000000000000e+07 6.300000000000000000000000000000e+01
1.260000000000000000000000000000e+02 5.300000000000000000000000000000e+01 1.488770000000000000000000000000e+05 6.400000000000000000000000000000e+01
1.270000000000000000000000000000e+02 2.000000000000000000000000000000e+01 8.000000000000000000000000000000e+03 6.500000000000000000000000000000e+01
1.320000000000000000000000000000e+02 1.050000000000000000000000000000e+02 1.157625000000000000000000000000e+06 6.600000000000000000000000000000e+01
1.330000000000000000000000000000e+02 2.200000000000000000000000000000e+01 1.064800000000000000000000000000e+04 6.700000000000000000000000000000e+01
1.340000000000000000000000000000e+02 1.120000000000000000000000000000e+02 1.404928000000000000000000000000e+06 6.800000000000000000000000000000e+01
1.360000000000000000000000000000e+02 4.000000000000000000000000000000e+00 6.400000000000000000000000000000e+01 6.900000000000000000000000000000e+01
1.370000000000000000000000000000e+02 1.090000000000000000000000000000e+02 1.295029000000000000000000000000e+06 7.000000000000000000000000000000e+01
1.390000000000000000000000000000e+02 1.160000000000000000000000000000e+02 1.560896000000000000000000000000e+06 7.100000000000000000000000000000e+01
1.420000000000000000000000000000e+02 1.900000000000000000000000000000e+01 6.859000000000000000000000000000e+03 7.200000000000000000000000000000e+01
1.430000000000000000000000000000e+02 1.600000000000000000000000000000e+02 4.096000000000000000000000000000e+06 7.300000000000000000000000000000e+01
1.440000000000000000000000000000e+02 1.050000000000000000000000000000e+02 1.157625000000000000000000000000e+06 7.400000000000000000000000000000e+01
1.450000000000000000000000000000e+02 1.310000000000000000000000000000e+02 2.248091000000000000000000000000e+06 7.500000000000000000000000000000e+01
1.490000000000000000000000000000e+02 1.300000000000000000000000000000e+01 2.197000000000000000000000000000e+03 7.600000000000000000000000000000e+01
