0.000000000000000000000000000000e+00 8.100000000000000000000000000000e+01 5.314410000000000000000000000000e+05 0.000000000000000000000000000000e+00
5.000000000000000000000000000000e+00 1.050000000000000000000000000000e+02 1.157625000000000000000000000000e+06 1.000000000000000000000000000000e+00
6.000000000000000000000000000000e+00 1.060000000000000000000000000000e+02 1.191016000000000000000000000000e+06 2.000000000000000000000000000000e+00
7.000000000000000000000000000000e+00 4.100000000000000000000000000000e+01 6.892100000000000000000000000000e+04 3.000000000000000000000000000000e+00
1.000000000000000000000000000000e+01 3.680000000000000000000000000000e+02 4.983603200000000000000000000000e+07 4.000000000000000000000000000000e+00
1.100000000000000000000000000000e+01 8.000000000000000000000000000000e+00 5.120000000000000000000000000000e+02 5.000000000000000000000000000000e+00
1.200000000000000000000000000000e+01 2.580000000000000000000000000000e+02 1.717351200000000000000000000000e+07 6.000000000000000000000000000000e+00
1.500000000000000000000000000000e+01 2.300000000000000000000000000000e+01 1.216700000000000000000000000000e+04 7.000000000000000000000000000000e+00
1.700000000000000000000000000000e+01 2.000000000000000000000000000000e+00 8.000000000000000000000000000000e+00 8.000000000000000000000000000000e+00
2.400000000000000000000000000000e+01 2.710000000000000000000000000000e+02 1.990251100000000000000000000000e+07 9.000000000000000000000000000000e+00
2.700000000000000000000000000000e+01 2.000000000000000000000000000000e+00 8.000000000000000000000000000000e+00 1.000000000000000000000000000000e+01
3.100000000000000000000000000000e+01 7.100000000000000000000000000000e+01 3.579110000000000000000000000000e+05 1.100000000000000000000000000000e+01
3.300000000000000000000000000000e+01 2.530000000000000000000000000000e+02 1.619427700000000000000000000000e+07 1.200000000000000000000000000000e+01
3.400000000000000000000000000000e+01 6.500000000000000000000000000000e+01 2.746250000000000000000000000000e+05 1.300000000000000000000000000000e+01
3.500000000000000000000000000000e+01 1.750000000000000000000000000000e+02 5.359375000000000000000000000000e+06 1.400000000000000000000000000000e+01
3.600000000000000000000000000000e+01 1.350000000000000000000000000000e+02 2.460375000000000000000000000000e+06 1.500000000000000000000000000000e+01
3.800000000000000000000000000000e+01 9.200000000000000000000000000000e+01 7.786880000000000000000000000000e+05 1.600000000000000000000000000000e+01
3.900000000000000000000000000000e+01 1.340000000000000000000000000000e+02 2.406104000000000000000000000000e+06 1.700000000000000000000000000000e+01
4.000000000000000000000000000000e+01 1.550000000000000000000000000000e+02 3.723875000000000000000000000000e+06 1.800000000000000000000000000000e+01
4.100000000000000000000000000000e+01 2.440000000000000000000000000000e+02 1.452678400000000000000000000000e+07 1.900000000000000000000000000000e+01
4.400000000000000000000000000000e+01 1.890000000000000000000000000000e+02 6.751269000000000000000000000000e+06 2.000000000000000000000000000000e+01
4.500000000000000000000000000000e+01 1.700000000000000000000000000000e+01 4.913000000000000000000000000000e+03 2.100000000000000000000000000000e+01
4.600000000000000000000000000000e+01 9.000000000000000000000000000000e+01 7.290000000000000000000000000000e+05 2.200000000000000000000000000000e+01
4.700000000000000000000000000000e+01 4.200000000000000000000000000000e+01 7.408800000000000000000000000000e+04 2.300000000000000000000000000000e+01
4.900000000000000000000000000000e+01 4.800000000000000000000000000000e+01 1.105920000000000000000000000000e+05 2.400000000000000000000000000000e+01
5.200000000000000000000000000000e+01 1.680000000000000000000000000000e+02 4.741632000000000000000000000000e+06 2.500000000000000000000000000000e+01
5.300000000000000000000000000000e+01 1.800000000000000000000000000000e+01 5.832000000000000000000000000000e+03 2.600000000000000000000000000000e+01
5.400000000000000000000000000000e+01 1.900000000000000000000000000000e+01 6.859000000000000000000000000000e+03 2.700000000000000000000000000000e+01
5.800000000000000000000000000000e+01 2.300000000000000000000000000000e+01 1.216700000000000000000000000000e+04 2.800000000000000000000000000000e+01
6.200000000000000000000000000000e+01 2.040000000000000000000000000000e+02 8.489664000000000000000000000000e+06 2.900000000000000000000000000000e+01
6.300000000000000000000000000000e+01 1.690000000000000000000000000000e+02 4.826809000000000000000000000000e+06 3.000000000000000000000000000000e+01
6.400000000000000000000000000000e+01 1.790000000000000000000000000000e+02 5.735339000000000000000000000000e+06 3.100000000000000000000000000000e+01
6.500000000000000000000000000000e+01 3.200000000000000000000000000000e+01 3.276800000000000000000000000000e+04 3.200000000000000000000000000000e+01
6.700000000000000000000000000000e+01 1.130000000000000000000000000000e+02 1.442897000000000000000000000000e+06 3.300000000000000000000000000000e+01
6.900000000000000000000000000000e+01 9.700000000000000000000000000000e+01 9.126730000000000000000000000000e+05 3.400000000000000000000000000000e+01
7.100000000000000000000000000000e+01 1.000000000000000000000000000000e+01 1.000000000000000000000000000000e+03 3.500000000000000000000000000000e+01
7.400000000000000000000000000000e+01 1.370000000000000000000000000000e+02 2.571353000000000000000000000000e+06 3.600000000000000000000000000000e+01
7.700000000000000000000000000000e+01 5.100000000000000000000000000000e+01 1.326510000000000000000000000000e+05 3.700000000000000000000000000000e+01
7.900000000000000000000000000000e+01 1.700000000000000000000000000000e+01 4.913000000000000000000000000000e+03 3.800000000000000000000000000000e+01
8.100000000000000000000000000000e+01 2.070000000000000000000000000000e+02 8.869743000000000000000000000000e+06 3.900000000000000000000000000000e+01
8.400000000000000000000000000000e+01 8.200000000000000000000000000000e+01 5.513680000000000000000000000000e+05 4.000000000000000000000000000000e+01
8.500000000000000000000000000000e+01 1.000000000000000000000000000000e+02 1.000000000000000000000000000000e+06 4.100000000000000000000000000000e+01
8.900000000000000000000000000000e+01 1.900000000000000000000000000000e+01 6.859000000000000000000000000000e+03 4.200000000000000000000000000000e+01
9.000000000000000000000000000000e+01 1.760000000000000000000000000000e+02 5.451776000000000000000000000000e+06 4.300000000000000000000000000000e+01
9.100000000000000000000000000000e+01 5.000000000000000000000000000000e+00 1.250000000000000000000000000000e+02 4.400000000000000000000000000000e+01
9.300000000000000000000000000000e+01 5.000000000000000000000000000000e+01 1.250000000000000000000000000000e+05 4.500000000000000000000000000000e+01
9.400000000000000000000000000000e+01 3.000000000000000000000000000000e+00 2.700000000000000000000000000000e+01 4.600000000000000000000000000000e+01
9.500000000000000000000000000000e+01 1.900000000000000000000000000000e+02 6.859000000000000000000000000000e+06 4.700000000000000000000000000000e+01
9.600000000000000000000000000000e+01 4.000000000000000000000000000000e+01 6.400000000000000000000000000000e+04 4.800000000000000000000000000000e+01
1.000000000000000000000000000000e+02 1.100000000000000000000000000000e+01 1.331000000000000000000000000000e+03 4.900000000000000000000000000000e+01
1.010000000000000000000000000000e+02 2.080000000000000000000000000000e+02 8.998912000000000000000000000000e+06 5.000000000000000000000000000000e+01
1.040000000000000000000000000000e+02 4.400000000000000000000000000000e+01 8.518400000000000000000000000000e+04 5.100000000000000000000000000000e+01
1.050000000000000000000000000000e+02 2.500000000000000000000000000000e+01 1.562500000000000000000000000000e+04 5.200000000000000000000000000000e+01
1.060000000000000000000000000000e+02 5.700000000000000000000000000000e+01 1.851930000000000000000000000000e+05 5.300000000000000000000000000000e+01
1.070000000000000000000000000000e+02 1.000000000000000000000000000000e+00 1.000000000000000000000000000000e+00 5.400000000000000000000000000000e+01
1.090000000000000000000000000000e+02 6.000000000000000000000000000000e+00 2.160000000000000000000000000000e+02 5.500000000000000000000000000000e+01
1.160000000000000000000000000000e+02 1.000000000000000000000000000000e+00 1.000000000000000000000000000000e+00 5.600000000000000000000000000000e+01
1.170000000000000000000000000000e+02 6.200000000000000000000000000000e+01 2.383280000000000000000000000000e+05 5.700000000000000000000000000000e+01
1.220000000000000000000000000000e+02 9.800000000000000000000000000000e+01 9.411920000000000000000000000000e+05 5.800000000000000000000000000000e+01
1.230000000000000000000000000000e+02 1.060000000000000000000000000000e+02 1.191016000000000000000000000000e+06 5.900000000000000000000000000000e+01
1.240000000000000000000000000000e+02 2.100000000000000000000000000000e+01 9.261000000000000000000000000000e+03 6.000000000000000000000000000000e+01
1.260000000000000000000000000000e+02 2.910000000000000000000000000000e+02 2.464217100000000000000000000000e+07 6.100000000000000000000000000000e+01
1.290000000000000000000000000000e+02 1.300000000000000000000000000000e+01 2.197000000000000000000000000000e+03 6.200000000000000000000000000000e+01
1.330000000000000000000000000000e+02 1.500000000000000000000000000000e+01 3.375000000000000000000000000000e+03 6.300000000000000000000000000000e+01
1.340000000000000000000000000000e+02 9.300000000000000000000000000000e+01 8.043570000000000000000000000000e+05 6.400000000000000000000000000000e+01
1.370000000000000000000000000000e+02 1.500000000000000000000000000000e+01 3.375000000000000000000000000000e+03 6.500000000000000000000000000000e+01
1.380000000000000000000000000000e+02 1.020000000000000000000000000000e+02 1.061208000000000000000000000000e+06 6.600000000000000000000000000000e+01
1.400000000000000000000000000000e+02 1.110000000000000000000000000000e+02 1.367631000000000000000000000000e+06 6.700000000000000000000000000000e+01
1.410000000000000000000000000000e+02 7.100000000000000000000000000000e+01 3.579110000000000000000000000000e+05 6.800000000000000000000000000000e+01
1.420000000000000000000000000000e+02 1.760000000000000000000000000000e+02 5.451776000000000000000000000000e+06 6.900000000000000000000000000000e+01
1.430000000000000000000000000000e+02 6.600000000000000000000000000000e+01 2.874960000000000000000000000000e+05 7.000000000000000000000000000000e+01
1.440000000000000000000000000000e+02 6.500000000000000000000000000000e+01 2.746250000000000000000000000000e+05 7.100000000000000000000000000000e+01
1.450000000000000000000000000000e+02 4.300000000000000000000000000000e+01 7.950700000000000000000000000000e+04 7.200000000000000000000000000000e+01
1.470000000000000000000000000000e+02 1.700000000000000000000000000000e+02 4.913000000000000000000000000000e+06 7.300000000000000000000000000000e+01
1.490000000000000000000000000000e+02 4.100000000000000000000000000000e+01 6.892100000000000000000000000000e+04 7.400000000000000000000000000000e+01
