4.000000000000000000000000000000e+00 1.030000000000000000000000000000e+02 1.092727000000000000000000000000e+06 0.000000000000000000000000000000e+00
5.000000000000000000000000000000e+00 1.550000000000000000000000000000e+02 3.723875000000000000000000000000e+06 1.000000000000000000000000000000e+00
8.000000000000000000000000000000e+00 1.450000000000000000000000000000e+02 3.048625000000000000000000000000e+06 2.000000000000000000000000000000e+00
9.000000000000000000000000000000e+00 1.470000000000000000000000000000e+02 3.176523000000000000000000000000e+06 3.000000000000000000000000000000e+00
1.000000000000000000000000000000e+01 7.300000000000000000000000000000e+01 3.890170000000000000000000000000e+05 4.000000000000000000000000000000e+00
1.900000000000000000000000000000e+01 2.430000000000000000000000000000e+02 1.434890700000000000000000000000e+07 5.000000000000000000000000000000e+00
2.600000000000000000000000000000e+01 1.100000000000000000000000000000e+01 1.331000000000000000000000000000e+03 6.000000000000000000000000000000e+00
2.700000000000000000000000000000e+01 7.000000000000000000000000000000e+00 3.430000000000000000000000000000e+02 7.000000000000000000000000000000e+00
2.800000000000000000000000000000e+01 5.100000000000000000000000000000e+01 1.326510000000000000000000000000e+05 8.000000000000000000000000000000e+00
2.900000000000000000000000000000e+01 5.500000000000000000000000000000e+01 1.663750000000000000000000000000e+05 9.000000000000000000000000000000e+00
3.000000000000000000000000000000e+01 1.450000000000000000000000000000e+02 3.048625000000000000000000000000e+06 1.000000000000000000000000000000e+01
3.100000000000000000000000000000e+01 8.000000000000000000000000000000e+01 5.120000000000000000000000000000e+05 1.100000000000000000000000000000e+01
3.300000000000000000000000000000e+01 3.800000000000000000000000000000e+01 5.487200000000000000000000000000e+04 1.200000000000000000000000000000e+01
3.400000000000000000000000000000e+01 1.350000000000000000000000000000e+02 2.460375000000000000000000000000e+06 1.300000000000000000000000000000e+01
3.700000000000000000000000000000e+01 2.360000000000000000000000000000e+02 1.314425600000000000000000000000e+07 1.400000000000000000000000000000e+01
3.800000000000000000000000000000e+01 2.000000000000000000000000000000e+00 8.000000000000000000000000000000e+00 1.500000000000000000000000000000e+01
4.100000000000000000000000000000e+01 9.600000000000000000000000000000e+01 8.847360000000000000000000000000e+05 1.600000000000000000000000000000e+01
4.200000000000000000000000000000e+01 1.240000000000000000000000000000e+02 1.906624000000000000000000000000e+06 1.700000000000000000000000000000e+01
4.400000000000000000000000000000e+01 1.240000000000000000000000000000e+02 1.906624000000000000000000000000e+06 1.800000000000000000000000000000e+01
4.600000000000000000000000000000e+01 1.020000000000000000000000000000e+02 1.061208000000000000000000000000e+06 1.900000000000000000000000000000e+01
4.700000000000000000000000000000e+01 6.000000000000000000000000000000e+00 2.160000000000000000000000000000e+02 2.000000000000000000000000000000e+01
4.800000000000000000000000000000e+01 6.500000000000000000000000000000e+01 2.746250000000000000000000000000e+05 2.100000000000000000000000000000e+01
5.000000000000000000000000000000e+01 6.400000000000000000000000000000e+01 2.621440000000000000000000000000e+05 2.200000000000000000000000000000e+01
5.100000000000000000000000000000e+01 4.400000000000000000000000000000e+01 8.518400000000000000000000000000e+04 2.300000000000000000000000000000e+01
5.800000000000000000000000000000e+01 7.900000000000000000000000000000e+01 4.930390000000000000000000000000e+05 2.400000000000000000000000000000e+01
6.100000000000000000000000000000e+01 9.000000000000000000000000000000e+00 7.290000000000000000000000000000e+02 2.500000000000000000000000000000e+01
6.200000000000000000000000000000e+01 3.580000000000000000000000000000e+02 4.588271200000000000000000000000e+07 2.600000000000000000000000000000e+01
6.300000000000000000000000000000e+01 1.730000000000000000000000000000e+02 5.177717000000000000000000000000e+06 2.700000000000000000000000000000e+01
6.500000000000000000000000000000e+01 1.010000000000000000000000000000e+02 1.030301000000000000000000000000e+06 2.800000000000000000000000000000e+01
6.600000000000000000000000000000e+01 1.970000000000000000000000000000e+02 7.645373000000000000000000000000e+06 2.900000000000000000000000000000e+01
6.700000000000000000000000000000e+01 9.200000000000000000000000000000e+01 7.786880000000000000000000000000e+05 3.000000000000000000000000000000e+01
6.800000000000000000000000000000e+01 1.200000000000000000000000000000e+01 1.728000000000000000000000000000e+03 3.100000000000000000000000000000e+01
6.900000000000000000000000000000e+01 1.900000000000000000000000000000e+01 6.859000000000000000000000000000e+03 3.200000000000000000000000000000e+01
7.000000000000000000000000000000e+01 4.500000000000000000000000000000e+01 9.112500000000000000000000000000e+04 3.300000000000000000000000000000e+01
7.100000000000000000000000000000e+01 1.420000000000000000000000000000e+02 2.863288000000000000000000000000e+06 3.400000000000000000000000000000e+01
7.200000000000000000000000000000e+01 5.300000000000000000000000000000e+01 1.488770000000000000000000000000e+05 3.500000000000000000000000000000e+01
7.500000000000000000000000000000e+01 5.500000000000000000000000000000e+01 1.663750000000000000000000000000e+05 3.600000000000000000000000000000e+01
7.700000000000000000000000000000e+01 2.000000000000000000000000000000e+01 8.000000000000000000000000000000e+03 3.700000000000000000000000000000e+01
7.900000000000000000000000000000e+01 1.590000000000000000000000000000e+02 4.019679000000000000000000000000e+06 3.800000000000000000000000000000e+01
8.000000000000000000000000000000e+01 2.060000000000000000000000000000e+02 8.741816000000000000000000000000e+06 3.900000000000000000000000000000e+01
8.100000000000000000000000000000e+01 1.800000000000000000000000000000e+01 5.832000000000000000000000000000e+03 4.000000000000000000000000000000e+01
8.200000000000000000000000000000e+01 1.320000000000000000000000000000e+02 2.299968000000000000000000000000e+06 4.100000000000000000000000000000e+01
8.600000000000000000000000000000e+01 6.000000000000000000000000000000e+00 2.160000000000000000000000000000e+02 4.200000000000000000000000000000e+01
8.800000000000000000000000000000e+01 1.700000000000000000000000000000e+02 4.913000000000000000000000000000e+06 4.300000000000000000000000000000e+01
8.900000000000000000000000000000e+01 1.720000000000000000000000000000e+02 5.088448000000000000000000000000e+06 4.400000000000000000000000000000e+01
9.000000000000000000000000000000e+01 5.900000000000000000000000000000e+01 2.053790000000000000000000000000e+05 4.500000000000000000000000000000e+01
9.200000000000000000000000000000e+01 1.840000000000000000000000000000e+02 6.229504000000000000000000000000e+06 4.600000000000000000000000000000e+01
9.300000000000000000000000000000e+01 1.050000000000000000000000000000e+02 1.157625000000000000000000000000e+06 4.700000000000000000000000000000e+01
9.700000000000000000000000000000e+01 1.240000000000000000000000000000e+02 1.906624000000000000000000000000e+06 4.800000000000000000000000000000e+01
9.900000000000000000000000000000e+01 1.300000000000000000000000000000e+02 2.197000000000000000000000000000e+06 4.900000000000000000000000000000e+01
1.030000000000000000000000000000e+02 2.550000000000000000000000000000e+02 1.658137500000000000000000000000e+07 5.000000000000000000000000000000e+01
1.050000000000000000000000000000e+02 1.500000000000000000000000000000e+01 3.375000000000000000000000000000e+03 5.100000000000000000000000000000e+01
1.060000000000000000000000000000e+02 4.500000000000000000000000000000e+01 9.112500000000000000000000000000e+04 5.200000000000000000000000000000e+01
1.080000000000000000000000000000e+02 1.600000000000000000000000000000e+02 4.096000000000000000000000000000e+06 5.300000000000000000000000000000e+01
1.100000000000000000000000000000e+02 9.900000000000000000000000000000e+01 9.702990000000000000000000000000e+05 5.400000000000000000000000000000e+01
1.120000000000000000000000000000e+02 6.200000000000000000000000000000e+01 2.383280000000000000000000000000e+05 5.500000000000000000000000000000e+01
1.150000000000000000000000000000e+02 6.200000000000000000000000000000e+01 2.383280000000000000000000000000e+05 5.600000000000000000000000000000e+01
1.190000000000000000000000000000e+02 6.900000000000000000000000000000e+01 3.285090000000000000000000000000e+05 5.700000000000000000000000000000e+01
1.240000000000000000000000000000e+02 9.300000000000000000000000000000e+01 8.043570000000000000000000000000e+05 5.800000000000000000000000000000e+01
1.270000000000000000000000000000e+02 4.000000000000000000000000000000e+00 6.400000000000000000000000000000e+01 5.900000000000000000000000000000e+01
1.280000000000000000000000000000e+02 2.700000000000000000000000000000e+01 1.968300000000000000000000000000e+04 6.000000000000000000000000000000e+01
1.290000000000000000000000000000e+02 1.400000000000000000000000000000e+02 2.744000000000000000000000000000e+06 6.100000000000000000000000000000e+01
1.300000000000000000000000000000e+02 9.500000000000000000000000000000e+01 8.573750000000000000000000000000e+05 6.200000000000000000000000000000e+01
1.310000000000000000000000000000e+02 1.240000000000000000000000000000e+02 1.906624000000000000000000000000e+06 6.300000000000000000000000000000e+01
1.340000000000000000000000000000e+02 2.000000000000000000000000000000e+01 8.000000000000000000000000000000e+03 6.400000000000000000000000000000e+01
1.350000000000000000000000000000e+02 1.300000000000000000000000000000e+01 2.197000000000000000000000000000e+03 6.500000000000000000000000000000e+01
1.360000000000000000000000000000e+02 1.200000000000000000000000000000e+01 1.728000000000000000000000000000e+03 6.600000000000000000000000000000e+01
1.370000000000000000000000000000e+02 5.000000000000000000000000000000e+00 1.250000000000000000000000000000e+02 6.700000000000000000000000000000e+01
1.410000000000000000000000000000e+02 8.200000000000000000000000000000e+01 5.513680000000000000000000000000e+05 6.800000000000000000000000000000e+01
1.420000000000000000000000000000e+02 5.000000000000000000000000000000e+01 1.250000000000000000000000000000e+05 6.900000000000000000000000000000e+01
1.440000000000000000000000000000e+02 1.180000000000000000000000000000e+02 1.643032000000000000000000000000e+06 7.000000000000000000000000000000e+01
1.450000000000000000000000000000e+02 1.640000000000000000000000000000e+02 4.410944000000000000000000000000e+06 7.100000000000000000000000000000e+01
1.480000000000000000000000000000e+02 4.300000000000000000000000000000e+01 7.950700000000000000000000000000e+04 7.200000000000000000000000000000e+01
