0.000000000000000000000000000000e+00 4.600000000000000000000000000000e+01 9.733600000000000000000000000000e+04 0.000000000000000000000000000000e+00
1.000000000000000000000000000000e+00 4.000000000000000000000000000000e+01 6.400000000000000000000000000000e+04 1.000000000000000000000000000000e+00
2.000000000000000000000000000000e+00 4.000000000000000000000000000000e+01 6.400000000000000000000000000000e+04 2.000000000000000000000000000000e+00
5.000000000000000000000000000000e+00 1.000000000000000000000000000000e+00 1.000000000000000000000000000000e+00 3.000000000000000000000000000000e+00
8.000000000000000000000000000000e+00 3.000000000000000000000000000000e+01 2.700000000000000000000000000000e+04 4.000000000000000000000000000000e+00
9.000000000000000000000000000000e+00 1.500000000000000000000000000000e+01 3.375000000000000000000000000000e+03 5.000000000000000000000000000000e+00
1.100000000000000000000000000000e+01 5.000000000000000000000000000000e+00 1.250000000000000000000000000000e+02 6.000000000000000000000000000000e+00
1.300000000000000000000000000000e+01 5.400000000000000000000000000000e+01 1.574640000000000000000000000000e+05 7.000000000000000000000000000000e+00
1.400000000000000000000000000000e+01 7.100000000000000000000000000000e+01 3.579110000000000000000000000000e+05 8.000000000000000000000000000000e+00
1.500000000000000000000000000000e+01 1.390000000000000000000000000000e+02 2.685619000000000000000000000000e+06 9.000000000000000000000000000000e+00
1.600000000000000000000000000000e+01 2.670000000000000000000000000000e+02 1.903416300000000000000000000000e+07 1.000000000000000000000000000000e+01
1.700000000000000000000000000000e+01 1.370000000000000000000000000000e+02 2.571353000000000000000000000000e+06 1.100000000000000000000000000000e+01
1.900000000000000000000000000000e+01 1.550000000000000000000000000000e+02 3.723875000000000000000000000000e+06 1.200000000000000000000000000000e+01
2.300000000000000000000000000000e+01 2.900000000000000000000000000000e+01 2.438900000000000000000000000000e+04 1.300000000000000000000000000000e+01
2.800000000000000000000000000000e+01 4.100000000000000000000000000000e+01 6.892100000000000000000000000000e+04 1.400000000000000000000000000000e+01
3.000000000000000000000000000000e+01 2.400000000000000000000000000000e+01 1.382400000000000000000000000000e+04 1.500000000000000000000000000000e+01
3.600000000000000000000000000000e+01 8.100000000000000000000000000000e+01 5.314410000000000000000000000000e+05 1.600000000000000000000000000000e+01
3.700000000000000000000000000000e+01 1.500000000000000000000000000000e+02 3.375000000000000000000000000000e+06 1.700000000000000000000000000000e+01
3.800000000000000000000000000000e+01 4.600000000000000000000000000000e+01 9.733600000000000000000000000000e+04 1.800000000000000000000000000000e+01
4.000000000000000000000000000000e+01 1.070000000000000000000000000000e+02 1.225043000000000000000000000000e+06 1.900000000000000000000000000000e+01
4.100000000000000000000000000000e+01 1.190000000000000000000000000000e+02 1.685159000000000000000000000000e+06 2.000000000000000000000000000000e+01
4.200000000000000000000000000000e+01 3.200000000000000000000000000000e+01 3.276800000000000000000000000000e+04 2.100000000000000000000000000000e+01
4.300000000000000000000000000000e+01 5.000000000000000000000000000000e+00 1.250000000000000000000000000000e+02 2.200000000000000000000000000000e+01
5.100000000000000000000000000000e+01 2.310000000000000000000000000000e+02 1.232639100000000000000000000000e+07 2.300000000000000000000000000000e+01
5.200000000000000000000000000000e+01 6.000000000000000000000000000000e+01 2.160000000000000000000000000000e+05 2.400000000000000000000000000000e+01
5.500000000000000000000000000000e+01 6.200000000000000000000000000000e+01 2.383280000000000000000000000000e+05 2.500000000000000000000000000000e+01
5.600000000000000000000000000000e+01 2.000000000000000000000000000000e+00 8.000000000000000000000000000000e+00 2.600000000000000000000000000000e+01
5.800000000000000000000000000000e+01 2.480000000000000000000000000000e+02 1.525299200000000000000000000000e+07 2.700000000000000000000000000000e+01
6.300000000000000000000000000000e+01 1.020000000000000000000000000000e+02 1.061208000000000000000000000000e+06 2.800000000000000000000000000000e+01
6.400000000000000000000000000000e+01 1.440000000000000000000000000000e+02 2.985984000000000000000000000000e+06 2.900000000000000000000000000000e+01
6.900000000000000000000000000000e+01 5.700000000000000000000000000000e+01 1.851930000000000000000000000000e+05 3.000000000000000000000000000000e+01
7.000000000000000000000000000000e+01 4.000000000000000000000000000000e+01 6.400000000000000000000000000000e+04 3.100000000000000000000000000000e+01
7.200000000000000000000000000000e+01 1.160000000000000000000000000000e+02 1.560896000000000000000000000000e+06 3.200000000000000000000000000000e+01
7.500000000000000000000000000000e+01 9.700000000000000000000000000000e+01 9.126730000000000000000000000000e+05 3.300000000000000000000000000000e+01
7.800000000000000000000000000000e+01 4.600000000000000000000000000000e+01 9.733600000000000000000000000000e+04 3.400000000000000000000000000000e+01
7.900000000000000000000000000000e+01 4.200000000000000000000000000000e+01 7.408800000000000000000000000000e+04 3.500000000000000000000000000000e+01
8.000000000000000000000000000000e+01 5.000000000000000000000000000000e+01 1.250000000000000000000000000000e+05 3.600000000000000000000000000000e+01
8.100000000000000000000000000000e+01 1.070000000000000000000000000000e+02 1.225043000000000000000000000000e+06 3.700000000000000000000000000000e+01
8.200000000000000000000000000000e+01 6.900000000000000000000000000000e+01 3.285090000000000000000000000000e+05 3.800000000000000000000000000000e+01
8.900000000000000000000000000000e+01 1.900000000000000000000000000000e+02 6.859000000000000000000000000000e+06 3.900000000000000000000000000000e+01
9.000000000000000000000000000000e+01 1.150000000000000000000000000000e+02 1.520875000000000000000000000000e+06 4.000000000000000000000000000000e+01
9.200000000000000000000000000000e+01 1.200000000000000000000000000000e+01 1.728000000000000000000000000000e+03 4.100000000000000000000000000000e+01
9.400000000000000000000000000000e+01 5.800000000000000000000000000000e+01 1.951120000000000000000000000000e+05 4.200000000000000000000000000000e+01
9.500000000000000000000000000000e+01 2.700000000000000000000000000000e+02 1.968300000000000000000000000000e+07 4.300000000000000000000000000000e+01
9.600000000000000000000000000000e+01 1.950000000000000000000000000000e+02 7.414875000000000000000000000000e+06 4.400000000000000000000000000000e+01
9.900000000000000000000000000000e+01 5.600000000000000000000000000000e+01 1.756160000000000000000000000000e+05 4.500000000000000000000000000000e+01
1.000000000000000000000000000000e+02 2.200000000000000000000000000000e+01 1.064800000000000000000000000000e+04 4.600000000000000000000000000000e+01
1.020000000000000000000000000000e+02 6.000000000000000000000000000000e+00 2.160000000000000000000000000000e+02 4.700000000000000000000000000000e+01
1.040000000000000000000000000000e+02 2.000000000000000000000000000000e+01 8.000000000000000000000000000000e+03 4.800000000000000000000000000000e+01
1.050000000000000000000000000000e+02 5.300000000000000000000000000000e+01 1.488770000000000000000000000000e+05 4.900000000000000000000000000000e+01
1.060000000000000000000000000000e+02 5.000000000000000000000000000000e+00 1.250000000000000000000000000000e+02 5.000000000000000000000000000000e+01
1.120000000000000000000000000000e+02 1.610000000000000000000000000000e+02 4.173281000000000000000000000000e+06 5.100000000000000000000000000000e+01
1.130000000000000000000000000000e+02 2.030000000000000000000000000000e+02 8.365427000000000000000000000000e+06 5.200000000000000000000000000000e+01
1.150000000000000000000000000000e+02 8.500000000000000000000000000000e+01 6.141250000000000000000000000000e+05 5.300000000000000000000000000000e+01
1.160000000000000000000000000000e+02 9.200000000000000000000000000000e+01 7.786880000000000000000000000000e+05 5.400000000000000000000000000000e+01
1.210000000000000000000000000000e+02 7.000000000000000000000000000000e+01 3.430000000000000000000000000000e+05 5.500000000000000000000000000000e+01
1.250000000000000000000000000000e+02 3.000000000000000000000000000000e+00 2.700000000000000000000000000000e+01 5.600000000000000000000000000000e+01
1.260000000000000000000000000000e+02 8.800000000000000000000000000000e+01 6.814720000000000000000000000000e+05 5.700000000000000000000000000000e+01
1.270000000000000000000000000000e+02 7.000000000000000000000000000000e+01 3.430000000000000000000000000000e+05 5.800000000000000000000000000000e+01
1.300000000000000000000000000000e+02 4.600000000000000000000000000000e+01 9.733600000000000000000000000000e+04 5.900000000000000000000000000000e+01
1.330000000000000000000000000000e+02 1.880000000000000000000000000000e+02 6.644672000000000000000000000000e+06 6.000000000000000000000000000000e+01
1.350000000000000000000000000000e+02 3.800000000000000000000000000000e+02 5.487200000000000000000000000000e+07 6.100000000000000000000000000000e+01
1.360000000000000000000000000000e+02 7.300000000000000000000000000000e+01 3.890170000000000000000000000000e+05 6.200000000000000000000000000000e+01
1.370000000000000000000000000000e+02 7.700000000000000000000000000000e+01 4.565330000000000000000000000000e+05 6.300000000000000000000000000000e+01
1.440000000000000000000000000000e+02 4.100000000000000000000000000000e+01 6.892100000000000000000000000000e+04 6.400000000000000000000000000000e+01
1.480000000000000000000000000000e+02 3.100000000000000000000000000000e+01 2.979100000000000000000000000000e+04 6.500000000000000000000000000000e+01
1.490000000000000000000000000000e+02 1.500000000000000000000000000000e+01 3.375000000000000000000000000000e+03 6.600000000000000000000000000000e+01
