8.000000000000000000000000000000e+00 2.230000000000000000000000000000e+02 1.108956700000000000000000000000e+07 0.000000000000000000000000000000e+00
1.200000000000000000000000000000e+01 1.240000000000000000000000000000e+02 1.906624000000000000000000000000e+06 1.000000000000000000000000000000e+00
1.300000000000000000000000000000e+01 9.600000000000000000000000000000e+01 8.847360000000000000000000000000e+05 2.000000000000000000000000000000e+00
1.400000000000000000000000000000e+01 6.800000000000000000000000000000e+01 3.144320000000000000000000000000e+05 3.000000000000000000000000000000e+00
1.500000000000000000000000000000e+01 3.470000000000000000000000000000e+02 4.178192300000000000000000000000e+07 4.000000000000000000000000000000e+00
1.600000000000000000000000000000e+01 4.800000000000000000000000000000e+01 1.105920000000000000000000000000e+05 5.000000000000000000000000000000e+00
2.000000000000000000000000000000e+01 9.400000000000000000000000000000e+01 8.305840000000000000000000000000e+05 6.000000000000000000000000000000e+00
2.100000000000000000000000000000e+01 5.500000000000000000000000000000e+01 1.663750000000000000000000000000e+05 7.000000000000000000000000000000e+00
2.700000000000000000000000000000e+01 1.100000000000000000000000000000e+01 1.331000000000000000000000000000e+03 8.000000000000000000000000000000e+00
2.900000000000000000000000000000e+01 5.900000000000000000000000000000e+01 2.053790000000000000000000000000e+05 9.000000000000000000000000000000e+00
3.600000000000000000000000000000e+01 8.200000000000000000000000000000e+01 5.513680000000000000000000000000e+05 1.000000000000000000000000000000e+01
3.700000000000000000000000000000e+01 1.000000000000000000000000000000e+00 1.000000000000000000000000000000e+00 1.100000000000000000000000000000e+01
4.200000000000000000000000000000e+01 2.370000000000000000000000000000e+02 1.331205300000000000000000000000e+07 1.200000000000000000000000000000e+01
4.300000000000000000000000000000e+01 1.270000000000000000000000000000e+02 2.048383000000000000000000000000e+06 1.300000000000000000000000000000e+01
4.600000000000000000000000000000e+01 1.110000000000000000000000000000e+02 1.367631000000000000000000000000e+06 1.400000000000000000000000000000e+01
4.700000000000000000000000000000e+01 2.420000000000000000000000000000e+02 1.417248800000000000000000000000e+07 1.500000000000000000000000000000e+01
4.800000000000000000000000000000e+01 8.600000000000000000000000000000e+01 6.360560000000000000000000000000e+05 1.600000000000000000000000000000e+01
5.300000000000000000000000000000e+01 1.150000000000000000000000000000e+02 1.520875000000000000000000000000e+06 1.700000000000000000000000000000e+01
5.400000000000000000000000000000e+01 2.070000000000000000000000000000e+02 8.869743000000000000000000000000e+06 1.800000000000000000000000000000e+01
5.500000000000000000000000000000e+01 1.120000000000000000000000000000e+02 1.404928000000000000000000000000e+06 1.900000000000000000000000000000e+01
5.600000000000000000000000000000e+01 5.200000000000000000000000000000e+01 1.406080000000000000000000000000e+05 2.000000000000000000000000000000e+01
5.800000000000000000000000000000e+01 1.040000000000000000000000000000e+02 1.124864000000000000000000000000e+06 2.100000000000000000000000000000e+01
5.900000000000000000000000000000e+01 7.000000000000000000000000000000e+01 3.430000000000000000000000000000e+05 2.200000000000000000000000000000e+01
6.100000000000000000000000000000e+01 6.500000000000000000000000000000e+01 2.746250000000000000000000000000e+05 2.300000000000000000000000000000e+01
6.200000000000000000000000000000e+01 1.700000000000000000000000000000e+01 4.913000000000000000000000000000e+03 2.400000000000000000000000000000e+01
6.300000000000000000000000000000e+01 4.310000000000000000000000000000e+02 8.006299100000000000000000000000e+07 2.500000000000000000000000000000e+01
6.800000000000000000000000000000e+01 3.900000000000000000000000000000e+01 5.931900000000000000000000000000e+04 2.600000000000000000000000000000e+01
6.900000000000000000000000000000e+01 1.960000000000000000000000000000e+02 7.529536000000000000000000000000e+06 2.700000000000000000000000000000e+01
7.200000000000000000000000000000e+01 1.010000000000000000000000000000e+02 1.030301000000000000000000000000e+06 2.800000000000000000000000000000e+01
7.500000000000000000000000000000e+01 1.300000000000000000000000000000e+01 2.197000000000000000000000000000e+03 2.900000000000000000000000000000e+01
7.900000000000000000000000000000e+01 7.100000000000000000000000000000e+01 3.579110000000000000000000000000e+05 3.000000000000000000000000000000e+01
8.200000000000000000000000000000e+01 3.100000000000000000000000000000e+01 2.979100000000000000000000000000e+04 3.100000000000000000000000000000e+01
8.400000000000000000000000000000e+01 4.110000000000000000000000000000e+02 6.942653100000000000000000000000e+07 3.200000000000000000000000000000e+01
8.700000000000000000000000000000e+01 1.820000000000000000000000000000e+02 6.028568000000000000000000000000e+06 3.300000000000000000000000000000e+01
8.800000000000000000000000000000e+01 1.200000000000000000000000000000e+01 1.728000000000000000000000000000e+03 3.400000000000000000000000000000e+01
9.200000000000000000000000000000e+01 2.700000000000000000000000000000e+01 1.968300000000000000000000000000e+04 3.500000000000000000000000000000e+01
9.700000000000000000000000000000e+01 2.580000000000000000000000000000e+02 1.717351200000000000000000000000e+07 3.600000000000000000000000000000e+01
9.800000000000000000000000000000e+01 3.930000000000000000000000000000e+02 6.069845700000000000000000000000e+07 3.700000000000000000000000000000e+01
1.010000000000000000000000000000e+02 2.800000000000000000000000000000e+01 2.195200000000000000000000000000e+04 3.800000000000000000000000000000e+01
1.030000000000000000000000000000e+02 1.000000000000000000000000000000e+01 1.000000000000000000000000000000e+03 3.900000000000000000000000000000e+01
1.040000000000000000000000000000e+02 8.000000000000000000000000000000e+00 5.120000000000000000000000000000e+02 4.000000000000000000000000000000e+01
1.060000000000000000000000000000e+02 1.060000000000000000000000000000e+02 1.191016000000000000000000000000e+06 4.100000000000000000000000000000e+01
1.080000000000000000000000000000e+02 1.360000000000000000000000000000e+02 2.515456000000000000000000000000e+06 4.200000000000000000000000000000e+01
1.120000000000000000000000000000e+02 2.200000000000000000000000000000e+01 1.064800000000000000000000000000e+04 4.300000000000000000000000000000e+01
1.140000000000000000000000000000e+02 4.600000000000000000000000000000e+01 9.733600000000000000000000000000e+04 4.400000000000000000000000000000e+01
1.180000000000000000000000000000e+02 4.500000000000000000000000000000e+01 9.112500000000000000000000000000e+04 4.500000000000000000000000000000e+01
1.200000000000000000000000000000e+02 1.480000000000000000000000000000e+02 3.241792000000000000000000000000e+06 4.600000000000000000000000000000e+01
1.220000000000000000000000000000e+02 7.400000000000000000000000000000e+01 4.052240000000000000000000000000e+05 4.700000000000000000000000000000e+01
1.230000000000000000000000000000e+02 3.100000000000000000000000000000e+01 2.979100000000000000000000000000e+04 4.800000000000000000000000000000e+01
1.240000000000000000000000000000e+02 3.900000000000000000000000000000e+01 5.931900000000000000000000000000e+04 4.900000000000000000000000000000e+01
1.250000000000000000000000000000e+02 3.710000000000000000000000000000e+02 5.106481100000000000000000000000e+07 5.000000000000000000000000000000e+01
1.260000000000000000000000000000e+02 7.300000000000000000000000000000e+01 3.890170000000000000000000000000e+05 5.100000000000000000000000000000e+01
1.270000000000000000000000000000e+02 5.400000000000000000000000000000e+02 1.574640000000000000000000000000e+08 5.200000000000000000000000000000e+01
1.310000000000000000000000000000e+02 7.060000000000000000000000000000e+02 3.518958160000000000000000000000e+08 5.300000000000000000000000000000e+01
1.320000000000000000000000000000e+02 1.000000000000000000000000000000e+00 1.000000000000000000000000000000e+00 5.400000000000000000000000000000e+01
1.340000000000000000000000000000e+02 6.600000000000000000000000000000e+01 2.874960000000000000000000000000e+05 5.500000000000000000000000000000e+01
1.360000000000000000000000000000e+02 1.120000000000000000000000000000e+02 1.404928000000000000000000000000e+06 5.600000000000000000000000000000e+01
1.380000000000000000000000000000e+02 5.000000000000000000000000000000e+00 1.250000000000000000000000000000e+02 5.700000000000000000000000000000e+01
1.400000000000000000000000000000e+02 4.000000000000000000000000000000e+02 6.400000000000000000000000000000e+07 5.800000000000000000000000000000e+01
1.420000000000000000000000000000e+02 1.710000000000000000000000000000e+02 5.000211000000000000000000000000e+06 5.900000000000000000000000000000e+01
1.450000000000000000000000000000e+02 2.220000000000000000000000000000e+02 1.094104800000000000000000000000e+07 6.000000000000000000000000000000e+01
1.470000000000000000000000000000e+02 1.310000000000000000000000000000e+02 2.248091000000000000000000000000e+06 6.100000000000000000000000000000e+01
