3.000000000000000000000000000000e+00 4.930000000000000000000000000000e+02 1.198231570000000000000000000000e+08 0.000000000000000000000000000000e+00
4.000000000000000000000000000000e+00 1.500000000000000000000000000000e+01 3.375000000000000000000000000000e+03 1.000000000000000000000000000000e+00
5.000000000000000000000000000000e+00 4.110000000000000000000000000000e+02 6.942653100000000000000000000000e+07 2.000000000000000000000000000000e+00
7.000000000000000000000000000000e+00 2.710000000000000000000000000000e+02 1.990251100000000000000000000000e+07 3.000000000000000000000000000000e+00
8.000000000000000000000000000000e+00 1.300000000000000000000000000000e+02 2.197000000000000000000000000000e+06 4.000000000000000000000000000000e+00
1.000000000000000000000000000000e+01 8.900000000000000000000000000000e+01 7.049690000000000000000000000000e+05 5.000000000000000000000000000000e+00
1.200000000000000000000000000000e+01 1.460000000000000000000000000000e+02 3.112136000000000000000000000000e+06 6.000000000000000000000000000000e+00
1.400000000000000000000000000000e+01 2.320000000000000000000000000000e+02 1.248716800000000000000000000000e+07 7.000000000000000000000000000000e+00
1.600000000000000000000000000000e+01 7.900000000000000000000000000000e+01 4.930390000000000000000000000000e+05 8.000000000000000000000000000000e+00
1.900000000000000000000000000000e+01 1.500000000000000000000000000000e+01 3.375000000000000000000000000000e+03 9.000000000000000000000000000000e+00
2.000000000000000000000000000000e+01 1.460000000000000000000000000000e+02 3.112136000000000000000000000000e+06 1.000000000000000000000000000000e+01
2.500000000000000000000000000000e+01 7.100000000000000000000000000000e+01 3.579110000000000000000000000000e+05 1.100000000000000000000000000000e+01
2.600000000000000000000000000000e+01 4.200000000000000000000000000000e+01 7.408800000000000000000000000000e+04 1.200000000000000000000000000000e+01
2.700000000000000000000000000000e+01 6.500000000000000000000000000000e+01 2.746250000000000000000000000000e+05 1.300000000000000000000000000000e+01
2.800000000000000000000000000000e+01 6.300000000000000000000000000000e+01 2.500470000000000000000000000000e+05 1.400000000000000000000000000000e+01
3.000000000000000000000000000000e+01 2.800000000000000000000000000000e+01 2.195200000000000000000000000000e+04 1.500000000000000000000000000000e+01
3.300000000000000000000000000000e+01 3.700000000000000000000000000000e+01 5.065300000000000000000000000000e+04 1.600000000000000000000000000000e+01
3.400000000000000000000000000000e+01 6.000000000000000000000000000000e+01 2.160000000000000000000000000000e+05 1.700000000000000000000000000000e+01
3.600000000000000000000000000000e+01 1.300000000000000000000000000000e+01 2.197000000000000000000000000000e+03 1.800000000000000000000000000000e+01
4.300000000000000000000000000000e+01 1.100000000000000000000000000000e+01 1.331000000000000000000000000000e+03 1.900000000000000000000000000000e+01
4.700000000000000000000000000000e+01 5.500000000000000000000000000000e+01 1.663750000000000000000000000000e+05 2.000000000000000000000000000000e+01
4.800000000000000000000000000000e+01 1.370000000000000000000000000000e+02 2.571353000000000000000000000000e+06 2.100000000000000000000000000000e+01
5.000000000000000000000000000000e+01 9.200000000000000000000000000000e+01 7.786880000000000000000000000000e+05 2.200000000000000000000000000000e+01
5.100000000000000000000000000000e+01 5.000000000000000000000000000000e+00 1.250000000000000000000000000000e+02 2.300000000000000000000000000000e+01
5.600000000000000000000000000000e+01 7.400000000000000000000000000000e+01 4.052240000000000000000000000000e+05 2.400000000000000000000000000000e+01
5.700000000000000000000000000000e+01 9.000000000000000000000000000000e+00 7.290000000000000000000000000000e+02 2.500000000000000000000000000000e+01
5.900000000000000000000000000000e+01 5.000000000000000000000000000000e+00 1.250000000000000000000000000000e+02 2.600000000000000000000000000000e+01
6.000000000000000000000000000000e+01 1.200000000000000000000000000000e+02 1.728000000000000000000000000000e+06 2.700000000000000000000000000000e+01
6.200000000000000000000000000000e+01 9.000000000000000000000000000000e+00 7.290000000000000000000000000000e+02 2.800000000000000000000000000000e+01
6.300000000000000000000000000000e+01 8.600000000000000000000000000000e+01 6.360560000000000000000000000000e+05 2.900000000000000000000000000000e+01
6.500000000000000000000000000000e+01 1.700000000000000000000000000000e+01 4.913000000000000000000000000000e+03 3.000000000000000000000000000000e+01
6.600000000000000000000000000000e+01 6.100000000000000000000000000000e+01 2.269810000000000000000000000000e+05 3.100000000000000000000000000000e+01
6.800000000000000000000000000000e+01 3.000000000000000000000000000000e+01 2.700000000000000000000000000000e+04 3.200000000000000000000000000000e+01
6.900000000000000000000000000000e+01 1.800000000000000000000000000000e+02 5.832000000000000000000000000000e+06 3.300000000000000000000000000000e+01
7.100000000000000000000000000000e+01 8.800000000000000000000000000000e+01 6.814720000000000000000000000000e+05 3.400000000000000000000000000000e+01
7.400000000000000000000000000000e+01 1.100000000000000000000000000000e+01 1.331000000000000000000000000000e+03 3.500000000000000000000000000000e+01
7.500000000000000000000000000000e+01 2.600000000000000000000000000000e+01 1.757600000000000000000000000000e+04 3.600000000000000000000000000000e+01
7.600000000000000000000000000000e+01 1.220000000000000000000000000000e+02 1.815848000000000000000000000000e+06 3.700000000000000000000000000000e+01
8.300000000000000000000000000000e+01 1.240000000000000000000000000000e+02 1.906624000000000000000000000000e+06 3.800000000000000000000000000000e+01
8.400000000000000000000000000000e+01 1.270000000000000000000000000000e+02 2.048383000000000000000000000000e+06 3.900000000000000000000000000000e+01
8.800000000000000000000000000000e+01 2.100000000000000000000000000000e+01 9.261000000000000000000000000000e+03 4.000000000000000000000000000000e+01
9.100000000000000000000000000000e+01 3.700000000000000000000000000000e+01 5.065300000000000000000000000000e+04 4.100000000000000000000000000000e+01
9.600000000000000000000000000000e+01 1.800000000000000000000000000000e+01 5.832000000000000000000000000000e+03 4.200000000000000000000000000000e+01
9.700000000000000000000000000000e+01 6.700000000000000000000000000000e+01 3.007630000000000000000000000000e+05 4.300000000000000000000000000000e+01
9.800000000000000000000000000000e+01 1.090000000000000000000000000000e+02 1.295029000000000000000000000000e+06 4.400000000000000000000000000000e+01
9.900000000000000000000000000000e+01 4.600000000000000000000000000000e+01 9.733600000000000000000000000000e+04 4.500000000000000000000000000000e+01
1.010000000000000000000000000000e+02 2.000000000000000000000000000000e+01 8.000000000000000000000000000000e+03 4.600000000000000000000000000000e+01
1.020000000000000000000000000000e+02 2.090000000000000000000000000000e+02 9.129329000000000000000000000000e+06 4.700000000000000000000000000000e+01
1.040000000000000000000000000000e+02 1.650000000000000000000000000000e+02 4.492125000000000000000000000000e+06 4.800000000000000000000000000000e+01
1.060000000000000000000000000000e+02 1.200000000000000000000000000000e+01 1.728000000000000000000000000000e+03 4.900000000000000000000000000000e+01
1.070000000000000000000000000000e+02 1.100000000000000000000000000000e+01 1.331000000000000000000000000000e+03 5.000000000000000000000000000000e+01
1.080000000000000000000000000000e+02 9.300000000000000000000000000000e+01 8.043570000000000000000000000000e+05 5.100000000000000000000000000000e+01
1.090000000000000000000000000000e+02 1.000000000000000000000000000000e+01 1.000000000000000000000000000000e+03 5.200000000000000000000000000000e+01
1.100000000000000000000000000000e+02 9.000000000000000000000000000000e+01 7.290000000000000000000000000000e+05 5.300000000000000000000000000000e+01
1.120000000000000000000000000000e+02 3.000000000000000000000000000000e+00 2.700000000000000000000000000000e+01 5.400000000000000000000000000000e+01
1.130000000000000000000000000000e+02 1.310000000000000000000000000000e+02 2.248091000000000000000000000000e+06 5.500000000000000000000000000000e+01
1.140000000000000000000000000000e+02 3.230000000000000000000000000000e+02 3.369826700000000000000000000000e+07 5.600000000000000000000000000000e+01
1.150000000000000000000000000000e+02 2.130000000000000000000000000000e+02 9.663597000000000000000000000000e+06 5.700000000000000000000000000000e+01
1.170000000000000000000000000000e+02 1.080000000000000000000000000000e+02 1.259712000000000000000000000000e+06 5.800000000000000000000000000000e+01
1.180000000000000000000000000000e+02 4.100000000000000000000000000000e+01 6.892100000000000000000000000000e+04 5.900000000000000000000000000000e+01
1.200000000000000000000000000000e+02 2.000000000000000000000000000000e+01 8.000000000000000000000000000000e+03 6.000000000000000000000000000000e+01
1.230000000000000000000000000000e+02 1.000000000000000000000000000000e+00 1.000000000000000000000000000000e+00 6.100000000000000000000000000000e+01
1.240000000000000000000000000000e+02 2.640000000000000000000000000000e+02 1.839974400000000000000000000000e+07 6.200000000000000000000000000000e+01
1.280000000000000000000000000000e+02 1.090000000000000000000000000000e+02 1.295029000000000000000000000000e+06 6.300000000000000000000000000000e+01
1.290000000000000000000000000000e+02 1.850000000000000000000000000000e+02 6.331625000000000000000000000000e+06 6.400000000000000000000000000000e+01
1.320000000000000000000000000000e+02 1.060000000000000000000000000000e+02 1.191016000000000000000000000000e+06 6.500000000000000000000000000000e+01
1.340000000000000000000000000000e+02 2.730000000000000000000000000000e+02 2.034641700000000000000000000000e+07 6.600000000000000000000000000000e+01
1.360000000000000000000000000000e+02 1.330000000000000000000000000000e+02 2.352637000000000000000000000000e+06 6.700000000000000000000000000000e+01
1.380000000000000000000000000000e+02 1.050000000000000000000000000000e+02 1.157625000000000000000000000000e+06 6.800000000000000000000000000000e+01
1.390000000000000000000000000000e+02 5.900000000000000000000000000000e+01 2.053790000000000000000000000000e+05 6.900000000000000000000000000000e+01
1.400000000000000000000000000000e+02 6.000000000000000000000000000000e+01 2.160000000000000000000000000000e+05 7.000000000000000000000000000000e+01
1.410000000000000000000000000000e+02 1.200000000000000000000000000000e+01 1.728000000000000000000000000000e+03 7.100000000000000000000000000000e+01
1.440000000000000000000000000000e+02 3.920000000000000000000000000000e+02 6.023628800000000000000000000000e+07 7.200000000000000000000000000000e+01
1.450000000000000000000000000000e+02 8.900000000000000000000000000000e+01 7.049690000000000000000000000000e+05 7.300000000000000000000000000000e+01
1.480000000000000000000000000000e+02 1.390000000000000000000000000000e+02 2.685619000000000000000000000000e+06 7.400000000000000000000000000000e+01
1.490000000000000000000000000000e+02 2.800000000000000000000000000000e+01 2.195200000000000000000000000000e+04 7.500000000000000000000000000000e+01
