2.000000000000000000000000000000e+00 1.050000000000000000000000000000e+02 1.157625000000000000000000000000e+06 0.000000000000000000000000000000e+00
3.000000000000000000000000000000e+00 2.360000000000000000000000000000e+02 1.314425600000000000000000000000e+07 1.000000000000000000000000000000e+00
4.000000000000000000000000000000e+00 2.000000000000000000000000000000e+01 8.000000000000000000000000000000e+03 2.000000000000000000000000000000e+00
6.000000000000000000000000000000e+00 1.500000000000000000000000000000e+01 3.375000000000000000000000000000e+03 3.000000000000000000000000000000e+00
8.000000000000000000000000000000e+00 6.700000000000000000000000000000e+01 3.007630000000000000000000000000e+05 4.000000000000000000000000000000e+00
9.000000000000000000000000000000e+00 2.010000000000000000000000000000e+02 8.120601000000000000000000000000e+06 5.000000000000000000000000000000e+00
1.300000000000000000000000000000e+01 2.100000000000000000000000000000e+01 9.261000000000000000000000000000e+03 6.000000000000000000000000000000e+00
1.400000000000000000000000000000e+01 5.200000000000000000000000000000e+01 1.406080000000000000000000000000e+05 7.000000000000000000000000000000e+00
1.500000000000000000000000000000e+01 1.440000000000000000000000000000e+02 2.985984000000000000000000000000e+06 8.000000000000000000000000000000e+00
1.700000000000000000000000000000e+01 1.500000000000000000000000000000e+01 3.375000000000000000000000000000e+03 9.000000000000000000000000000000e+00
2.100000000000000000000000000000e+01 1.350000000000000000000000000000e+02 2.460375000000000000000000000000e+06 1.000000000000000000000000000000e+01
2.300000000000000000000000000000e+01 2.640000000000000000000000000000e+02 1.839974400000000000000000000000e+07 1.100000000000000000000000000000e+01
2.400000000000000000000000000000e+01 1.600000000000000000000000000000e+02 4.096000000000000000000000000000e+06 1.200000000000000000000000000000e+01
2.500000000000000000000000000000e+01 9.600000000000000000000000000000e+01 8.847360000000000000000000000000e+05 1.300000000000000000000000000000e+01
2.600000000000000000000000000000e+01 1.000000000000000000000000000000e+00 1.000000000000000000000000000000e+00 1.400000000000000000000000000000e+01
2.700000000000000000000000000000e+01 2.900000000000000000000000000000e+01 2.438900000000000000000000000000e+04 1.500000000000000000000000000000e+01
2.800000000000000000000000000000e+01 4.090000000000000000000000000000e+02 6.841792900000000000000000000000e+07 1.600000000000000000000000000000e+01
3.100000000000000000000000000000e+01 2.010000000000000000000000000000e+02 8.120601000000000000000000000000e+06 1.700000000000000000000000000000e+01
3.300000000000000000000000000000e+01 1.680000000000000000000000000000e+02 4.741632000000000000000000000000e+06 1.800000000000000000000000000000e+01
3.700000000000000000000000000000e+01 1.300000000000000000000000000000e+02 2.197000000000000000000000000000e+06 1.900000000000000000000000000000e+01
4.100000000000000000000000000000e+01 2.000000000000000000000000000000e+01 8.000000000000000000000000000000e+03 2.000000000000000000000000000000e+01
4.200000000000000000000000000000e+01 1.900000000000000000000000000000e+01 6.859000000000000000000000000000e+03 2.100000000000000000000000000000e+01
4.300000000000000000000000000000e+01 4.200000000000000000000000000000e+01 7.408800000000000000000000000000e+04 2.200000000000000000000000000000e+01
5.300000000000000000000000000000e+01 3.120000000000000000000000000000e+02 3.037132800000000000000000000000e+07 2.300000000000000000000000000000e+01
5.500000000000000000000000000000e+01 2.200000000000000000000000000000e+02 1.064800000000000000000000000000e+07 2.400000000000000000000000000000e+01
5.700000000000000000000000000000e+01 3.700000000000000000000000000000e+01 5.065300000000000000000000000000e+04 2.500000000000000000000000000000e+01
5.800000000000000000000000000000e+01 2.100000000000000000000000000000e+01 9.261000000000000000000000000000e+03 2.600000000000000000000000000000e+01
5.900000000000000000000000000000e+01 6.000000000000000000000000000000e+00 2.160000000000000000000000000000e+02 2.700000000000000000000000000000e+01
6.200000000000000000000000000000e+01 1.360000000000000000000000000000e+02 2.515456000000000000000000000000e+06 2.800000000000000000000000000000e+01
6.500000000000000000000000000000e+01 1.800000000000000000000000000000e+02 5.832000000000000000000000000000e+06 2.900000000000000000000000000000e+01
6.700000000000000000000000000000e+01 4.000000000000000000000000000000e+00 6.400000000000000000000000000000e+01 3.000000000000000000000000000000e+01
6.800000000000000000000000000000e+01 2.540000000000000000000000000000e+02 1.638706400000000000000000000000e+07 3.100000000000000000000000000000e+01
6.900000000000000000000000000000e+01 1.600000000000000000000000000000e+01 4.096000000000000000000000000000e+03 3.200000000000000000000000000000e+01
7.200000000000000000000000000000e+01 4.000000000000000000000000000000e+01 6.400000000000000000000000000000e+04 3.300000000000000000000000000000e+01
7.300000000000000000000000000000e+01 2.300000000000000000000000000000e+01 1.216700000000000000000000000000e+04 3.400000000000000000000000000000e+01
7.400000000000000000000000000000e+01 4.800000000000000000000000000000e+01 1.105920000000000000000000000000e+05 3.500000000000000000000000000000e+01
7.500000000000000000000000000000e+01 7.600000000000000000000000000000e+01 4.389760000000000000000000000000e+05 3.600000000000000000000000000000e+01
7.800000000000000000000000000000e+01 9.000000000000000000000000000000e+00 7.290000000000000000000000000000e+02 3.700000000000000000000000000000e+01
7.900000000000000000000000000000e+01 2.450000000000000000000000000000e+02 1.470612500000000000000000000000e+07 3.800000000000000000000000000000e+01
8.000000000000000000000000000000e+01 1.790000000000000000000000000000e+02 5.735339000000000000000000000000e+06 3.900000000000000000000000000000e+01
8.100000000000000000000000000000e+01 2.100000000000000000000000000000e+01 9.261000000000000000000000000000e+03 4.000000000000000000000000000000e+01
8.200000000000000000000000000000e+01 1.700000000000000000000000000000e+01 4.913000000000000000000000000000e+03 4.100000000000000000000000000000e+01
8.300000000000000000000000000000e+01 1.760000000000000000000000000000e+02 5.451776000000000000000000000000e+06 4.200000000000000000000000000000e+01
8.600000000000000000000000000000e+01 4.100000000000000000000000000000e+01 6.892100000000000000000000000000e+04 4.300000000000000000000000000000e+01
8.700000000000000000000000000000e+01 1.800000000000000000000000000000e+01 5.832000000000000000000000000000e+03 4.400000000000000000000000000000e+01
8.800000000000000000000000000000e+01 4.100000000000000000000000000000e+01 6.892100000000000000000000000000e+04 4.500000000000000000000000000000e+01
9.200000000000000000000000000000e+01 3.000000000000000000000000000000e+01 2.700000000000000000000000000000e+04 4.600000000000000000000000000000e+01
9.700000000000000000000000000000e+01 5.000000000000000000000000000000e+00 1.250000000000000000000000000000e+02 4.700000000000000000000000000000e+01
1.000000000000000000000000000000e+02 5.400000000000000000000000000000e+01 1.574640000000000000000000000000e+05 4.800000000000000000000000000000e+01
1.010000000000000000000000000000e+02 1.590000000000000000000000000000e+02 4.019679000000000000000000000000e+06 4.900000000000000000000000000000e+01
1.030000000000000000000000000000e+02 1.080000000000000000000000000000e+02 1.259712000000000000000000000000e+06 5.000000000000000000000000000000e+01
1.040000000000000000000000000000e+02 3.800000000000000000000000000000e+01 5.487200000000000000000000000000e+04 5.100000000000000000000000000000e+01
1.060000000000000000000000000000e+02 6.800000000000000000000000000000e+01 3.144320000000000000000000000000e+05 5.200000000000000000000000000000e+01
1.070000000000000000000000000000e+02 2.600000000000000000000000000000e+01 1.757600000000000000000000000000e+04 5.300000000000000000000000000000e+01
1.120000000000000000000000000000e+02 3.000000000000000000000000000000e+01 2.700000000000000000000000000000e+04 5.400000000000000000000000000000e+01
1.140000000000000000000000000000e+02 2.900000000000000000000000000000e+01 2.438900000000000000000000000000e+04 5.500000000000000000000000000000e+01
1.160000000000000000000000000000e+02 1.860000000000000000000000000000e+02 6.434856000000000000000000000000e+06 5.600000000000000000000000000000e+01
1.180000000000000000000000000000e+02 7.400000000000000000000000000000e+01 4.052240000000000000000000000000e+05 5.700000000000000000000000000000e+01
1.230000000000000000000000000000e+02 8.200000000000000000000000000000e+01 5.513680000000000000000000000000e+05 5.800000000000000000000000000000e+01
1.240000000000000000000000000000e+02 2.600000000000000000000000000000e+02 1.757600000000000000000000000000e+07 5.900000000000000000000000000000e+01
1.260000000000000000000000000000e+02 2.800000000000000000000000000000e+01 2.195200000000000000000000000000e+04 6.000000000000000000000000000000e+01
1.270000000000000000000000000000e+02 9.900000000000000000000000000000e+01 9.702990000000000000000000000000e+05 6.100000000000000000000000000000e+01
1.280000000000000000000000000000e+02 5.700000000000000000000000000000e+01 1.851930000000000000000000000000e+05 6.200000000000000000000000000000e+01
1.300000000000000000000000000000e+02 1.170000000000000000000000000000e+02 1.601613000000000000000000000000e+06 6.300000000000000000000000000000e+01
1.310000000000000000000000000000e+02 5.900000000000000000000000000000e+01 2.053790000000000000000000000000e+05 6.400000000000000000000000000000e+01
1.330000000000000000000000000000e+02 9.400000000000000000000000000000e+01 8.305840000000000000000000000000e+05 6.500000000000000000000000000000e+01
1.350000000000000000000000000000e+02 7.700000000000000000000000000000e+01 4.565330000000000000000000000000e+05 6.600000000000000000000000000000e+01
1.380000000000000000000000000000e+02 1.600000000000000000000000000000e+02 4.096000000000000000000000000000e+06 6.700000000000000000000000000000e+01
1.390000000000000000000000000000e+02 1.160000000000000000000000000000e+02 1.560896000000000000000000000000e+06 6.800000000000000000000000000000e+01
1.400000000000000000000000000000e+02 8.000000000000000000000000000000e+01 5.120000000000000000000000000000e+05 6.900000000000000000000000000000e+01
1.410000000000000000000000000000e+02 1.510000000000000000000000000000e+02 3.442951000000000000000000000000e+06 7.000000000000000000000000000000e+01
1.440000000000000000000000000000e+02 6.000000000000000000000000000000e+01 2.160000000000000000000000000000e+05 7.100000000000000000000000000000e+01
1.460000000000000000000000000000e+02 1.620000000000000000000000000000e+02 4.251528000000000000000000000000e+06 7.200000000000000000000000000000e+01
1.480000000000000000000000000000e+02 3.470000000000000000000000000000e+02 4.178192300000000000000000000000e+07 7.300000000000000000000000000000e+01
