4.000000000000000000000000000000e+00 1.190000000000000000000000000000e+02 1.685159000000000000000000000000e+06 0.000000000000000000000000000000e+00
5.000000000000000000000000000000e+00 9.200000000000000000000000000000e+01 7.786880000000000000000000000000e+05 1.000000000000000000000000000000e+00
6.000000000000000000000000000000e+00 1.000000000000000000000000000000e+00 1.000000000000000000000000000000e+00 2.000000000000000000000000000000e+00
7.000000000000000000000000000000e+00 2.130000000000000000000000000000e+02 9.663597000000000000000000000000e+06 3.000000000000000000000000000000e+00
1.400000000000000000000000000000e+01 4.800000000000000000000000000000e+01 1.105920000000000000000000000000e+05 4.000000000000000000000000000000e+00
1.600000000000000000000000000000e+01 6.500000000000000000000000000000e+01 2.746250000000000000000000000000e+05 5.000000000000000000000000000000e+00
1.700000000000000000000000000000e+01 1.710000000000000000000000000000e+02 5.000211000000000000000000000000e+06 6.000000000000000000000000000000e+00
1.800000000000000000000000000000e+01 9.000000000000000000000000000000e+01 7.290000000000000000000000000000e+05 7.000000000000000000000000000000e+00
2.000000000000000000000000000000e+01 1.710000000000000000000000000000e+02 5.000211000000000000000000000000e+06 8.000000000000000000000000000000e+00
2.300000000000000000000000000000e+01 1.240000000000000000000000000000e+02 1.906624000000000000000000000000e+06 9.000000000000000000000000000000e+00
2.500000000000000000000000000000e+01 1.110000000000000000000000000000e+02 1.367631000000000000000000000000e+06 1.000000000000000000000000000000e+01
2.600000000000000000000000000000e+01 3.030000000000000000000000000000e+02 2.781812700000000000000000000000e+07 1.100000000000000000000000000000e+01
2.900000000000000000000000000000e+01 3.400000000000000000000000000000e+01 3.930400000000000000000000000000e+04 1.200000000000000000000000000000e+01
3.100000000000000000000000000000e+01 4.500000000000000000000000000000e+01 9.112500000000000000000000000000e+04 1.300000000000000000000000000000e+01
3.300000000000000000000000000000e+01 1.740000000000000000000000000000e+02 5.268024000000000000000000000000e+06 1.400000000000000000000000000000e+01
3.400000000000000000000000000000e+01 9.200000000000000000000000000000e+01 7.786880000000000000000000000000e+05 1.500000000000000000000000000000e+01
3.800000000000000000000000000000e+01 6.900000000000000000000000000000e+01 3.285090000000000000000000000000e+05 1.600000000000000000000000000000e+01
3.900000000000000000000000000000e+01 3.300000000000000000000000000000e+01 3.593700000000000000000000000000e+04 1.700000000000000000000000000000e+01
4.000000000000000000000000000000e+01 3.100000000000000000000000000000e+01 2.979100000000000000000000000000e+04 1.800000000000000000000000000000e+01
4.100000000000000000000000000000e+01 5.700000000000000000000000000000e+01 1.851930000000000000000000000000e+05 1.900000000000000000000000000000e+01
4.200000000000000000000000000000e+01 4.500000000000000000000000000000e+01 9.112500000000000000000000000000e+04 2.000000000000000000000000000000e+01
4.300000000000000000000000000000e+01 2.300000000000000000000000000000e+01 1.216700000000000000000000000000e+04 2.100000000000000000000000000000e+01
4.700000000000000000000000000000e+01 3.640000000000000000000000000000e+02 4.822854400000000000000000000000e+07 2.200000000000000000000000000000e+01
4.800000000000000000000000000000e+01 2.400000000000000000000000000000e+01 1.382400000000000000000000000000e+04 2.300000000000000000000000000000e+01
4.900000000000000000000000000000e+01 5.600000000000000000000000000000e+01 1.756160000000000000000000000000e+05 2.400000000000000000000000000000e+01
5.300000000000000000000000000000e+01 7.900000000000000000000000000000e+01 4.930390000000000000000000000000e+05 2.500000000000000000000000000000e+01
5.500000000000000000000000000000e+01 4.500000000000000000000000000000e+01 9.112500000000000000000000000000e+04 2.600000000000000000000000000000e+01
5.600000000000000000000000000000e+01 2.200000000000000000000000000000e+01 1.064800000000000000000000000000e+04 2.700000000000000000000000000000e+01
5.900000000000000000000000000000e+01 1.230000000000000000000000000000e+02 1.860867000000000000000000000000e+06 2.800000000000000000000000000000e+01
6.100000000000000000000000000000e+01 1.470000000000000000000000000000e+02 3.176523000000000000000000000000e+06 2.900000000000000000000000000000e+01
6.500000000000000000000000000000e+01 1.010000000000000000000000000000e+02 1.030301000000000000000000000000e+06 3.000000000000000000000000000000e+01
6.700000000000000000000000000000e+01 2.400000000000000000000000000000e+01 1.382400000000000000000000000000e+04 3.100000000000000000000000000000e+01
7.100000000000000000000000000000e+01 1.110000000000000000000000000000e+02 1.367631000000000000000000000000e+06 3.200000000000000000000000000000e+01
7.200000000000000000000000000000e+01 1.680000000000000000000000000000e+02 4.741632000000000000000000000000e+06 3.300000000000000000000000000000e+01
7.400000000000000000000000000000e+01 3.770000000000000000000000000000e+02 5.358263300000000000000000000000e+07 3.400000000000000000000000000000e+01
7.800000000000000000000000000000e+01 3.910000000000000000000000000000e+02 5.977647100000000000000000000000e+07 3.500000000000000000000000000000e+01
7.900000000000000000000000000000e+01 9.000000000000000000000000000000e+01 7.290000000000000000000000000000e+05 3.600000000000000000000000000000e+01
8.000000000000000000000000000000e+01 7.100000000000000000000000000000e+01 3.579110000000000000000000000000e+05 3.700000000000000000000000000000e+01
8.100000000000000000000000000000e+01 2.200000000000000000000000000000e+01 1.064800000000000000000000000000e+04 3.800000000000000000000000000000e+01
8.200000000000000000000000000000e+01 3.300000000000000000000000000000e+01 3.593700000000000000000000000000e+04 3.900000000000000000000000000000e+01
8.400000000000000000000000000000e+01 9.000000000000000000000000000000e+00 7.290000000000000000000000000000e+02 4.000000000000000000000000000000e+01
8.500000000000000000000000000000e+01 1.420000000000000000000000000000e+02 2.863288000000000000000000000000e+06 4.100000000000000000000000000000e+01
8.700000000000000000000000000000e+01 1.480000000000000000000000000000e+02 3.241792000000000000000000000000e+06 4.200000000000000000000000000000e+01
8.800000000000000000000000000000e+01 1.350000000000000000000000000000e+02 2.460375000000000000000000000000e+06 4.300000000000000000000000000000e+01
9.000000000000000000000000000000e+01 5.900000000000000000000000000000e+01 2.053790000000000000000000000000e+05 4.400000000000000000000000000000e+01
9.200000000000000000000000000000e+01 1.460000000000000000000000000000e+02 3.112136000000000000000000000000e+06 4.500000000000000000000000000000e+01
9.300000000000000000000000000000e+01 6.400000000000000000000000000000e+01 2.621440000000000000000000000000e+05 4.600000000000000000000000000000e+01
9.400000000000000000000000000000e+01 1.600000000000000000000000000000e+02 4.096000000000000000000000000000e+06 4.700000000000000000000000000000e+01
9.600000000000000000000000000000e+01 7.200000000000000000000000000000e+01 3.732480000000000000000000000000e+05 4.800000000000000000000000000000e+01
9.800000000000000000000000000000e+01 1.220000000000000000000000000000e+02 1.815848000000000000000000000000e+06 4.900000000000000000000000000000e+01
1.000000000000000000000000000000e+02 2.300000000000000000000000000000e+01 1.216700000000000000000000000000e+04 5.000000000000000000000000000000e+01
1.020000000000000000000000000000e+02 4.300000000000000000000000000000e+01 7.950700000000000000000000000000e+04 5.100000000000000000000000000000e+01
1.030000000000000000000000000000e+02 1.110000000000000000000000000000e+02 1.367631000000000000000000000000e+06 5.200000000000000000000000000000e+01
1.050000000000000000000000000000e+02 7.800000000000000000000000000000e+01 4.745520000000000000000000000000e+05 5.300000000000000000000000000000e+01
1.100000000000000000000000000000e+02 1.030000000000000000000000000000e+02 1.092727000000000000000000000000e+06 5.400000000000000000000000000000e+01
1.110000000000000000000000000000e+02 7.000000000000000000000000000000e+01 3.430000000000000000000000000000e+05 5.500000000000000000000000000000e+01
1.130000000000000000000000000000e+02 3.300000000000000000000000000000e+01 3.593700000000000000000000000000e+04 5.600000000000000000000000000000e+01
1.140000000000000000000000000000e+02 2.470000000000000000000000000000e+02 1.506922300000000000000000000000e+07 5.700000000000000000000000000000e+01
1.160000000000000000000000000000e+02 1.500000000000000000000000000000e+01 3.375000000000000000000000000000e+03 5.800000000000000000000000000000e+01
1.200000000000000000000000000000e+02 2.700000000000000000000000000000e+02 1.968300000000000000000000000000e+07 5.900000000000000000000000000000e+01
1.210000000000000000000000000000e+02 2.300000000000000000000000000000e+01 1.216700000000000000000000000000e+04 6.000000000000000000000000000000e+01
1.220000000000000000000000000000e+02 1.270000000000000000000000000000e+02 2.048383000000000000000000000000e+06 6.100000000000000000000000000000e+01
1.230000000000000000000000000000e+02 4.290000000000000000000000000000e+02 7.895358900000000000000000000000e+07 6.200000000000000000000000000000e+01
1.240000000000000000000000000000e+02 1.450000000000000000000000000000e+02 3.048625000000000000000000000000e+06 6.300000000000000000000000000000e+01
1.270000000000000000000000000000e+02 2.500000000000000000000000000000e+01 1.562500000000000000000000000000e+04 6.400000000000000000000000000000e+01
1.280000000000000000000000000000e+02 1.980000000000000000000000000000e+02 7.762392000000000000000000000000e+06 6.500000000000000000000000000000e+01
1.290000000000000000000000000000e+02 6.000000000000000000000000000000e+00 2.160000000000000000000000000000e+02 6.600000000000000000000000000000e+01
1.310000000000000000000000000000e+02 5.700000000000000000000000000000e+01 1.851930000000000000000000000000e+05 6.700000000000000000000000000000e+01
1.330000000000000000000000000000e+02 4.050000000000000000000000000000e+02 6.643012500000000000000000000000e+07 6.800000000000000000000000000000e+01
1.340000000000000000000000000000e+02 2.000000000000000000000000000000e+00 8.000000000000000000000000000000e+00 6.900000000000000000000000000000e+01
1.390000000000000000000000000000e+02 9.700000000000000000000000000000e+01 9.126730000000000000000000000000e+05 7.000000000000000000000000000000e+01
1.400000000000000000000000000000e+02 9.500000000000000000000000000000e+01 8.573750000000000000000000000000e+05 7.100000000000000000000000000000e+01
1.420000000000000000000000000000e+02 2.500000000000000000000000000000e+01 1.562500000000000000000000000000e+04 7.200000000000000000000000000000e+01
1.440000000000000000000000000000e+02 7.900000000000000000000000000000e+01 4.930390000000000000000000000000e+05 7.300000000000000000000000000000e+01
1.450000000000000000000000000000e+02 3.000000000000000000000000000000e+00 2.700000000000000000000000000000e+01 7.400000000000000000000000000000e+01
1.460000000000000000000000000000e+02 5.500000000000000000000000000000e+01 1.663750000000000000000000000000e+05 7.500000000000000000000000000000e+01
1.480000000000000000000000000000e+02 2.100000000000000000000000000000e+01 9.261000000000000000000000000000e+03 7.600000000000000000000000000000e+01
