0.000000000000000000000000000000e+00 5.300000000000000000000000000000e+01 1.488770000000000000000000000000e+05 0.000000000000000000000000000000e+00
1.000000000000000000000000000000e+00 6.600000000000000000000000000000e+01 2.874960000000000000000000000000e+05 1.000000000000000000000000000000e+00
2.000000000000000000000000000000e+00 2.000000000000000000000000000000e+01 8.000000000000000000000000000000e+03 2.000000000000000000000000000000e+00
4.000000000000000000000000000000e+00 3.000000000000000000000000000000e+00 2.700000000000000000000000000000e+01 3.000000000000000000000000000000e+00
6.000000000000000000000000000000e+00 5.800000000000000000000000000000e+01 1.951120000000000000000000000000e+05 4.000000000000000000000000000000e+00
1.100000000000000000000000000000e+01 1.200000000000000000000000000000e+02 1.728000000000000000000000000000e+06 5.000000000000000000000000000000e+00
1.200000000000000000000000000000e+01 1.730000000000000000000000000000e+02 5.177717000000000000000000000000e+06 6.000000000000000000000000000000e+00
1.500000000000000000000000000000e+01 3.900000000000000000000000000000e+01 5.931900000000000000000000000000e+04 7.000000000000000000000000000000e+00
2.000000000000000000000000000000e+01 5.000000000000000000000000000000e+00 1.250000000000000000000000000000e+02 8.000000000000000000000000000000e+00
2.100000000000000000000000000000e+01 2.400000000000000000000000000000e+01 1.382400000000000000000000000000e+04 9.000000000000000000000000000000e+00
2.200000000000000000000000000000e+01 2.800000000000000000000000000000e+02 2.195200000000000000000000000000e+07 1.000000000000000000000000000000e+01
2.300000000000000000000000000000e+01 5.100000000000000000000000000000e+01 1.326510000000000000000000000000e+05 1.100000000000000000000000000000e+01
2.700000000000000000000000000000e+01 6.700000000000000000000000000000e+01 3.007630000000000000000000000000e+05 1.200000000000000000000000000000e+01
2.900000000000000000000000000000e+01 3.500000000000000000000000000000e+01 4.287500000000000000000000000000e+04 1.300000000000000000000000000000e+01
3.000000000000000000000000000000e+01 1.900000000000000000000000000000e+01 6.859000000000000000000000000000e+03 1.400000000000000000000000000000e+01
3.100000000000000000000000000000e+01 1.120000000000000000000000000000e+02 1.404928000000000000000000000000e+06 1.500000000000000000000000000000e+01
3.300000000000000000000000000000e+01 3.000000000000000000000000000000e+00 2.700000000000000000000000000000e+01 1.600000000000000000000000000000e+01
3.500000000000000000000000000000e+01 6.500000000000000000000000000000e+01 2.746250000000000000000000000000e+05 1.700000000000000000000000000000e+01
3.800000000000000000000000000000e+01 9.000000000000000000000000000000e+00 7.290000000000000000000000000000e+02 1.800000000000000000000000000000e+01
4.200000000000000000000000000000e+01 1.200000000000000000000000000000e+01 1.728000000000000000000000000000e+03 1.900000000000000000000000000000e+01
4.400000000000000000000000000000e+01 6.680000000000000000000000000000e+02 2.980776320000000000000000000000e+08 2.000000000000000000000000000000e+01
4.500000000000000000000000000000e+01 8.000000000000000000000000000000e+00 5.120000000000000000000000000000e+02 2.100000000000000000000000000000e+01
4.700000000000000000000000000000e+01 5.630000000000000000000000000000e+02 1.784535470000000000000000000000e+08 2.200000000000000000000000000000e+01
5.000000000000000000000000000000e+01 8.100000000000000000000000000000e+01 5.314410000000000000000000000000e+05 2.300000000000000000000000000000e+01
5.100000000000000000000000000000e+01 4.900000000000000000000000000000e+01 1.176490000000000000000000000000e+05 2.400000000000000000000000000000e+01
5.200000000000000000000000000000e+01 2.300000000000000000000000000000e+02 1.216700000000000000000000000000e+07 2.500000000000000000000000000000e+01
5.300000000000000000000000000000e+01 1.500000000000000000000000000000e+01 3.375000000000000000000000000000e+03 2.600000000000000000000000000000e+01
5.400000000000000000000000000000e+01 5.800000000000000000000000000000e+01 1.951120000000000000000000000000e+05 2.700000000000000000000000000000e+01
5.500000000000000000000000000000e+01 4.700000000000000000000000000000e+01 1.038230000000000000000000000000e+05 2.800000000000000000000000000000e+01
5.600000000000000000000000000000e+01 1.810000000000000000000000000000e+02 5.929741000000000000000000000000e+06 2.900000000000000000000000000000e+01
6.400000000000000000000000000000e+01 6.000000000000000000000000000000e+00 2.160000000000000000000000000000e+02 3.000000000000000000000000000000e+01
6.700000000000000000000000000000e+01 1.020000000000000000000000000000e+02 1.061208000000000000000000000000e+06 3.100000000000000000000000000000e+01
6.900000000000000000000000000000e+01 4.880000000000000000000000000000e+02 1.162142720000000000000000000000e+08 3.200000000000000000000000000000e+01
7.100000000000000000000000000000e+01 1.850000000000000000000000000000e+02 6.331625000000000000000000000000e+06 3.300000000000000000000000000000e+01
7.600000000000000000000000000000e+01 2.230000000000000000000000000000e+02 1.108956700000000000000000000000e+07 3.400000000000000000000000000000e+01
7.700000000000000000000000000000e+01 5.700000000000000000000000000000e+01 1.851930000000000000000000000000e+05 3.500000000000000000000000000000e+01
8.100000000000000000000000000000e+01 1.270000000000000000000000000000e+02 2.048383000000000000000000000000e+06 3.600000000000000000000000000000e+01
8.200000000000000000000000000000e+01 1.860000000000000000000000000000e+02 6.434856000000000000000000000000e+06 3.700000000000000000000000000000e+01
8.300000000000000000000000000000e+01 4.300000000000000000000000000000e+01 7.950700000000000000000000000000e+04 3.800000000000000000000000000000e+01
8.400000000000000000000000000000e+01 3.700000000000000000000000000000e+02 5.065300000000000000000000000000e+07 3.900000000000000000000000000000e+01
8.600000000000000000000000000000e+01 1.000000000000000000000000000000e+01 1.000000000000000000000000000000e+03 4.000000000000000000000000000000e+01
8.700000000000000000000000000000e+01 3.300000000000000000000000000000e+01 3.593700000000000000000000000000e+04 4.100000000000000000000000000000e+01
8.800000000000000000000000000000e+01 5.300000000000000000000000000000e+01 1.488770000000000000000000000000e+05 4.200000000000000000000000000000e+01
8.900000000000000000000000000000e+01 7.700000000000000000000000000000e+01 4.565330000000000000000000000000e+05 4.300000000000000000000000000000e+01
9.400000000000000000000000000000e+01 3.520000000000000000000000000000e+02 4.361420800000000000000000000000e+07 4.400000000000000000000000000000e+01
9.500000000000000000000000000000e+01 7.900000000000000000000000000000e+01 4.930390000000000000000000000000e+05 4.500000000000000000000000000000e+01
9.600000000000000000000000000000e+01 7.000000000000000000000000000000e+01 3.430000000000000000000000000000e+05 4.600000000000000000000000000000e+01
9.800000000000000000000000000000e+01 2.600000000000000000000000000000e+01 1.757600000000000000000000000000e+04 4.700000000000000000000000000000e+01
1.020000000000000000000000000000e+02 2.900000000000000000000000000000e+01 2.438900000000000000000000000000e+04 4.800000000000000000000000000000e+01
1.090000000000000000000000000000e+02 8.400000000000000000000000000000e+01 5.927040000000000000000000000000e+05 4.900000000000000000000000000000e+01
1.100000000000000000000000000000e+02 1.100000000000000000000000000000e+01 1.331000000000000000000000000000e+03 5.000000000000000000000000000000e+01
1.120000000000000000000000000000e+02 1.640000000000000000000000000000e+02 4.410944000000000000000000000000e+06 5.100000000000000000000000000000e+01
1.140000000000000000000000000000e+02 1.440000000000000000000000000000e+02 2.985984000000000000000000000000e+06 5.200000000000000000000000000000e+01
1.170000000000000000000000000000e+02 2.660000000000000000000000000000e+02 1.882109600000000000000000000000e+07 5.300000000000000000000000000000e+01
1.190000000000000000000000000000e+02 5.000000000000000000000000000000e+00 1.250000000000000000000000000000e+02 5.400000000000000000000000000000e+01
1.220000000000000000000000000000e+02 1.630000000000000000000000000000e+02 4.330747000000000000000000000000e+06 5.500000000000000000000000000000e+01
1.230000000000000000000000000000e+02 1.810000000000000000000000000000e+02 5.929741000000000000000000000000e+06 5.600000000000000000000000000000e+01
1.270000000000000000000000000000e+02 1.580000000000000000000000000000e+02 3.944312000000000000000000000000e+06 5.700000000000000000000000000000e+01
1.330000000000000000000000000000e+02 2.150000000000000000000000000000e+02 9.938375000000000000000000000000e+06 5.800000000000000000000000000000e+01
1.340000000000000000000000000000e+02 1.950000000000000000000000000000e+02 7.414875000000000000000000000000e+06 5.900000000000000000000000000000e+01
1.370000000000000000000000000000e+02 1.790000000000000000000000000000e+02 5.735339000000000000000000000000e+06 6.000000000000000000000000000000e+01
1.380000000000000000000000000000e+02 6.000000000000000000000000000000e+00 2.160000000000000000000000000000e+02 6.100000000000000000000000000000e+01
1.400000000000000000000000000000e+02 2.100000000000000000000000000000e+02 9.261000000000000000000000000000e+06 6.200000000000000000000000000000e+01
1.440000000000000000000000000000e+02 1.800000000000000000000000000000e+01 5.832000000000000000000000000000e+03 6.300000000000000000000000000000e+01
1.470000000000000000000000000000e+02 1.290000000000000000000000000000e+02 2.146689000000000000000000000000e+06 6.400000000000000000000000000000e+01
1.480000000000000000000000000000e+02 1.910000000000000000000000000000e+02 6.967871000000000000000000000000e+06 6.500000000000000000000000000000e+01
