0.000000000000000000000000000000e+00 1.010000000000000000000000000000e+02 1.030301000000000000000000000000e+06 0.000000000000000000000000000000e+00
2.000000000000000000000000000000e+00 3.000000000000000000000000000000e+00 2.700000000000000000000000000000e+01 1.000000000000000000000000000000e+00
5.000000000000000000000000000000e+00 5.000000000000000000000000000000e+01 1.250000000000000000000000000000e+05 2.000000000000000000000000000000e+00
8.000000000000000000000000000000e+00 3.340000000000000000000000000000e+02 3.725970400000000000000000000000e+07 3.000000000000000000000000000000e+00
9.000000000000000000000000000000e+00 9.500000000000000000000000000000e+01 8.573750000000000000000000000000e+05 4.000000000000000000000000000000e+00
1.000000000000000000000000000000e+01 1.050000000000000000000000000000e+02 1.157625000000000000000000000000e+06 5.000000000000000000000000000000e+00
1.300000000000000000000000000000e+01 5.000000000000000000000000000000e+01 1.250000000000000000000000000000e+05 6.000000000000000000000000000000e+00
1.400000000000000000000000000000e+01 6.300000000000000000000000000000e+01 2.500470000000000000000000000000e+05 7.000000000000000000000000000000e+00
2.100000000000000000000000000000e+01 1.040000000000000000000000000000e+02 1.124864000000000000000000000000e+06 8.000000000000000000000000000000e+00
2.400000000000000000000000000000e+01 1.160000000000000000000000000000e+02 1.560896000000000000000000000000e+06 9.000000000000000000000000000000e+00
3.100000000000000000000000000000e+01 1.940000000000000000000000000000e+02 7.301384000000000000000000000000e+06 1.000000000000000000000000000000e+01
3.400000000000000000000000000000e+01 1.000000000000000000000000000000e+00 1.000000000000000000000000000000e+00 1.100000000000000000000000000000e+01
3.500000000000000000000000000000e+01 1.290000000000000000000000000000e+02 2.146689000000000000000000000000e+06 1.200000000000000000000000000000e+01
3.600000000000000000000000000000e+01 1.340000000000000000000000000000e+02 2.406104000000000000000000000000e+06 1.300000000000000000000000000000e+01
3.800000000000000000000000000000e+01 1.720000000000000000000000000000e+02 5.088448000000000000000000000000e+06 1.400000000000000000000000000000e+01
3.900000000000000000000000000000e+01 1.040000000000000000000000000000e+02 1.124864000000000000000000000000e+06 1.500000000000000000000000000000e+01
4.100000000000000000000000000000e+01 6.700000000000000000000000000000e+01 3.007630000000000000000000000000e+05 1.600000000000000000000000000000e+01
4.500000000000000000000000000000e+01 4.610000000000000000000000000000e+02 9.797218100000000000000000000000e+07 1.700000000000000000000000000000e+01
4.700000000000000000000000000000e+01 1.630000000000000000000000000000e+02 4.330747000000000000000000000000e+06 1.800000000000000000000000000000e+01
4.800000000000000000000000000000e+01 1.720000000000000000000000000000e+02 5.088448000000000000000000000000e+06 1.900000000000000000000000000000e+01
5.000000000000000000000000000000e+01 1.200000000000000000000000000000e+01 1.728000000000000000000000000000e+03 2.000000000000000000000000000000e+01
5.300000000000000000000000000000e+01 3.000000000000000000000000000000e+01 2.700000000000000000000000000000e+04 2.100000000000000000000000000000e+01
5.800000000000000000000000000000e+01 3.900000000000000000000000000000e+01 5.931900000000000000000000000000e+04 2.200000000000000000000000000000e+01
6.000000000000000000000000000000e+01 2.140000000000000000000000000000e+02 9.800344000000000000000000000000e+06 2.300000000000000000000000000000e+01
6.200000000000000000000000000000e+01 6.500000000000000000000000000000e+01 2.746250000000000000000000000000e+05 2.400000000000000000000000000000e+01
6.300000000000000000000000000000e+01 1.510000000000000000000000000000e+02 3.442951000000000000000000000000e+06 2.500000000000000000000000000000e+01
6.400000000000000000000000000000e+01 1.940000000000000000000000000000e+02 7.301384000000000000000000000000e+06 2.600000000000000000000000000000e+01
6.500000000000000000000000000000e+01 6.700000000000000000000000000000e+01 3.007630000000000000000000000000e+05 2.700000000000000000000000000000e+01
6.700000000000000000000000000000e+01 1.090000000000000000000000000000e+02 1.295029000000000000000000000000e+06 2.800000000000000000000000000000e+01
6.800000000000000000000000000000e+01 1.540000000000000000000000000000e+02 3.652264000000000000000000000000e+06 2.900000000000000000000000000000e+01
6.900000000000000000000000000000e+01 4.000000000000000000000000000000e+00 6.400000000000000000000000000000e+01 3.000000000000000000000000000000e+01
7.000000000000000000000000000000e+01 3.110000000000000000000000000000e+02 3.008023100000000000000000000000e+07 3.100000000000000000000000000000e+01
7.300000000000000000000000000000e+01 7.700000000000000000000000000000e+01 4.565330000000000000000000000000e+05 3.200000000000000000000000000000e+01
7.400000000000000000000000000000e+01 1.040000000000000000000000000000e+02 1.124864000000000000000000000000e+06 3.300000000000000000000000000000e+01
7.600000000000000000000000000000e+01 3.300000000000000000000000000000e+01 3.593700000000000000000000000000e+04 3.400000000000000000000000000000e+01
7.700000000000000000000000000000e+01 4.610000000000000000000000000000e+02 9.797218100000000000000000000000e+07 3.500000000000000000000000000000e+01
8.200000000000000000000000000000e+01 4.400000000000000000000000000000e+01 8.518400000000000000000000000000e+04 3.600000000000000000000000000000e+01
8.700000000000000000000000000000e+01 1.000000000000000000000000000000e+02 1.000000000000000000000000000000e+06 3.700000000000000000000000000000e+01
8.900000000000000000000000000000e+01 1.400000000000000000000000000000e+01 2.744000000000000000000000000000e+03 3.800000000000000000000000000000e+01
9.100000000000000000000000000000e+01 1.770000000000000000000000000000e+02 5.545233000000000000000000000000e+06 3.900000000000000000000000000000e+01
9.200000000000000000000000000000e+01 6.400000000000000000000000000000e+01 2.621440000000000000000000000000e+05 4.000000000000000000000000000000e+01
9.500000000000000000000000000000e+01 2.900000000000000000000000000000e+01 2.438900000000000000000000000000e+04 4.100000000000000000000000000000e+01
9.700000000000000000000000000000e+01 1.740000000000000000000000000000e+02 5.268024000000000000000000000000e+06 4.200000000000000000000000000000e+01
9.800000000000000000000000000000e+01 5.000000000000000000000000000000e+00 1.250000000000000000000000000000e+02 4.300000000000000000000000000000e+01
1.000000000000000000000000000000e+02 2.980000000000000000000000000000e+02 2.646359200000000000000000000000e+07 4.400000000000000000000000000000e+01
1.010000000000000000000000000000e+02 1.730000000000000000000000000000e+02 5.177717000000000000000000000000e+06 4.500000000000000000000000000000e+01
1.020000000000000000000000000000e+02 1.300000000000000000000000000000e+02 2.197000000000000000000000000000e+06 4.600000000000000000000000000000e+01
1.030000000000000000000000000000e+02 3.200000000000000000000000000000e+01 3.276800000000000000000000000000e+04 4.700000000000000000000000000000e+01
1.040000000000000000000000000000e+02 1.120000000000000000000000000000e+02 1.404928000000000000000000000000e+06 4.800000000000000000000000000000e+01
1.060000000000000000000000000000e+02 6.300000000000000000000000000000e+01 2.500470000000000000000000000000e+05 4.900000000000000000000000000000e+01
1.070000000000000000000000000000e+02 1.000000000000000000000000000000e+00 1.000000000000000000000000000000e+00 5.000000000000000000000000000000e+01
1.100000000000000000000000000000e+02 7.400000000000000000000000000000e+01 4.052240000000000000000000000000e+05 5.100000000000000000000000000000e+01
1.110000000000000000000000000000e+02 1.000000000000000000000000000000e+01 1.000000000000000000000000000000e+03 5.200000000000000000000000000000e+01
1.130000000000000000000000000000e+02 2.370000000000000000000000000000e+02 1.331205300000000000000000000000e+07 5.300000000000000000000000000000e+01
1.140000000000000000000000000000e+02 1.000000000000000000000000000000e+02 1.000000000000000000000000000000e+06 5.400000000000000000000000000000e+01
1.150000000000000000000000000000e+02 2.140000000000000000000000000000e+02 9.800344000000000000000000000000e+06 5.500000000000000000000000000000e+01
1.160000000000000000000000000000e+02 8.000000000000000000000000000000e+01 5.120000000000000000000000000000e+05 5.600000000000000000000000000000e+01
1.170000000000000000000000000000e+02 8.500000000000000000000000000000e+01 6.141250000000000000000000000000e+05 5.700000000000000000000000000000e+01
1.200000000000000000000000000000e+02 7.000000000000000000000000000000e+00 3.430000000000000000000000000000e+02 5.800000000000000000000000000000e+01
1.210000000000000000000000000000e+02 2.700000000000000000000000000000e+01 1.968300000000000000000000000000e+04 5.900000000000000000000000000000e+01
1.260000000000000000000000000000e+02 1.000000000000000000000000000000e+01 1.000000000000000000000000000000e+03 6.000000000000000000000000000000e+01
1.290000000000000000000000000000e+02 7.600000000000000000000000000000e+01 4.389760000000000000000000000000e+05 6.100000000000000000000000000000e+01
1.310000000000000000000000000000e+02 1.640000000000000000000000000000e+02 4.410944000000000000000000000000e+06 6.200000000000000000000000000000e+01
1.340000000000000000000000000000e+02 3.500000000000000000000000000000e+01 4.287500000000000000000000000000e+04 6.300000000000000000000000000000e+01
1.370000000000000000000000000000e+02 2.600000000000000000000000000000e+01 1.757600000000000000000000000000e+04 6.400000000000000000000000000000e+01
1.380000000000000000000000000000e+02 2.000000000000000000000000000000e+01 8.000000000000000000000000000000e+03 6.500000000000000000000000000000e+01
1.390000000000000000000000000000e+02 2.670000000000000000000000000000e+02 1.903416300000000000000000000000e+07 6.600000000000000000000000000000e+01
1.400000000000000000000000000000e+02 6.900000000000000000000000000000e+01 3.285090000000000000000000000000e+05 6.700000000000000000000000000000e+01
1.410000000000000000000000000000e+02 1.250000000000000000000000000000e+02 1.953125000000000000000000000000e+06 6.800000000000000000000000000000e+01
1.440000000000000000000000000000e+02 1.400000000000000000000000000000e+01 2.744000000000000000000000000000e+03 6.900000000000000000000000000000e+01
1.460000000000000000000000000000e+02 4.000000000000000000000000000000e+00 6.400000000000000000000000000000e+01 7.000000000000000000000000000000e+01
1.470000000000000000000000000000e+02 4.400000000000000000000000000000e+01 8.518400000000000000000000000000e+04 7.100000000000000000000000000000e+01
1.490000000000000000000000000000e+02 2.900000000000000000000000000000e+01 2.438900000000000000000000000000e+04 7.200000000000000000000000000000e+01
