1.000000000000000000000000000000e+00 9.600000000000000000000000000000e+01 8.847360000000000000000000000000e+05 0.000000000000000000000000000000e+00
2.000000000000000000000000000000e+00 7.000000000000000000000000000000e+00 3.430000000000000000000000000000e+02 1.000000000000000000000000000000e+00
3.000000000000000000000000000000e+00 7.000000000000000000000000000000e+01 3.430000000000000000000000000000e+05 2.000000000000000000000000000000e+00
4.000000000000000000000000000000e+00 1.500000000000000000000000000000e+01 3.375000000000000000000000000000e+03 3.000000000000000000000000000000e+00
6.000000000000000000000000000000e+00 1.600000000000000000000000000000e+02 4.096000000000000000000000000000e+06 4.000000000000000000000000000000e+00
7.000000000000000000000000000000e+00 8.700000000000000000000000000000e+01 6.585030000000000000000000000000e+05 5.000000000000000000000000000000e+00
8.000000000000000000000000000000e+00 1.890000000000000000000000000000e+02 6.751269000000000000000000000000e+06 6.000000000000000000000000000000e+00
1.200000000000000000000000000000e+01 1.380000000000000000000000000000e+02 2.628072000000000000000000000000e+06 7.000000000000000000000000000000e+00
1.400000000000000000000000000000e+01 5.900000000000000000000000000000e+01 2.053790000000000000000000000000e+05 8.000000000000000000000000000000e+00
1.800000000000000000000000000000e+01 2.500000000000000000000000000000e+01 1.562500000000000000000000000000e+04 9.000000000000000000000000000000e+00
1.900000000000000000000000000000e+01 3.270000000000000000000000000000e+02 3.496578300000000000000000000000e+07 1.000000000000000000000000000000e+01
2.000000000000000000000000000000e+01 2.320000000000000000000000000000e+02 1.248716800000000000000000000000e+07 1.100000000000000000000000000000e+01
2.300000000000000000000000000000e+01 2.960000000000000000000000000000e+02 2.593433600000000000000000000000e+07 1.200000000000000000000000000000e+01
2.400000000000000000000000000000e+01 7.400000000000000000000000000000e+01 4.052240000000000000000000000000e+05 1.300000000000000000000000000000e+01
2.500000000000000000000000000000e+01 2.300000000000000000000000000000e+01 1.216700000000000000000000000000e+04 1.400000000000000000000000000000e+01
2.600000000000000000000000000000e+01 1.810000000000000000000000000000e+02 5.929741000000000000000000000000e+06 1.500000000000000000000000000000e+01
2.700000000000000000000000000000e+01 1.720000000000000000000000000000e+02 5.088448000000000000000000000000e+06 1.600000000000000000000000000000e+01
2.900000000000000000000000000000e+01 1.640000000000000000000000000000e+02 4.410944000000000000000000000000e+06 1.700000000000000000000000000000e+01
3.300000000000000000000000000000e+01 3.700000000000000000000000000000e+01 5.065300000000000000000000000000e+04 1.800000000000000000000000000000e+01
3.700000000000000000000000000000e+01 4.000000000000000000000000000000e+01 6.400000000000000000000000000000e+04 1.900000000000000000000000000000e+01
3.800000000000000000000000000000e+01 1.310000000000000000000000000000e+02 2.248091000000000000000000000000e+06 2.000000000000000000000000000000e+01
4.000000000000000000000000000000e+01 1.000000000000000000000000000000e+00 1.000000000000000000000000000000e+00 2.100000000000000000000000000000e+01
4.300000000000000000000000000000e+01 1.000000000000000000000000000000e+01 1.000000000000000000000000000000e+03 2.200000000000000000000000000000e+01
4.600000000000000000000000000000e+01 1.290000000000000000000000000000e+02 2.146689000000000000000000000000e+06 2.300000000000000000000000000000e+01
5.000000000000000000000000000000e+01 1.140000000000000000000000000000e+02 1.481544000000000000000000000000e+06 2.400000000000000000000000000000e+01
5.100000000000000000000000000000e+01 1.300000000000000000000000000000e+01 2.197000000000000000000000000000e+03 2.500000000000000000000000000000e+01
5.300000000000000000000000000000e+01 2.000000000000000000000000000000e+01 8.000000000000000000000000000000e+03 2.600000000000000000000000000000e+01
5.400000000000000000000000000000e+01 5.500000000000000000000000000000e+01 1.663750000000000000000000000000e+05 2.700000000000000000000000000000e+01
5.600000000000000000000000000000e+01 4.400000000000000000000000000000e+01 8.518400000000000000000000000000e+04 2.800000000000000000000000000000e+01
5.900000000000000000000000000000e+01 1.310000000000000000000000000000e+02 2.248091000000000000000000000000e+06 2.900000000000000000000000000000e+01
6.600000000000000000000000000000e+01 1.540000000000000000000000000000e+02 3.652264000000000000000000000000e+06 3.000000000000000000000000000000e+01
7.100000000000000000000000000000e+01 3.900000000000000000000000000000e+01 5.931900000000000000000000000000e+04 3.100000000000000000000000000000e+01
7.300000000000000000000000000000e+01 7.400000000000000000000000000000e+01 4.052240000000000000000000000000e+05 3.200000000000000000000000000000e+01
8.000000000000000000000000000000e+01 3.500000000000000000000000000000e+01 4.287500000000000000000000000000e+04 3.300000000000000000000000000000e+01
8.200000000000000000000000000000e+01 3.000000000000000000000000000000e+00 2.700000000000000000000000000000e+01 3.400000000000000000000000000000e+01
8.300000000000000000000000000000e+01 2.600000000000000000000000000000e+01 1.757600000000000000000000000000e+04 3.500000000000000000000000000000e+01
8.400000000000000000000000000000e+01 1.360000000000000000000000000000e+02 2.515456000000000000000000000000e+06 3.600000000000000000000000000000e+01
8.500000000000000000000000000000e+01 1.380000000000000000000000000000e+02 2.628072000000000000000000000000e+06 3.700000000000000000000000000000e+01
8.900000000000000000000000000000e+01 5.000000000000000000000000000000e+00 1.250000000000000000000000000000e+02 3.800000000000000000000000000000e+01
9.000000000000000000000000000000e+01 6.600000000000000000000000000000e+01 2.874960000000000000000000000000e+05 3.900000000000000000000000000000e+01
9.400000000000000000000000000000e+01 5.600000000000000000000000000000e+01 1.756160000000000000000000000000e+05 4.000000000000000000000000000000e+01
9.600000000000000000000000000000e+01 3.030000000000000000000000000000e+02 2.781812700000000000000000000000e+07 4.100000000000000000000000000000e+01
9.900000000000000000000000000000e+01 1.800000000000000000000000000000e+02 5.832000000000000000000000000000e+06 4.200000000000000000000000000000e+01
1.000000000000000000000000000000e+02 2.200000000000000000000000000000e+01 1.064800000000000000000000000000e+04 4.300000000000000000000000000000e+01
1.020000000000000000000000000000e+02 2.300000000000000000000000000000e+01 1.216700000000000000000000000000e+04 4.400000000000000000000000000000e+01
1.040000000000000000000000000000e+02 2.040000000000000000000000000000e+02 8.489664000000000000000000000000e+06 4.500000000000000000000000000000e+01
1.060000000000000000000000000000e+02 3.400000000000000000000000000000e+02 3.930400000000000000000000000000e+07 4.600000000000000000000000000000e+01
1.080000000000000000000000000000e+02 3.700000000000000000000000000000e+01 5.065300000000000000000000000000e+04 4.700000000000000000000000000000e+01
1.100000000000000000000000000000e+02 1.700000000000000000000000000000e+01 4.913000000000000000000000000000e+03 4.800000000000000000000000000000e+01
1.110000000000000000000000000000e+02 9.000000000000000000000000000000e+00 7.290000000000000000000000000000e+02 4.900000000000000000000000000000e+01
1.130000000000000000000000000000e+02 2.830000000000000000000000000000e+02 2.266518700000000000000000000000e+07 5.000000000000000000000000000000e+01
1.150000000000000000000000000000e+02 7.000000000000000000000000000000e+00 3.430000000000000000000000000000e+02 5.100000000000000000000000000000e+01
1.160000000000000000000000000000e+02 2.440000000000000000000000000000e+02 1.452678400000000000000000000000e+07 5.200000000000000000000000000000e+01
1.190000000000000000000000000000e+02 4.400000000000000000000000000000e+01 8.518400000000000000000000000000e+04 5.300000000000000000000000000000e+01
1.200000000000000000000000000000e+02 8.000000000000000000000000000000e+00 5.120000000000000000000000000000e+02 5.400000000000000000000000000000e+01
1.240000000000000000000000000000e+02 1.030000000000000000000000000000e+02 1.092727000000000000000000000000e+06 5.500000000000000000000000000000e+01
1.260000000000000000000000000000e+02 2.520000000000000000000000000000e+02 1.600300800000000000000000000000e+07 5.600000000000000000000000000000e+01
1.270000000000000000000000000000e+02 4.200000000000000000000000000000e+01 7.408800000000000000000000000000e+04 5.700000000000000000000000000000e+01
1.280000000000000000000000000000e+02 2.800000000000000000000000000000e+01 2.195200000000000000000000000000e+04 5.800000000000000000000000000000e+01
1.300000000000000000000000000000e+02 1.730000000000000000000000000000e+02 5.177717000000000000000000000000e+06 5.900000000000000000000000000000e+01
1.320000000000000000000000000000e+02 2.670000000000000000000000000000e+02 1.903416300000000000000000000000e+07 6.000000000000000000000000000000e+01
1.330000000000000000000000000000e+02 5.400000000000000000000000000000e+01 1.574640000000000000000000000000e+05 6.100000000000000000000000000000e+01
1.390000000000000000000000000000e+02 9.600000000000000000000000000000e+01 8.847360000000000000000000000000e+05 6.200000000000000000000000000000e+01
1.400000000000000000000000000000e+02 4.200000000000000000000000000000e+01 7.408800000000000000000000000000e+04 6.300000000000000000000000000000e+01
1.410000000000000000000000000000e+02 2.900000000000000000000000000000e+01 2.438900000000000000000000000000e+04 6.400000000000000000000000000000e+01
1.420000000000000000000000000000e+02 5.000000000000000000000000000000e+00 1.250000000000000000000000000000e+02 6.500000000000000000000000000000e+01
1.430000000000000000000000000000e+02 2.010000000000000000000000000000e+02 8.120601000000000000000000000000e+06 6.600000000000000000000000000000e+01
1.440000000000000000000000000000e+02 3.730000000000000000000000000000e+02 5.189511700000000000000000000000e+07 6.700000000000000000000000000000e+01
1.450000000000000000000000000000e+02 1.600000000000000000000000000000e+02 4.096000000000000000000000000000e+06 6.800000000000000000000000000000e+01
1.460000000000000000000000000000e+02 1.100000000000000000000000000000e+01 1.331000000000000000000000000000e+03 6.900000000000000000000000000000e+01
