0.000000000000000000000000000000e+00 1.000000000000000000000000000000e+03 1.000000000000000000000000000000e+03 0.000000000000000000000000000000e+00
9.990000000000000000000000000000e+02 1.500000000000000000000000000000e+03 1.500000000000000000000000000000e+03 1.000000000000000000000000000000e+00
2.498000000000000000000000000000e+03 2.250000000000000000000000000000e+03 2.250000000000000000000000000000e+03 2.000000000000000000000000000000e+00
4.747000000000000000000000000000e+03 3.375000000000000000000000000000e+03 3.375000000000000000000000000000e+03 3.000000000000000000000000000000e+00
8.121000000000000000000000000000e+03 1.350000000000000000000000000000e+04 1.350000000000000000000000000000e+04 4.000000000000000000000000000000e+00
2.162000000000000000000000000000e+04 5.400000000000000000000000000000e+04 5.400000000000000000000000000000e+04 5.000000000000000000000000000000e+00
7.561900000000000000000000000000e+04 2.160000000000000000000000000000e+05 2.160000000000000000000000000000e+05 6.000000000000000000000000000000e+00
2.916180000000000000000000000000e+05 3.240000000000000000000000000000e+05 3.240000000000000000000000000000e+05 7.000000000000000000000000000000e+00
6.156170000000000000000000000000e+05 1.296000000000000000000000000000e+06 1.296000000000000000000000000000e+06 8.000000000000000000000000000000e+00
1.911616000000000000000000000000e+06 5.184000000000000000000000000000e+06 5.184000000000000000000000000000e+06 9.000000000000000000000000000000e+00
7.095615000000000000000000000000e+06 2.073600000000000000000000000000e+07 2.073600000000000000000000000000e+07 1.000000000000000000000000000000e+01
2.783161400000000000000000000000e+07 3.110400000000000000000000000000e+07 3.110400000000000000000000000000e+07 1.100000000000000000000000000000e+01
5.893561300000000000000000000000e+07 4.665600000000000000000000000000e+07 4.665600000000000000000000000000e+07 1.200000000000000000000000000000e+01
1.055916120000000000000000000000e+08 1.866240000000000000000000000000e+08 1.866240000000000000000000000000e+08 1.300000000000000000000000000000e+01
2.922156110000000000000000000000e+08 7.464960000000000000000000000000e+08 7.464960000000000000000000000000e+08 1.400000000000000000000000000000e+01
1.038711610000000000000000000000e+09 2.985984000000000000000000000000e+09 2.985984000000000000000000000000e+09 1.500000000000000000000000000000e+01
4.024695609000000000000000000000e+09 4.478976000000000000000000000000e+09 4.478976000000000000000000000000e+09 1.600000000000000000000000000000e+01
8.503671608000000000000000000000e+09 6.718464000000000000000000000000e+09 6.718464000000000000000000000000e+09 1.700000000000000000000000000000e+01
1.000000000000000000000000000000e+00 9.990000000000000000000000000000e+02 9.990000000000000000000000000000e+02 1.800000000000000000000000000000e+01
1.000000000000000000000000000000e+03 1.499000000000000000000000000000e+03 1.499000000000000000000000000000e+03 1.900000000000000000000000000000e+01
2.499000000000000000000000000000e+03 2.249000000000000000000000000000e+03 2.249000000000000000000000000000e+03 2.000000000000000000000000000000e+01
4.748000000000000000000000000000e+03 3.374000000000000000000000000000e+03 3.374000000000000000000000000000e+03 2.100000000000000000000000000000e+01
8.122000000000000000000000000000e+03 1.349900000000000000000000000000e+04 1.349900000000000000000000000000e+04 2.200000000000000000000000000000e+01
2.162100000000000000000000000000e+04 5.399900000000000000000000000000e+04 5.399900000000000000000000000000e+04 2.300000000000000000000000000000e+01
7.562000000000000000000000000000e+04 2.159990000000000000000000000000e+05 2.159990000000000000000000000000e+05 2.400000000000000000000000000000e+01
2.916190000000000000000000000000e+05 3.239990000000000000000000000000e+05 3.239990000000000000000000000000e+05 2.500000000000000000000000000000e+01
6.156180000000000000000000000000e+05 1.295999000000000000000000000000e+06 1.295999000000000000000000000000e+06 2.600000000000000000000000000000e+01
1.911617000000000000000000000000e+06 5.183999000000000000000000000000e+06 5.183999000000000000000000000000e+06 2.700000000000000000000000000000e+01
7.095616000000000000000000000000e+06 2.073599900000000000000000000000e+07 2.073599900000000000000000000000e+07 2.800000000000000000000000000000e+01
2.783161500000000000000000000000e+07 3.110399900000000000000000000000e+07 3.110399900000000000000000000000e+07 2.900000000000000000000000000000e+01
5.893561400000000000000000000000e+07 4.665599900000000000000000000000e+07 4.665599900000000000000000000000e+07 3.000000000000000000000000000000e+01
1.055916130000000000000000000000e+08 1.866239990000000000000000000000e+08 1.866239990000000000000000000000e+08 3.100000000000000000000000000000e+01
2.922156120000000000000000000000e+08 7.464959990000000000000000000000e+08 7.464959990000000000000000000000e+08 3.200000000000000000000000000000e+01
1.038711611000000000000000000000e+09 2.985983999000000000000000000000e+09 2.985983999000000000000000000000e+09 3.300000000000000000000000000000e+01
4.024695610000000000000000000000e+09 4.478975999000000000000000000000e+09 4.478975999000000000000000000000e+09 3.400000000000000000000000000000e+01
8.503671609000000000000000000000e+09 6.718463998000000000000000000000e+09 6.718463998000000000000000000000e+09 3.500000000000000000000000000000e+01
1.522213560700000000000000000000e+10 2.687385599900000000000000000000e+10 2.687385599900000000000000000000e+10 3.600000000000000000000000000000e+01
