0.000000000000000000000000000000e+00 1.000000000000000000000000000000e+03 1.000000000000000000000000000000e+03 0.000000000000000000000000000000e+00
9.990000000000000000000000000000e+02 4.000000000000000000000000000000e+03 4.000000000000000000000000000000e+03 1.000000000000000000000000000000e+00
4.998000000000000000000000000000e+03 1.600000000000000000000000000000e+04 1.600000000000000000000000000000e+04 2.000000000000000000000000000000e+00
2.099700000000000000000000000000e+04 2.400000000000000000000000000000e+04 2.400000000000000000000000000000e+04 3.000000000000000000000000000000e+00
4.499600000000000000000000000000e+04 3.600000000000000000000000000000e+04 3.600000000000000000000000000000e+04 4.000000000000000000000000000000e+00
8.099500000000000000000000000000e+04 1.440000000000000000000000000000e+05 1.440000000000000000000000000000e+05 5.000000000000000000000000000000e+00
2.249940000000000000000000000000e+05 2.160000000000000000000000000000e+05 2.160000000000000000000000000000e+05 6.000000000000000000000000000000e+00
4.409930000000000000000000000000e+05 3.240000000000000000000000000000e+05 3.240000000000000000000000000000e+05 7.000000000000000000000000000000e+00
7.649920000000000000000000000000e+05 4.860000000000000000000000000000e+05 4.860000000000000000000000000000e+05 8.000000000000000000000000000000e+00
1.250991000000000000000000000000e+06 1.944000000000000000000000000000e+06 1.944000000000000000000000000000e+06 9.000000000000000000000000000000e+00
3.194990000000000000000000000000e+06 2.916000000000000000000000000000e+06 2.916000000000000000000000000000e+06 1.000000000000000000000000000000e+01
6.110989000000000000000000000000e+06 1.166400000000000000000000000000e+07 1.166400000000000000000000000000e+07 1.100000000000000000000000000000e+01
1.777498800000000000000000000000e+07 4.665600000000000000000000000000e+07 4.665600000000000000000000000000e+07 1.200000000000000000000000000000e+01
6.443098700000000000000000000000e+07 1.866240000000000000000000000000e+08 1.866240000000000000000000000000e+08 1.300000000000000000000000000000e+01
2.510549860000000000000000000000e+08 2.799360000000000000000000000000e+08 2.799360000000000000000000000000e+08 1.400000000000000000000000000000e+01
5.309909850000000000000000000000e+08 1.119744000000000000000000000000e+09 1.119744000000000000000000000000e+09 1.500000000000000000000000000000e+01
1.650734984000000000000000000000e+09 4.478976000000000000000000000000e+09 4.478976000000000000000000000000e+09 1.600000000000000000000000000000e+01
6.129710983000000000000000000000e+09 1.791590400000000000000000000000e+10 1.791590400000000000000000000000e+10 1.700000000000000000000000000000e+01
1.000000000000000000000000000000e+00 9.990000000000000000000000000000e+02 9.990000000000000000000000000000e+02 1.800000000000000000000000000000e+01
1.000000000000000000000000000000e+03 3.999000000000000000000000000000e+03 3.999000000000000000000000000000e+03 1.900000000000000000000000000000e+01
4.999000000000000000000000000000e+03 1.599900000000000000000000000000e+04 1.599900000000000000000000000000e+04 2.000000000000000000000000000000e+01
2.099800000000000000000000000000e+04 2.399900000000000000000000000000e+04 2.399900000000000000000000000000e+04 2.100000000000000000000000000000e+01
4.499700000000000000000000000000e+04 3.599900000000000000000000000000e+04 3.599900000000000000000000000000e+04 2.200000000000000000000000000000e+01
8.099600000000000000000000000000e+04 1.439990000000000000000000000000e+05 1.439990000000000000000000000000e+05 2.300000000000000000000000000000e+01
2.249950000000000000000000000000e+05 2.159990000000000000000000000000e+05 2.159990000000000000000000000000e+05 2.400000000000000000000000000000e+01
4.409940000000000000000000000000e+05 3.239990000000000000000000000000e+05 3.239990000000000000000000000000e+05 2.500000000000000000000000000000e+01
7.649930000000000000000000000000e+05 4.859990000000000000000000000000e+05 4.859990000000000000000000000000e+05 2.600000000000000000000000000000e+01
1.250992000000000000000000000000e+06 1.943999000000000000000000000000e+06 1.943999000000000000000000000000e+06 2.700000000000000000000000000000e+01
3.194991000000000000000000000000e+06 2.915999000000000000000000000000e+06 2.915999000000000000000000000000e+06 2.800000000000000000000000000000e+01
6.110990000000000000000000000000e+06 1.166399900000000000000000000000e+07 1.166399900000000000000000000000e+07 2.900000000000000000000000000000e+01
1.777498900000000000000000000000e+07 4.665599900000000000000000000000e+07 4.665599900000000000000000000000e+07 3.000000000000000000000000000000e+01
6.443098800000000000000000000000e+07 1.866239990000000000000000000000e+08 1.866239990000000000000000000000e+08 3.100000000000000000000000000000e+01
2.510549870000000000000000000000e+08 2.799359990000000000000000000000e+08 2.799359990000000000000000000000e+08 3.200000000000000000000000000000e+01
5.309909860000000000000000000000e+08 1.119743999000000000000000000000e+09 1.119743999000000000000000000000e+09 3.300000000000000000000000000000e+01
1.650734985000000000000000000000e+09 4.478975999000000000000000000000e+09 4.478975999000000000000000000000e+09 3.400000000000000000000000000000e+01
6.129710984000000000000000000000e+09 1.791590399800000000000000000000e+10 1.791590399800000000000000000000e+10 3.500000000000000000000000000000e+01
2.404561498200000000000000000000e+10 7.166361599900000000000000000000e+10 7.166361599900000000000000000000e+10 3.600000000000000000000000000000e+01
