0.000000000000000000000000000000e+00 1.000000000000000000000000000000e+03 1.000000000000000000000000000000e+03 0.000000000000000000000000000000e+00
9.990000000000000000000000000000e+02 4.000000000000000000000000000000e+03 4.000000000000000000000000000000e+03 1.000000000000000000000000000000e+00
4.998000000000000000000000000000e+03 6.000000000000000000000000000000e+03 6.000000000000000000000000000000e+03 2.000000000000000000000000000000e+00
1.099700000000000000000000000000e+04 9.000000000000000000000000000000e+03 9.000000000000000000000000000000e+03 3.000000000000000000000000000000e+00
1.999600000000000000000000000000e+04 1.350000000000000000000000000000e+04 1.350000000000000000000000000000e+04 4.000000000000000000000000000000e+00
3.349500000000000000000000000000e+04 2.025000000000000000000000000000e+04 2.025000000000000000000000000000e+04 5.000000000000000000000000000000e+00
5.374400000000000000000000000000e+04 8.100000000000000000000000000000e+04 8.100000000000000000000000000000e+04 6.000000000000000000000000000000e+00
1.347430000000000000000000000000e+05 1.215000000000000000000000000000e+05 1.215000000000000000000000000000e+05 7.000000000000000000000000000000e+00
2.562420000000000000000000000000e+05 4.860000000000000000000000000000e+05 4.860000000000000000000000000000e+05 8.000000000000000000000000000000e+00
7.422410000000000000000000000000e+05 7.290000000000000000000000000000e+05 7.290000000000000000000000000000e+05 9.000000000000000000000000000000e+00
1.471240000000000000000000000000e+06 1.093500000000000000000000000000e+06 1.093500000000000000000000000000e+06 1.000000000000000000000000000000e+01
2.564739000000000000000000000000e+06 4.374000000000000000000000000000e+06 4.374000000000000000000000000000e+06 1.100000000000000000000000000000e+01
6.938738000000000000000000000000e+06 6.561000000000000000000000000000e+06 6.561000000000000000000000000000e+06 1.200000000000000000000000000000e+01
1.349973700000000000000000000000e+07 2.624400000000000000000000000000e+07 2.624400000000000000000000000000e+07 1.300000000000000000000000000000e+01
3.974373600000000000000000000000e+07 1.049760000000000000000000000000e+08 1.049760000000000000000000000000e+08 1.400000000000000000000000000000e+01
1.447197350000000000000000000000e+08 1.574640000000000000000000000000e+08 1.574640000000000000000000000000e+08 1.500000000000000000000000000000e+01
3.021837340000000000000000000000e+08 2.361960000000000000000000000000e+08 2.361960000000000000000000000000e+08 1.600000000000000000000000000000e+01
5.383797330000000000000000000000e+08 3.542940000000000000000000000000e+08 3.542940000000000000000000000000e+08 1.700000000000000000000000000000e+01
1.000000000000000000000000000000e+00 9.990000000000000000000000000000e+02 9.990000000000000000000000000000e+02 1.800000000000000000000000000000e+01
1.000000000000000000000000000000e+03 3.999000000000000000000000000000e+03 3.999000000000000000000000000000e+03 1.900000000000000000000000000000e+01
4.999000000000000000000000000000e+03 5.999000000000000000000000000000e+03 5.999000000000000000000000000000e+03 2.000000000000000000000000000000e+01
1.099800000000000000000000000000e+04 8.999000000000000000000000000000e+03 8.999000000000000000000000000000e+03 2.100000000000000000000000000000e+01
1.999700000000000000000000000000e+04 1.349900000000000000000000000000e+04 1.349900000000000000000000000000e+04 2.200000000000000000000000000000e+01
3.349600000000000000000000000000e+04 2.024900000000000000000000000000e+04 2.024900000000000000000000000000e+04 2.300000000000000000000000000000e+01
5.374500000000000000000000000000e+04 8.099900000000000000000000000000e+04 8.099900000000000000000000000000e+04 2.400000000000000000000000000000e+01
1.347440000000000000000000000000e+05 1.214990000000000000000000000000e+05 1.214990000000000000000000000000e+05 2.500000000000000000000000000000e+01
2.562430000000000000000000000000e+05 4.859990000000000000000000000000e+05 4.859990000000000000000000000000e+05 2.600000000000000000000000000000e+01
7.422420000000000000000000000000e+05 7.289990000000000000000000000000e+05 7.289990000000000000000000000000e+05 2.700000000000000000000000000000e+01
1.471241000000000000000000000000e+06 1.093499000000000000000000000000e+06 1.093499000000000000000000000000e+06 2.800000000000000000000000000000e+01
2.564740000000000000000000000000e+06 4.373999000000000000000000000000e+06 4.373999000000000000000000000000e+06 2.900000000000000000000000000000e+01
6.938739000000000000000000000000e+06 6.560999000000000000000000000000e+06 6.560999000000000000000000000000e+06 3.000000000000000000000000000000e+01
1.349973800000000000000000000000e+07 2.624399900000000000000000000000e+07 2.624399900000000000000000000000e+07 3.100000000000000000000000000000e+01
3.974373700000000000000000000000e+07 1.049759990000000000000000000000e+08 1.049759990000000000000000000000e+08 3.200000000000000000000000000000e+01
1.447197360000000000000000000000e+08 1.574639990000000000000000000000e+08 1.574639990000000000000000000000e+08 3.300000000000000000000000000000e+01
3.021837350000000000000000000000e+08 2.361959990000000000000000000000e+08 2.361959990000000000000000000000e+08 3.400000000000000000000000000000e+01
5.383797340000000000000000000000e+08 3.542939980000000000000000000000e+08 3.542939980000000000000000000000e+08 3.500000000000000000000000000000e+01
8.926737320000000000000000000000e+08 5.314409990000000000000000000000e+08 5.314409990000000000000000000000e+08 3.600000000000000000000000000000e+01
