0.000000000000000000000000000000e+00 1.000000000000000000000000000000e+03 1.000000000000000000000000000000e+03 0.000000000000000000000000000000e+00
9.990000000000000000000000000000e+02 4.000000000000000000000000000000e+03 4.000000000000000000000000000000e+03 1.000000000000000000000000000000e+00
4.998000000000000000000000000000e+03 1.600000000000000000000000000000e+04 1.600000000000000000000000000000e+04 2.000000000000000000000000000000e+00
2.099700000000000000000000000000e+04 2.400000000000000000000000000000e+04 2.400000000000000000000000000000e+04 3.000000000000000000000000000000e+00
4.499600000000000000000000000000e+04 3.600000000000000000000000000000e+04 3.600000000000000000000000000000e+04 4.000000000000000000000000000000e+00
8.099500000000000000000000000000e+04 5.400000000000000000000000000000e+04 5.400000000000000000000000000000e+04 5.000000000000000000000000000000e+00
1.349940000000000000000000000000e+05 8.100000000000000000000000000000e+04 8.100000000000000000000000000000e+04 6.000000000000000000000000000000e+00
2.159930000000000000000000000000e+05 3.240000000000000000000000000000e+05 3.240000000000000000000000000000e+05 7.000000000000000000000000000000e+00
5.399920000000000000000000000000e+05 4.860000000000000000000000000000e+05 4.860000000000000000000000000000e+05 8.000000000000000000000000000000e+00
1.025991000000000000000000000000e+06 7.290000000000000000000000000000e+05 7.290000000000000000000000000000e+05 9.000000000000000000000000000000e+00
1.754990000000000000000000000000e+06 1.093500000000000000000000000000e+06 1.093500000000000000000000000000e+06 1.000000000000000000000000000000e+01
2.848489000000000000000000000000e+06 1.640250000000000000000000000000e+06 1.640250000000000000000000000000e+06 1.100000000000000000000000000000e+01
4.488738000000000000000000000000e+06 6.561000000000000000000000000000e+06 6.561000000000000000000000000000e+06 1.200000000000000000000000000000e+01
1.104973700000000000000000000000e+07 9.841500000000000000000000000000e+06 9.841500000000000000000000000000e+06 1.300000000000000000000000000000e+01
2.089123600000000000000000000000e+07 3.936600000000000000000000000000e+07 3.936600000000000000000000000000e+07 1.400000000000000000000000000000e+01
6.025723500000000000000000000000e+07 5.904900000000000000000000000000e+07 5.904900000000000000000000000000e+07 1.500000000000000000000000000000e+01
1.193062340000000000000000000000e+08 8.857350000000000000000000000000e+07 8.857350000000000000000000000000e+07 1.600000000000000000000000000000e+01
2.078797330000000000000000000000e+08 3.542940000000000000000000000000e+08 3.542940000000000000000000000000e+08 1.700000000000000000000000000000e+01
1.000000000000000000000000000000e+00 9.990000000000000000000000000000e+02 9.990000000000000000000000000000e+02 1.800000000000000000000000000000e+01
1.000000000000000000000000000000e+03 3.999000000000000000000000000000e+03 3.999000000000000000000000000000e+03 1.900000000000000000000000000000e+01
4.999000000000000000000000000000e+03 1.599900000000000000000000000000e+04 1.599900000000000000000000000000e+04 2.000000000000000000000000000000e+01
2.099800000000000000000000000000e+04 2.399900000000000000000000000000e+04 2.399900000000000000000000000000e+04 2.100000000000000000000000000000e+01
4.499700000000000000000000000000e+04 3.599900000000000000000000000000e+04 3.599900000000000000000000000000e+04 2.200000000000000000000000000000e+01
8.099600000000000000000000000000e+04 5.399900000000000000000000000000e+04 5.399900000000000000000000000000e+04 2.300000000000000000000000000000e+01
1.349950000000000000000000000000e+05 8.099900000000000000000000000000e+04 8.099900000000000000000000000000e+04 2.400000000000000000000000000000e+01
2.159940000000000000000000000000e+05 3.239990000000000000000000000000e+05 3.239990000000000000000000000000e+05 2.500000000000000000000000000000e+01
5.399930000000000000000000000000e+05 4.859990000000000000000000000000e+05 4.859990000000000000000000000000e+05 2.600000000000000000000000000000e+01
1.025992000000000000000000000000e+06 7.289990000000000000000000000000e+05 7.289990000000000000000000000000e+05 2.700000000000000000000000000000e+01
1.754991000000000000000000000000e+06 1.093499000000000000000000000000e+06 1.093499000000000000000000000000e+06 2.800000000000000000000000000000e+01
2.848490000000000000000000000000e+06 1.640249000000000000000000000000e+06 1.640249000000000000000000000000e+06 2.900000000000000000000000000000e+01
4.488739000000000000000000000000e+06 6.560999000000000000000000000000e+06 6.560999000000000000000000000000e+06 3.000000000000000000000000000000e+01
1.104973800000000000000000000000e+07 9.841499000000000000000000000000e+06 9.841499000000000000000000000000e+06 3.100000000000000000000000000000e+01
2.089123700000000000000000000000e+07 3.936599900000000000000000000000e+07 3.936599900000000000000000000000e+07 3.200000000000000000000000000000e+01
6.025723600000000000000000000000e+07 5.904899900000000000000000000000e+07 5.904899900000000000000000000000e+07 3.300000000000000000000000000000e+01
1.193062350000000000000000000000e+08 8.857349900000000000000000000000e+07 8.857349900000000000000000000000e+07 3.400000000000000000000000000000e+01
2.078797340000000000000000000000e+08 3.542939980000000000000000000000e+08 3.542939980000000000000000000000e+08 3.500000000000000000000000000000e+01
5.621737320000000000000000000000e+08 1.417175999000000000000000000000e+09 1.417175999000000000000000000000e+09 3.600000000000000000000000000000e+01
