0.000000000000000000000000000000e+00 1.000000000000000000000000000000e+03 1.000000000000000000000000000000e+03 0.000000000000000000000000000000e+00
9.990000000000000000000000000000e+02 4.000000000000000000000000000000e+03 4.000000000000000000000000000000e+03 1.000000000000000000000000000000e+00
4.998000000000000000000000000000e+03 6.000000000000000000000000000000e+03 6.000000000000000000000000000000e+03 2.000000000000000000000000000000e+00
1.099700000000000000000000000000e+04 2.400000000000000000000000000000e+04 2.400000000000000000000000000000e+04 3.000000000000000000000000000000e+00
3.499600000000000000000000000000e+04 9.600000000000000000000000000000e+04 9.600000000000000000000000000000e+04 4.000000000000000000000000000000e+00
1.309950000000000000000000000000e+05 3.840000000000000000000000000000e+05 3.840000000000000000000000000000e+05 5.000000000000000000000000000000e+00
5.149940000000000000000000000000e+05 5.760000000000000000000000000000e+05 5.760000000000000000000000000000e+05 6.000000000000000000000000000000e+00
1.090993000000000000000000000000e+06 8.640000000000000000000000000000e+05 8.640000000000000000000000000000e+05 7.000000000000000000000000000000e+00
1.954992000000000000000000000000e+06 3.456000000000000000000000000000e+06 3.456000000000000000000000000000e+06 8.000000000000000000000000000000e+00
5.410991000000000000000000000000e+06 1.382400000000000000000000000000e+07 1.382400000000000000000000000000e+07 9.000000000000000000000000000000e+00
1.923499000000000000000000000000e+07 5.529600000000000000000000000000e+07 5.529600000000000000000000000000e+07 1.000000000000000000000000000000e+01
7.453098900000000000000000000000e+07 2.211840000000000000000000000000e+08 2.211840000000000000000000000000e+08 1.100000000000000000000000000000e+01
2.957149880000000000000000000000e+08 3.317760000000000000000000000000e+08 3.317760000000000000000000000000e+08 1.200000000000000000000000000000e+01
6.274909870000000000000000000000e+08 1.327104000000000000000000000000e+09 1.327104000000000000000000000000e+09 1.300000000000000000000000000000e+01
1.954594986000000000000000000000e+09 5.308416000000000000000000000000e+09 5.308416000000000000000000000000e+09 1.400000000000000000000000000000e+01
7.263010985000000000000000000000e+09 2.123366400000000000000000000000e+10 2.123366400000000000000000000000e+10 1.500000000000000000000000000000e+01
2.849667498400000000000000000000e+10 8.493465600000000000000000000000e+10 8.493465600000000000000000000000e+10 1.600000000000000000000000000000e+01
1.134313309830000000000000000000e+11 3.397386240000000000000000000000e+11 3.397386240000000000000000000000e+11 1.700000000000000000000000000000e+01
1.000000000000000000000000000000e+00 9.990000000000000000000000000000e+02 9.990000000000000000000000000000e+02 1.800000000000000000000000000000e+01
1.000000000000000000000000000000e+03 3.999000000000000000000000000000e+03 3.999000000000000000000000000000e+03 1.900000000000000000000000000000e+01
4.999000000000000000000000000000e+03 5.999000000000000000000000000000e+03 5.999000000000000000000000000000e+03 2.000000000000000000000000000000e+01
1.099800000000000000000000000000e+04 2.399900000000000000000000000000e+04 2.399900000000000000000000000000e+04 2.100000000000000000000000000000e+01
3.499700000000000000000000000000e+04 9.599900000000000000000000000000e+04 9.599900000000000000000000000000e+04 2.200000000000000000000000000000e+01
1.309960000000000000000000000000e+05 3.839990000000000000000000000000e+05 3.839990000000000000000000000000e+05 2.300000000000000000000000000000e+01
5.149950000000000000000000000000e+05 5.759990000000000000000000000000e+05 5.759990000000000000000000000000e+05 2.400000000000000000000000000000e+01
1.090994000000000000000000000000e+06 8.639990000000000000000000000000e+05 8.639990000000000000000000000000e+05 2.500000000000000000000000000000e+01
1.954993000000000000000000000000e+06 3.455999000000000000000000000000e+06 3.455999000000000000000000000000e+06 2.600000000000000000000000000000e+01
5.410992000000000000000000000000e+06 1.382399900000000000000000000000e+07 1.382399900000000000000000000000e+07 2.700000000000000000000000000000e+01
1.923499100000000000000000000000e+07 5.529599900000000000000000000000e+07 5.529599900000000000000000000000e+07 2.800000000000000000000000000000e+01
7.453099000000000000000000000000e+07 2.211839990000000000000000000000e+08 2.211839990000000000000000000000e+08 2.900000000000000000000000000000e+01
2.957149890000000000000000000000e+08 3.317759990000000000000000000000e+08 3.317759990000000000000000000000e+08 3.000000000000000000000000000000e+01
6.274909880000000000000000000000e+08 1.327103999000000000000000000000e+09 1.327103999000000000000000000000e+09 3.100000000000000000000000000000e+01
1.954594987000000000000000000000e+09 5.308415999000000000000000000000e+09 5.308415999000000000000000000000e+09 3.200000000000000000000000000000e+01
7.263010986000000000000000000000e+09 2.123366399900000000000000000000e+10 2.123366399900000000000000000000e+10 3.300000000000000000000000000000e+01
2.849667498500000000000000000000e+10 8.493465599900000000000000000000e+10 8.493465599900000000000000000000e+10 3.400000000000000000000000000000e+01
1.134313309840000000000000000000e+11 3.397386239980000000000000000000e+11 3.397386239980000000000000000000e+11 3.500000000000000000000000000000e+01
4.531699549820000000000000000000e+11 5.096079359990000000000000000000e+11 5.096079359990000000000000000000e+11 3.600000000000000000000000000000e+01
