0.000000000000000000000000000000e+00 1.000000000000000000000000000000e+03 1.000000000000000000000000000000e+03 0.000000000000000000000000000000e+00
9.990000000000000000000000000000e+02 1.500000000000000000000000000000e+03 1.500000000000000000000000000000e+03 1.000000000000000000000000000000e+00
2.498000000000000000000000000000e+03 6.000000000000000000000000000000e+03 6.000000000000000000000000000000e+03 2.000000000000000000000000000000e+00
8.497000000000000000000000000000e+03 9.000000000000000000000000000000e+03 9.000000000000000000000000000000e+03 3.000000000000000000000000000000e+00
1.749600000000000000000000000000e+04 3.600000000000000000000000000000e+04 3.600000000000000000000000000000e+04 4.000000000000000000000000000000e+00
5.349500000000000000000000000000e+04 5.400000000000000000000000000000e+04 5.400000000000000000000000000000e+04 5.000000000000000000000000000000e+00
1.074940000000000000000000000000e+05 8.100000000000000000000000000000e+04 8.100000000000000000000000000000e+04 6.000000000000000000000000000000e+00
1.884930000000000000000000000000e+05 3.240000000000000000000000000000e+05 3.240000000000000000000000000000e+05 7.000000000000000000000000000000e+00
5.124920000000000000000000000000e+05 1.296000000000000000000000000000e+06 1.296000000000000000000000000000e+06 8.000000000000000000000000000000e+00
1.808491000000000000000000000000e+06 5.184000000000000000000000000000e+06 5.184000000000000000000000000000e+06 9.000000000000000000000000000000e+00
6.992490000000000000000000000000e+06 7.776000000000000000000000000000e+06 7.776000000000000000000000000000e+06 1.000000000000000000000000000000e+01
1.476848900000000000000000000000e+07 1.166400000000000000000000000000e+07 1.166400000000000000000000000000e+07 1.100000000000000000000000000000e+01
2.643248800000000000000000000000e+07 4.665600000000000000000000000000e+07 4.665600000000000000000000000000e+07 1.200000000000000000000000000000e+01
7.308848700000000000000000000000e+07 1.866240000000000000000000000000e+08 1.866240000000000000000000000000e+08 1.300000000000000000000000000000e+01
2.597124860000000000000000000000e+08 2.799360000000000000000000000000e+08 2.799360000000000000000000000000e+08 1.400000000000000000000000000000e+01
5.396484850000000000000000000000e+08 4.199040000000000000000000000000e+08 4.199040000000000000000000000000e+08 1.500000000000000000000000000000e+01
9.595524840000000000000000000000e+08 1.679616000000000000000000000000e+09 1.679616000000000000000000000000e+09 1.600000000000000000000000000000e+01
2.639168483000000000000000000000e+09 2.519424000000000000000000000000e+09 2.519424000000000000000000000000e+09 1.700000000000000000000000000000e+01
1.000000000000000000000000000000e+00 9.990000000000000000000000000000e+02 9.990000000000000000000000000000e+02 1.800000000000000000000000000000e+01
1.000000000000000000000000000000e+03 1.499000000000000000000000000000e+03 1.499000000000000000000000000000e+03 1.900000000000000000000000000000e+01
2.499000000000000000000000000000e+03 5.999000000000000000000000000000e+03 5.999000000000000000000000000000e+03 2.000000000000000000000000000000e+01
8.498000000000000000000000000000e+03 8.999000000000000000000000000000e+03 8.999000000000000000000000000000e+03 2.100000000000000000000000000000e+01
1.749700000000000000000000000000e+04 3.599900000000000000000000000000e+04 3.599900000000000000000000000000e+04 2.200000000000000000000000000000e+01
5.349600000000000000000000000000e+04 5.399900000000000000000000000000e+04 5.399900000000000000000000000000e+04 2.300000000000000000000000000000e+01
1.074950000000000000000000000000e+05 8.099900000000000000000000000000e+04 8.099900000000000000000000000000e+04 2.400000000000000000000000000000e+01
1.884940000000000000000000000000e+05 3.239990000000000000000000000000e+05 3.239990000000000000000000000000e+05 2.500000000000000000000000000000e+01
5.124930000000000000000000000000e+05 1.295999000000000000000000000000e+06 1.295999000000000000000000000000e+06 2.600000000000000000000000000000e+01
1.808492000000000000000000000000e+06 5.183999000000000000000000000000e+06 5.183999000000000000000000000000e+06 2.700000000000000000000000000000e+01
6.992491000000000000000000000000e+06 7.775999000000000000000000000000e+06 7.775999000000000000000000000000e+06 2.800000000000000000000000000000e+01
1.476849000000000000000000000000e+07 1.166399900000000000000000000000e+07 1.166399900000000000000000000000e+07 2.900000000000000000000000000000e+01
2.643248900000000000000000000000e+07 4.665599900000000000000000000000e+07 4.665599900000000000000000000000e+07 3.000000000000000000000000000000e+01
7.308848800000000000000000000000e+07 1.866239990000000000000000000000e+08 1.866239990000000000000000000000e+08 3.100000000000000000000000000000e+01
2.597124870000000000000000000000e+08 2.799359990000000000000000000000e+08 2.799359990000000000000000000000e+08 3.200000000000000000000000000000e+01
5.396484860000000000000000000000e+08 4.199039990000000000000000000000e+08 4.199039990000000000000000000000e+08 3.300000000000000000000000000000e+01
9.595524850000000000000000000000e+08 1.679615999000000000000000000000e+09 1.679615999000000000000000000000e+09 3.400000000000000000000000000000e+01
2.639168484000000000000000000000e+09 2.519423998000000000000000000000e+09 2.519423998000000000000000000000e+09 3.500000000000000000000000000000e+01
5.158592482000000000000000000000e+09 1.007769599900000000000000000000e+10 1.007769599900000000000000000000e+10 3.600000000000000000000000000000e+01
