0.000000000000000000000000000000e+00 1.000000000000000000000000000000e+03 1.000000000000000000000000000000e+03 0.000000000000000000000000000000e+00
9.990000000000000000000000000000e+02 1.500000000000000000000000000000e+03 1.500000000000000000000000000000e+03 1.000000000000000000000000000000e+00
2.498000000000000000000000000000e+03 2.250000000000000000000000000000e+03 2.250000000000000000000000000000e+03 2.000000000000000000000000000000e+00
4.747000000000000000000000000000e+03 3.375000000000000000000000000000e+03 3.375000000000000000000000000000e+03 3.000000000000000000000000000000e+00
8.121000000000000000000000000000e+03 5.062500000000000000000000000000e+03 5.062500000000000000000000000000e+03 4.000000000000000000000000000000e+00
1.318250000000000000000000000000e+04 7.593750000000000000000000000000e+03 7.593750000000000000000000000000e+03 5.000000000000000000000000000000e+00
2.077525000000000000000000000000e+04 1.139062500000000000000000000000e+04 1.139062500000000000000000000000e+04 6.000000000000000000000000000000e+00
3.216487500000000000000000000000e+04 4.556250000000000000000000000000e+04 4.556250000000000000000000000000e+04 7.000000000000000000000000000000e+00
7.772637500000000000000000000000e+04 6.834375000000000000000000000000e+04 6.834375000000000000000000000000e+04 8.000000000000000000000000000000e+00
1.460691250000000000000000000000e+05 1.025156250000000000000000000000e+05 1.025156250000000000000000000000e+05 9.000000000000000000000000000000e+00
2.485837500000000000000000000000e+05 1.537734375000000000000000000000e+05 1.537734375000000000000000000000e+05 1.000000000000000000000000000000e+01
4.023561875000000000000000000000e+05 2.306601562500000000000000000000e+05 2.306601562500000000000000000000e+05 1.100000000000000000000000000000e+01
6.330153437500000000000000000000e+05 9.226406250000000000000000000000e+05 9.226406250000000000000000000000e+05 1.200000000000000000000000000000e+01
1.555654968750000000000000000000e+06 3.690562500000000000000000000000e+06 3.690562500000000000000000000000e+06 1.300000000000000000000000000000e+01
5.246216468750000000000000000000e+06 1.476225000000000000000000000000e+07 1.476225000000000000000000000000e+07 1.400000000000000000000000000000e+01
2.000846546875000000000000000000e+07 2.214337500000000000000000000000e+07 2.214337500000000000000000000000e+07 1.500000000000000000000000000000e+01
4.215183946875000000000000000000e+07 3.321506250000000000000000000000e+07 3.321506250000000000000000000000e+07 1.600000000000000000000000000000e+01
7.536690096875000000000000000000e+07 1.328602500000000000000000000000e+08 1.328602500000000000000000000000e+08 1.700000000000000000000000000000e+01
1.000000000000000000000000000000e+00 9.990000000000000000000000000000e+02 9.990000000000000000000000000000e+02 1.800000000000000000000000000000e+01
1.000000000000000000000000000000e+03 1.499000000000000000000000000000e+03 1.499000000000000000000000000000e+03 1.900000000000000000000000000000e+01
2.499000000000000000000000000000e+03 2.249000000000000000000000000000e+03 2.249000000000000000000000000000e+03 2.000000000000000000000000000000e+01
4.748000000000000000000000000000e+03 3.374000000000000000000000000000e+03 3.374000000000000000000000000000e+03 2.100000000000000000000000000000e+01
8.122000000000000000000000000000e+03 5.061500000000000000000000000000e+03 5.061500000000000000000000000000e+03 2.200000000000000000000000000000e+01
1.318350000000000000000000000000e+04 7.592750000000000000000000000000e+03 7.592750000000000000000000000000e+03 2.300000000000000000000000000000e+01
2.077625000000000000000000000000e+04 1.138962500000000000000000000000e+04 1.138962500000000000000000000000e+04 2.400000000000000000000000000000e+01
3.216587500000000000000000000000e+04 4.556150000000000000000000000000e+04 4.556150000000000000000000000000e+04 2.500000000000000000000000000000e+01
7.772737500000000000000000000000e+04 6.834275000000000000000000000000e+04 6.834275000000000000000000000000e+04 2.600000000000000000000000000000e+01
1.460701250000000000000000000000e+05 1.025146250000000000000000000000e+05 1.025146250000000000000000000000e+05 2.700000000000000000000000000000e+01
2.485847500000000000000000000000e+05 1.537724375000000000000000000000e+05 1.537724375000000000000000000000e+05 2.800000000000000000000000000000e+01
4.023571875000000000000000000000e+05 2.306591562500000000000000000000e+05 2.306591562500000000000000000000e+05 2.900000000000000000000000000000e+01
6.330163437500000000000000000000e+05 9.226396250000000000000000000000e+05 9.226396250000000000000000000000e+05 3.000000000000000000000000000000e+01
1.555655968750000000000000000000e+06 3.690561500000000000000000000000e+06 3.690561500000000000000000000000e+06 3.100000000000000000000000000000e+01
5.246217468750000000000000000000e+06 1.476224900000000000000000000000e+07 1.476224900000000000000000000000e+07 3.200000000000000000000000000000e+01
2.000846646875000000000000000000e+07 2.214337400000000000000000000000e+07 2.214337400000000000000000000000e+07 3.300000000000000000000000000000e+01
4.215184046875000000000000000000e+07 3.321506150000000000000000000000e+07 3.321506150000000000000000000000e+07 3.400000000000000000000000000000e+01
7.536690196875000000000000000000e+07 1.328602480000000000000000000000e+08 1.328602480000000000000000000000e+08 3.500000000000000000000000000000e+01
2.082271499687500000000000000000e+08 1.992903740000000000000000000000e+08 1.992903740000000000000000000000e+08 3.600000000000000000000000000000e+01
