0.000000000000000000000000000000e+00 1.000000000000000000000000000000e+03 1.000000000000000000000000000000e+03 0.000000000000000000000000000000e+00
9.990000000000000000000000000000e+02 4.000000000000000000000000000000e+03 4.000000000000000000000000000000e+03 1.000000000000000000000000000000e+00
4.998000000000000000000000000000e+03 1.600000000000000000000000000000e+04 1.600000000000000000000000000000e+04 2.000000000000000000000000000000e+00
2.099700000000000000000000000000e+04 2.400000000000000000000000000000e+04 2.400000000000000000000000000000e+04 3.000000000000000000000000000000e+00
4.499600000000000000000000000000e+04 9.600000000000000000000000000000e+04 9.600000000000000000000000000000e+04 4.000000000000000000000000000000e+00
1.409950000000000000000000000000e+05 1.440000000000000000000000000000e+05 1.440000000000000000000000000000e+05 5.000000000000000000000000000000e+00
2.849940000000000000000000000000e+05 5.760000000000000000000000000000e+05 5.760000000000000000000000000000e+05 6.000000000000000000000000000000e+00
8.609930000000000000000000000000e+05 2.304000000000000000000000000000e+06 2.304000000000000000000000000000e+06 7.000000000000000000000000000000e+00
3.164992000000000000000000000000e+06 9.216000000000000000000000000000e+06 9.216000000000000000000000000000e+06 8.000000000000000000000000000000e+00
1.238099100000000000000000000000e+07 3.686400000000000000000000000000e+07 3.686400000000000000000000000000e+07 9.000000000000000000000000000000e+00
4.924499000000000000000000000000e+07 1.474560000000000000000000000000e+08 1.474560000000000000000000000000e+08 1.000000000000000000000000000000e+01
1.967009890000000000000000000000e+08 5.898240000000000000000000000000e+08 5.898240000000000000000000000000e+08 1.100000000000000000000000000000e+01
7.865249880000000000000000000000e+08 2.359296000000000000000000000000e+09 2.359296000000000000000000000000e+09 1.200000000000000000000000000000e+01
3.145820987000000000000000000000e+09 9.437184000000000000000000000000e+09 9.437184000000000000000000000000e+09 1.300000000000000000000000000000e+01
1.258300498600000000000000000000e+10 1.415577600000000000000000000000e+10 1.415577600000000000000000000000e+10 1.400000000000000000000000000000e+01
2.673878098500000000000000000000e+10 5.662310400000000000000000000000e+10 5.662310400000000000000000000000e+10 1.500000000000000000000000000000e+01
8.336188498400000000000000000000e+10 2.264924160000000000000000000000e+11 2.264924160000000000000000000000e+11 1.600000000000000000000000000000e+01
3.098543009830000000000000000000e+11 3.397386240000000000000000000000e+11 3.397386240000000000000000000000e+11 1.700000000000000000000000000000e+01
1.000000000000000000000000000000e+00 9.990000000000000000000000000000e+02 9.990000000000000000000000000000e+02 1.800000000000000000000000000000e+01
1.000000000000000000000000000000e+03 3.999000000000000000000000000000e+03 3.999000000000000000000000000000e+03 1.900000000000000000000000000000e+01
4.999000000000000000000000000000e+03 1.599900000000000000000000000000e+04 1.599900000000000000000000000000e+04 2.000000000000000000000000000000e+01
2.099800000000000000000000000000e+04 2.399900000000000000000000000000e+04 2.399900000000000000000000000000e+04 2.100000000000000000000000000000e+01
4.499700000000000000000000000000e+04 9.599900000000000000000000000000e+04 9.599900000000000000000000000000e+04 2.200000000000000000000000000000e+01
1.409960000000000000000000000000e+05 1.439990000000000000000000000000e+05 1.439990000000000000000000000000e+05 2.300000000000000000000000000000e+01
2.849950000000000000000000000000e+05 5.759990000000000000000000000000e+05 5.759990000000000000000000000000e+05 2.400000000000000000000000000000e+01
8.609940000000000000000000000000e+05 2.303999000000000000000000000000e+06 2.303999000000000000000000000000e+06 2.500000000000000000000000000000e+01
3.164993000000000000000000000000e+06 9.215999000000000000000000000000e+06 9.215999000000000000000000000000e+06 2.600000000000000000000000000000e+01
1.238099200000000000000000000000e+07 3.686399900000000000000000000000e+07 3.686399900000000000000000000000e+07 2.700000000000000000000000000000e+01
4.924499100000000000000000000000e+07 1.474559990000000000000000000000e+08 1.474559990000000000000000000000e+08 2.800000000000000000000000000000e+01
1.967009900000000000000000000000e+08 5.898239990000000000000000000000e+08 5.898239990000000000000000000000e+08 2.900000000000000000000000000000e+01
7.865249890000000000000000000000e+08 2.359295999000000000000000000000e+09 2.359295999000000000000000000000e+09 3.000000000000000000000000000000e+01
3.145820988000000000000000000000e+09 9.437183999000000000000000000000e+09 9.437183999000000000000000000000e+09 3.100000000000000000000000000000e+01
1.258300498700000000000000000000e+10 1.415577599900000000000000000000e+10 1.415577599900000000000000000000e+10 3.200000000000000000000000000000e+01
2.673878098600000000000000000000e+10 5.662310399900000000000000000000e+10 5.662310399900000000000000000000e+10 3.300000000000000000000000000000e+01
8.336188498500000000000000000000e+10 2.264924159990000000000000000000e+11 2.264924159990000000000000000000e+11 3.400000000000000000000000000000e+01
3.098543009840000000000000000000e+11 3.397386239980000000000000000000e+11 3.397386239980000000000000000000e+11 3.500000000000000000000000000000e+01
6.495929249820000000000000000000e+11 1.358954495999000000000000000000e+12 1.358954495999000000000000000000e+12 3.600000000000000000000000000000e+01
