0.000000000000000000000000000000e+00 1.000000000000000000000000000000e+03 1.000000000000000000000000000000e+03 0.000000000000000000000000000000e+00
9.990000000000000000000000000000e+02 4.000000000000000000000000000000e+03 4.000000000000000000000000000000e+03 1.000000000000000000000000000000e+00
4.998000000000000000000000000000e+03 1.600000000000000000000000000000e+04 1.600000000000000000000000000000e+04 2.000000000000000000000000000000e+00
2.099700000000000000000000000000e+04 6.400000000000000000000000000000e+04 6.400000000000000000000000000000e+04 3.000000000000000000000000000000e+00
8.499600000000000000000000000000e+04 2.560000000000000000000000000000e+05 2.560000000000000000000000000000e+05 4.000000000000000000000000000000e+00
3.409950000000000000000000000000e+05 3.840000000000000000000000000000e+05 3.840000000000000000000000000000e+05 5.000000000000000000000000000000e+00
7.249940000000000000000000000000e+05 1.536000000000000000000000000000e+06 1.536000000000000000000000000000e+06 6.000000000000000000000000000000e+00
2.260993000000000000000000000000e+06 6.144000000000000000000000000000e+06 6.144000000000000000000000000000e+06 7.000000000000000000000000000000e+00
8.404992000000000000000000000000e+06 9.216000000000000000000000000000e+06 9.216000000000000000000000000000e+06 8.000000000000000000000000000000e+00
1.762099100000000000000000000000e+07 1.382400000000000000000000000000e+07 1.382400000000000000000000000000e+07 9.000000000000000000000000000000e+00
3.144499000000000000000000000000e+07 2.073600000000000000000000000000e+07 2.073600000000000000000000000000e+07 1.000000000000000000000000000000e+01
5.218098900000000000000000000000e+07 3.110400000000000000000000000000e+07 3.110400000000000000000000000000e+07 1.100000000000000000000000000000e+01
8.328498800000000000000000000000e+07 1.244160000000000000000000000000e+08 1.244160000000000000000000000000e+08 1.200000000000000000000000000000e+01
2.077009870000000000000000000000e+08 1.866240000000000000000000000000e+08 1.866240000000000000000000000000e+08 1.300000000000000000000000000000e+01
3.943249860000000000000000000000e+08 2.799360000000000000000000000000e+08 2.799360000000000000000000000000e+08 1.400000000000000000000000000000e+01
6.742609850000000000000000000000e+08 4.199040000000000000000000000000e+08 4.199040000000000000000000000000e+08 1.500000000000000000000000000000e+01
1.094164984000000000000000000000e+09 6.298560000000000000000000000000e+08 6.298560000000000000000000000000e+08 1.600000000000000000000000000000e+01
1.724020983000000000000000000000e+09 9.447840000000000000000000000000e+08 9.447840000000000000000000000000e+08 1.700000000000000000000000000000e+01
1.000000000000000000000000000000e+00 9.990000000000000000000000000000e+02 9.990000000000000000000000000000e+02 1.800000000000000000000000000000e+01
1.000000000000000000000000000000e+03 3.999000000000000000000000000000e+03 3.999000000000000000000000000000e+03 1.900000000000000000000000000000e+01
4.999000000000000000000000000000e+03 1.599900000000000000000000000000e+04 1.599900000000000000000000000000e+04 2.000000000000000000000000000000e+01
2.099800000000000000000000000000e+04 6.399900000000000000000000000000e+04 6.399900000000000000000000000000e+04 2.100000000000000000000000000000e+01
8.499700000000000000000000000000e+04 2.559990000000000000000000000000e+05 2.559990000000000000000000000000e+05 2.200000000000000000000000000000e+01
3.409960000000000000000000000000e+05 3.839990000000000000000000000000e+05 3.839990000000000000000000000000e+05 2.300000000000000000000000000000e+01
7.249950000000000000000000000000e+05 1.535999000000000000000000000000e+06 1.535999000000000000000000000000e+06 2.400000000000000000000000000000e+01
2.260994000000000000000000000000e+06 6.143999000000000000000000000000e+06 6.143999000000000000000000000000e+06 2.500000000000000000000000000000e+01
8.404993000000000000000000000000e+06 9.215999000000000000000000000000e+06 9.215999000000000000000000000000e+06 2.600000000000000000000000000000e+01
1.762099200000000000000000000000e+07 1.382399900000000000000000000000e+07 1.382399900000000000000000000000e+07 2.700000000000000000000000000000e+01
3.144499100000000000000000000000e+07 2.073599900000000000000000000000e+07 2.073599900000000000000000000000e+07 2.800000000000000000000000000000e+01
5.218099000000000000000000000000e+07 3.110399900000000000000000000000e+07 3.110399900000000000000000000000e+07 2.900000000000000000000000000000e+01
8.328498900000000000000000000000e+07 1.244159990000000000000000000000e+08 1.244159990000000000000000000000e+08 3.000000000000000000000000000000e+01
2.077009880000000000000000000000e+08 1.866239990000000000000000000000e+08 1.866239990000000000000000000000e+08 3.100000000000000000000000000000e+01
3.943249870000000000000000000000e+08 2.799359990000000000000000000000e+08 2.799359990000000000000000000000e+08 3.200000000000000000000000000000e+01
6.742609860000000000000000000000e+08 4.199039990000000000000000000000e+08 4.199039990000000000000000000000e+08 3.300000000000000000000000000000e+01
1.094164985000000000000000000000e+09 6.298559990000000000000000000000e+08 6.298559990000000000000000000000e+08 3.400000000000000000000000000000e+01
1.724020984000000000000000000000e+09 9.447839980000000000000000000000e+08 9.447839980000000000000000000000e+08 3.500000000000000000000000000000e+01
2.668804982000000000000000000000e+09 1.417175999000000000000000000000e+09 1.417175999000000000000000000000e+09 3.600000000000000000000000000000e+01
