0.000000000000000000000000000000e+00 1.000000000000000000000000000000e+03 1.000000000000000000000000000000e+03 0.000000000000000000000000000000e+00
9.990000000000000000000000000000e+02 1.500000000000000000000000000000e+03 1.500000000000000000000000000000e+03 1.000000000000000000000000000000e+00
2.498000000000000000000000000000e+03 2.250000000000000000000000000000e+03 2.250000000000000000000000000000e+03 2.000000000000000000000000000000e+00
4.747000000000000000000000000000e+03 9.000000000000000000000000000000e+03 9.000000000000000000000000000000e+03 3.000000000000000000000000000000e+00
1.374600000000000000000000000000e+04 1.350000000000000000000000000000e+04 1.350000000000000000000000000000e+04 4.000000000000000000000000000000e+00
2.724500000000000000000000000000e+04 2.025000000000000000000000000000e+04 2.025000000000000000000000000000e+04 5.000000000000000000000000000000e+00
4.749400000000000000000000000000e+04 3.037500000000000000000000000000e+04 3.037500000000000000000000000000e+04 6.000000000000000000000000000000e+00
7.786800000000000000000000000000e+04 1.215000000000000000000000000000e+05 1.215000000000000000000000000000e+05 7.000000000000000000000000000000e+00
1.993670000000000000000000000000e+05 1.822500000000000000000000000000e+05 1.822500000000000000000000000000e+05 8.000000000000000000000000000000e+00
3.816160000000000000000000000000e+05 7.290000000000000000000000000000e+05 7.290000000000000000000000000000e+05 9.000000000000000000000000000000e+00
1.110615000000000000000000000000e+06 1.093500000000000000000000000000e+06 1.093500000000000000000000000000e+06 1.000000000000000000000000000000e+01
2.204114000000000000000000000000e+06 1.640250000000000000000000000000e+06 1.640250000000000000000000000000e+06 1.100000000000000000000000000000e+01
3.844363000000000000000000000000e+06 6.561000000000000000000000000000e+06 6.561000000000000000000000000000e+06 1.200000000000000000000000000000e+01
1.040536200000000000000000000000e+07 9.841500000000000000000000000000e+06 9.841500000000000000000000000000e+06 1.300000000000000000000000000000e+01
2.024686100000000000000000000000e+07 1.476225000000000000000000000000e+07 1.476225000000000000000000000000e+07 1.400000000000000000000000000000e+01
3.500911000000000000000000000000e+07 2.214337500000000000000000000000e+07 2.214337500000000000000000000000e+07 1.500000000000000000000000000000e+01
5.715248400000000000000000000000e+07 8.857350000000000000000000000000e+07 8.857350000000000000000000000000e+07 1.600000000000000000000000000000e+01
1.457259830000000000000000000000e+08 1.328602500000000000000000000000e+08 1.328602500000000000000000000000e+08 1.700000000000000000000000000000e+01
1.000000000000000000000000000000e+00 9.990000000000000000000000000000e+02 9.990000000000000000000000000000e+02 1.800000000000000000000000000000e+01
1.000000000000000000000000000000e+03 1.499000000000000000000000000000e+03 1.499000000000000000000000000000e+03 1.900000000000000000000000000000e+01
2.499000000000000000000000000000e+03 2.249000000000000000000000000000e+03 2.249000000000000000000000000000e+03 2.000000000000000000000000000000e+01
4.748000000000000000000000000000e+03 8.999000000000000000000000000000e+03 8.999000000000000000000000000000e+03 2.100000000000000000000000000000e+01
1.374700000000000000000000000000e+04 1.349900000000000000000000000000e+04 1.349900000000000000000000000000e+04 2.200000000000000000000000000000e+01
2.724600000000000000000000000000e+04 2.024900000000000000000000000000e+04 2.024900000000000000000000000000e+04 2.300000000000000000000000000000e+01
4.749500000000000000000000000000e+04 3.037400000000000000000000000000e+04 3.037400000000000000000000000000e+04 2.400000000000000000000000000000e+01
7.786900000000000000000000000000e+04 1.214990000000000000000000000000e+05 1.214990000000000000000000000000e+05 2.500000000000000000000000000000e+01
1.993680000000000000000000000000e+05 1.822490000000000000000000000000e+05 1.822490000000000000000000000000e+05 2.600000000000000000000000000000e+01
3.816170000000000000000000000000e+05 7.289990000000000000000000000000e+05 7.289990000000000000000000000000e+05 2.700000000000000000000000000000e+01
1.110616000000000000000000000000e+06 1.093499000000000000000000000000e+06 1.093499000000000000000000000000e+06 2.800000000000000000000000000000e+01
2.204115000000000000000000000000e+06 1.640249000000000000000000000000e+06 1.640249000000000000000000000000e+06 2.900000000000000000000000000000e+01
3.844364000000000000000000000000e+06 6.560999000000000000000000000000e+06 6.560999000000000000000000000000e+06 3.000000000000000000000000000000e+01
1.040536300000000000000000000000e+07 9.841499000000000000000000000000e+06 9.841499000000000000000000000000e+06 3.100000000000000000000000000000e+01
2.024686200000000000000000000000e+07 1.476224900000000000000000000000e+07 1.476224900000000000000000000000e+07 3.200000000000000000000000000000e+01
3.500911100000000000000000000000e+07 2.214337400000000000000000000000e+07 2.214337400000000000000000000000e+07 3.300000000000000000000000000000e+01
5.715248500000000000000000000000e+07 8.857349900000000000000000000000e+07 8.857349900000000000000000000000e+07 3.400000000000000000000000000000e+01
1.457259840000000000000000000000e+08 1.328602480000000000000000000000e+08 1.328602480000000000000000000000e+08 3.500000000000000000000000000000e+01
2.785862320000000000000000000000e+08 5.314409990000000000000000000000e+08 5.314409990000000000000000000000e+08 3.600000000000000000000000000000e+01
