0.000000000000000000000000000000e+00 1.000000000000000000000000000000e+03 1.000000000000000000000000000000e+03 0.000000000000000000000000000000e+00
9.990000000000000000000000000000e+02 4.000000000000000000000000000000e+03 4.000000000000000000000000000000e+03 1.000000000000000000000000000000e+00
4.998000000000000000000000000000e+03 1.600000000000000000000000000000e+04 1.600000000000000000000000000000e+04 2.000000000000000000000000000000e+00
2.099700000000000000000000000000e+04 2.400000000000000000000000000000e+04 2.400000000000000000000000000000e+04 3.000000000000000000000000000000e+00
4.499600000000000000000000000000e+04 3.600000000000000000000000000000e+04 3.600000000000000000000000000000e+04 4.000000000000000000000000000000e+00
8.099500000000000000000000000000e+04 1.440000000000000000000000000000e+05 1.440000000000000000000000000000e+05 5.000000000000000000000000000000e+00
2.249940000000000000000000000000e+05 5.760000000000000000000000000000e+05 5.760000000000000000000000000000e+05 6.000000000000000000000000000000e+00
8.009930000000000000000000000000e+05 8.640000000000000000000000000000e+05 8.640000000000000000000000000000e+05 7.000000000000000000000000000000e+00
1.664992000000000000000000000000e+06 1.296000000000000000000000000000e+06 1.296000000000000000000000000000e+06 8.000000000000000000000000000000e+00
2.960991000000000000000000000000e+06 1.944000000000000000000000000000e+06 1.944000000000000000000000000000e+06 9.000000000000000000000000000000e+00
4.904990000000000000000000000000e+06 2.916000000000000000000000000000e+06 2.916000000000000000000000000000e+06 1.000000000000000000000000000000e+01
7.820989000000000000000000000000e+06 1.166400000000000000000000000000e+07 1.166400000000000000000000000000e+07 1.100000000000000000000000000000e+01
1.948498800000000000000000000000e+07 4.665600000000000000000000000000e+07 4.665600000000000000000000000000e+07 1.200000000000000000000000000000e+01
6.614098700000000000000000000000e+07 1.866240000000000000000000000000e+08 1.866240000000000000000000000000e+08 1.300000000000000000000000000000e+01
2.527649860000000000000000000000e+08 2.799360000000000000000000000000e+08 2.799360000000000000000000000000e+08 1.400000000000000000000000000000e+01
5.327009850000000000000000000000e+08 4.199040000000000000000000000000e+08 4.199040000000000000000000000000e+08 1.500000000000000000000000000000e+01
9.526049840000000000000000000000e+08 6.298560000000000000000000000000e+08 6.298560000000000000000000000000e+08 1.600000000000000000000000000000e+01
1.582460983000000000000000000000e+09 9.447840000000000000000000000000e+08 9.447840000000000000000000000000e+08 1.700000000000000000000000000000e+01
1.000000000000000000000000000000e+00 9.990000000000000000000000000000e+02 9.990000000000000000000000000000e+02 1.800000000000000000000000000000e+01
1.000000000000000000000000000000e+03 3.999000000000000000000000000000e+03 3.999000000000000000000000000000e+03 1.900000000000000000000000000000e+01
4.999000000000000000000000000000e+03 1.599900000000000000000000000000e+04 1.599900000000000000000000000000e+04 2.000000000000000000000000000000e+01
2.099800000000000000000000000000e+04 2.399900000000000000000000000000e+04 2.399900000000000000000000000000e+04 2.100000000000000000000000000000e+01
4.499700000000000000000000000000e+04 3.599900000000000000000000000000e+04 3.599900000000000000000000000000e+04 2.200000000000000000000000000000e+01
8.099600000000000000000000000000e+04 1.439990000000000000000000000000e+05 1.439990000000000000000000000000e+05 2.300000000000000000000000000000e+01
2.249950000000000000000000000000e+05 5.759990000000000000000000000000e+05 5.759990000000000000000000000000e+05 2.400000000000000000000000000000e+01
8.009940000000000000000000000000e+05 8.639990000000000000000000000000e+05 8.639990000000000000000000000000e+05 2.500000000000000000000000000000e+01
1.664993000000000000000000000000e+06 1.295999000000000000000000000000e+06 1.295999000000000000000000000000e+06 2.600000000000000000000000000000e+01
2.960992000000000000000000000000e+06 1.943999000000000000000000000000e+06 1.943999000000000000000000000000e+06 2.700000000000000000000000000000e+01
4.904991000000000000000000000000e+06 2.915999000000000000000000000000e+06 2.915999000000000000000000000000e+06 2.800000000000000000000000000000e+01
7.820990000000000000000000000000e+06 1.166399900000000000000000000000e+07 1.166399900000000000000000000000e+07 2.900000000000000000000000000000e+01
1.948498900000000000000000000000e+07 4.665599900000000000000000000000e+07 4.665599900000000000000000000000e+07 3.000000000000000000000000000000e+01
6.614098800000000000000000000000e+07 1.866239990000000000000000000000e+08 1.866239990000000000000000000000e+08 3.100000000000000000000000000000e+01
2.527649870000000000000000000000e+08 2.799359990000000000000000000000e+08 2.799359990000000000000000000000e+08 3.200000000000000000000000000000e+01
5.327009860000000000000000000000e+08 4.199039990000000000000000000000e+08 4.199039990000000000000000000000e+08 3.300000000000000000000000000000e+01
9.526049850000000000000000000000e+08 6.298559990000000000000000000000e+08 6.298559990000000000000000000000e+08 3.400000000000000000000000000000e+01
1.582460984000000000000000000000e+09 9.447839980000000000000000000000e+08 9.447839980000000000000000000000e+08 3.500000000000000000000000000000e+01
2.527244982000000000000000000000e+09 3.779135999000000000000000000000e+09 3.779135999000000000000000000000e+09 3.600000000000000000000000000000e+01
