0.000000000000000000000000000000e+00 1.000000000000000000000000000000e+03 1.000000000000000000000000000000e+03 0.000000000000000000000000000000e+00
9.990000000000000000000000000000e+02 1.500000000000000000000000000000e+03 1.500000000000000000000000000000e+03 1.000000000000000000000000000000e+00
2.498000000000000000000000000000e+03 6.000000000000000000000000000000e+03 6.000000000000000000000000000000e+03 2.000000000000000000000000000000e+00
8.497000000000000000000000000000e+03 9.000000000000000000000000000000e+03 9.000000000000000000000000000000e+03 3.000000000000000000000000000000e+00
1.749600000000000000000000000000e+04 3.600000000000000000000000000000e+04 3.600000000000000000000000000000e+04 4.000000000000000000000000000000e+00
5.349500000000000000000000000000e+04 1.440000000000000000000000000000e+05 1.440000000000000000000000000000e+05 5.000000000000000000000000000000e+00
1.974940000000000000000000000000e+05 5.760000000000000000000000000000e+05 5.760000000000000000000000000000e+05 6.000000000000000000000000000000e+00
7.734930000000000000000000000000e+05 2.304000000000000000000000000000e+06 2.304000000000000000000000000000e+06 7.000000000000000000000000000000e+00
3.077492000000000000000000000000e+06 9.216000000000000000000000000000e+06 9.216000000000000000000000000000e+06 8.000000000000000000000000000000e+00
1.229349100000000000000000000000e+07 3.686400000000000000000000000000e+07 3.686400000000000000000000000000e+07 9.000000000000000000000000000000e+00
4.915749000000000000000000000000e+07 1.474560000000000000000000000000e+08 1.474560000000000000000000000000e+08 1.000000000000000000000000000000e+01
1.966134890000000000000000000000e+08 5.898240000000000000000000000000e+08 5.898240000000000000000000000000e+08 1.100000000000000000000000000000e+01
7.864374880000000000000000000000e+08 2.359296000000000000000000000000e+09 2.359296000000000000000000000000e+09 1.200000000000000000000000000000e+01
3.145733487000000000000000000000e+09 3.538944000000000000000000000000e+09 3.538944000000000000000000000000e+09 1.300000000000000000000000000000e+01
6.684677486000000000000000000000e+09 1.415577600000000000000000000000e+10 1.415577600000000000000000000000e+10 1.400000000000000000000000000000e+01
2.084045348500000000000000000000e+10 5.662310400000000000000000000000e+10 5.662310400000000000000000000000e+10 1.500000000000000000000000000000e+01
7.746355748400000000000000000000e+10 2.264924160000000000000000000000e+11 2.264924160000000000000000000000e+11 1.600000000000000000000000000000e+01
3.039559734830000000000000000000e+11 3.397386240000000000000000000000e+11 3.397386240000000000000000000000e+11 1.700000000000000000000000000000e+01
1.000000000000000000000000000000e+00 9.990000000000000000000000000000e+02 9.990000000000000000000000000000e+02 1.800000000000000000000000000000e+01
1.000000000000000000000000000000e+03 1.499000000000000000000000000000e+03 1.499000000000000000000000000000e+03 1.900000000000000000000000000000e+01
2.499000000000000000000000000000e+03 5.999000000000000000000000000000e+03 5.999000000000000000000000000000e+03 2.000000000000000000000000000000e+01
8.498000000000000000000000000000e+03 8.999000000000000000000000000000e+03 8.999000000000000000000000000000e+03 2.100000000000000000000000000000e+01
1.749700000000000000000000000000e+04 3.599900000000000000000000000000e+04 3.599900000000000000000000000000e+04 2.200000000000000000000000000000e+01
5.349600000000000000000000000000e+04 1.439990000000000000000000000000e+05 1.439990000000000000000000000000e+05 2.300000000000000000000000000000e+01
1.974950000000000000000000000000e+05 5.759990000000000000000000000000e+05 5.759990000000000000000000000000e+05 2.400000000000000000000000000000e+01
7.734940000000000000000000000000e+05 2.303999000000000000000000000000e+06 2.303999000000000000000000000000e+06 2.500000000000000000000000000000e+01
3.077493000000000000000000000000e+06 9.215999000000000000000000000000e+06 9.215999000000000000000000000000e+06 2.600000000000000000000000000000e+01
1.229349200000000000000000000000e+07 3.686399900000000000000000000000e+07 3.686399900000000000000000000000e+07 2.700000000000000000000000000000e+01
4.915749100000000000000000000000e+07 1.474559990000000000000000000000e+08 1.474559990000000000000000000000e+08 2.800000000000000000000000000000e+01
1.966134900000000000000000000000e+08 5.898239990000000000000000000000e+08 5.898239990000000000000000000000e+08 2.900000000000000000000000000000e+01
7.864374890000000000000000000000e+08 2.359295999000000000000000000000e+09 2.359295999000000000000000000000e+09 3.000000000000000000000000000000e+01
3.145733488000000000000000000000e+09 3.538943999000000000000000000000e+09 3.538943999000000000000000000000e+09 3.100000000000000000000000000000e+01
6.684677487000000000000000000000e+09 1.415577599900000000000000000000e+10 1.415577599900000000000000000000e+10 3.200000000000000000000000000000e+01
2.084045348600000000000000000000e+10 5.662310399900000000000000000000e+10 5.662310399900000000000000000000e+10 3.300000000000000000000000000000e+01
7.746355748500000000000000000000e+10 2.264924159990000000000000000000e+11 2.264924159990000000000000000000e+11 3.400000000000000000000000000000e+01
3.039559734840000000000000000000e+11 3.397386239980000000000000000000e+11 3.397386239980000000000000000000e+11 3.500000000000000000000000000000e+01
6.436945974820000000000000000000e+11 1.358954495999000000000000000000e+12 1.358954495999000000000000000000e+12 3.600000000000000000000000000000e+01
