0.000000000000000000000000000000e+00 1.000000000000000000000000000000e+03 1.000000000000000000000000000000e+03 0.000000000000000000000000000000e+00
9.990000000000000000000000000000e+02 4.000000000000000000000000000000e+03 4.000000000000000000000000000000e+03 1.000000000000000000000000000000e+00
4.998000000000000000000000000000e+03 1.600000000000000000000000000000e+04 1.600000000000000000000000000000e+04 2.000000000000000000000000000000e+00
2.099700000000000000000000000000e+04 6.400000000000000000000000000000e+04 6.400000000000000000000000000000e+04 3.000000000000000000000000000000e+00
8.499600000000000000000000000000e+04 2.560000000000000000000000000000e+05 2.560000000000000000000000000000e+05 4.000000000000000000000000000000e+00
3.409950000000000000000000000000e+05 1.024000000000000000000000000000e+06 1.024000000000000000000000000000e+06 5.000000000000000000000000000000e+00
1.364994000000000000000000000000e+06 1.536000000000000000000000000000e+06 1.536000000000000000000000000000e+06 6.000000000000000000000000000000e+00
2.900993000000000000000000000000e+06 2.304000000000000000000000000000e+06 2.304000000000000000000000000000e+06 7.000000000000000000000000000000e+00
5.204992000000000000000000000000e+06 3.456000000000000000000000000000e+06 3.456000000000000000000000000000e+06 8.000000000000000000000000000000e+00
8.660991000000000000000000000000e+06 5.184000000000000000000000000000e+06 5.184000000000000000000000000000e+06 9.000000000000000000000000000000e+00
1.384499000000000000000000000000e+07 2.073600000000000000000000000000e+07 2.073600000000000000000000000000e+07 1.000000000000000000000000000000e+01
3.458098900000000000000000000000e+07 3.110400000000000000000000000000e+07 3.110400000000000000000000000000e+07 1.100000000000000000000000000000e+01
6.568498800000000000000000000000e+07 1.244160000000000000000000000000e+08 1.244160000000000000000000000000e+08 1.200000000000000000000000000000e+01
1.901009870000000000000000000000e+08 4.976640000000000000000000000000e+08 4.976640000000000000000000000000e+08 1.300000000000000000000000000000e+01
6.877649860000000000000000000000e+08 1.990656000000000000000000000000e+09 1.990656000000000000000000000000e+09 1.400000000000000000000000000000e+01
2.678420985000000000000000000000e+09 2.985984000000000000000000000000e+09 2.985984000000000000000000000000e+09 1.500000000000000000000000000000e+01
5.664404984000000000000000000000e+09 4.478976000000000000000000000000e+09 4.478976000000000000000000000000e+09 1.600000000000000000000000000000e+01
1.014338098300000000000000000000e+10 6.718464000000000000000000000000e+09 6.718464000000000000000000000000e+09 1.700000000000000000000000000000e+01
1.000000000000000000000000000000e+00 9.990000000000000000000000000000e+02 9.990000000000000000000000000000e+02 1.800000000000000000000000000000e+01
1.000000000000000000000000000000e+03 3.999000000000000000000000000000e+03 3.999000000000000000000000000000e+03 1.900000000000000000000000000000e+01
4.999000000000000000000000000000e+03 1.599900000000000000000000000000e+04 1.599900000000000000000000000000e+04 2.000000000000000000000000000000e+01
2.099800000000000000000000000000e+04 6.399900000000000000000000000000e+04 6.399900000000000000000000000000e+04 2.100000000000000000000000000000e+01
8.499700000000000000000000000000e+04 2.559990000000000000000000000000e+05 2.559990000000000000000000000000e+05 2.200000000000000000000000000000e+01
3.409960000000000000000000000000e+05 1.023999000000000000000000000000e+06 1.023999000000000000000000000000e+06 2.300000000000000000000000000000e+01
1.364995000000000000000000000000e+06 1.535999000000000000000000000000e+06 1.535999000000000000000000000000e+06 2.400000000000000000000000000000e+01
2.900994000000000000000000000000e+06 2.303999000000000000000000000000e+06 2.303999000000000000000000000000e+06 2.500000000000000000000000000000e+01
5.204993000000000000000000000000e+06 3.455999000000000000000000000000e+06 3.455999000000000000000000000000e+06 2.600000000000000000000000000000e+01
8.660992000000000000000000000000e+06 5.183999000000000000000000000000e+06 5.183999000000000000000000000000e+06 2.700000000000000000000000000000e+01
1.384499100000000000000000000000e+07 2.073599900000000000000000000000e+07 2.073599900000000000000000000000e+07 2.800000000000000000000000000000e+01
3.458099000000000000000000000000e+07 3.110399900000000000000000000000e+07 3.110399900000000000000000000000e+07 2.900000000000000000000000000000e+01
6.568498900000000000000000000000e+07 1.244159990000000000000000000000e+08 1.244159990000000000000000000000e+08 3.000000000000000000000000000000e+01
1.901009880000000000000000000000e+08 4.976639990000000000000000000000e+08 4.976639990000000000000000000000e+08 3.100000000000000000000000000000e+01
6.877649870000000000000000000000e+08 1.990655999000000000000000000000e+09 1.990655999000000000000000000000e+09 3.200000000000000000000000000000e+01
2.678420986000000000000000000000e+09 2.985983999000000000000000000000e+09 2.985983999000000000000000000000e+09 3.300000000000000000000000000000e+01
5.664404985000000000000000000000e+09 4.478975999000000000000000000000e+09 4.478975999000000000000000000000e+09 3.400000000000000000000000000000e+01
1.014338098400000000000000000000e+10 6.718463998000000000000000000000e+09 6.718463998000000000000000000000e+09 3.500000000000000000000000000000e+01
1.686184498200000000000000000000e+10 1.007769599900000000000000000000e+10 1.007769599900000000000000000000e+10 3.600000000000000000000000000000e+01
