0.000000000000000000000000000000e+00 1.000000000000000000000000000000e+03 1.000000000000000000000000000000e+03 0.000000000000000000000000000000e+00
9.990000000000000000000000000000e+02 4.000000000000000000000000000000e+03 4.000000000000000000000000000000e+03 1.000000000000000000000000000000e+00
4.998000000000000000000000000000e+03 6.000000000000000000000000000000e+03 6.000000000000000000000000000000e+03 2.000000000000000000000000000000e+00
1.099700000000000000000000000000e+04 2.400000000000000000000000000000e+04 2.400000000000000000000000000000e+04 3.000000000000000000000000000000e+00
3.499600000000000000000000000000e+04 9.600000000000000000000000000000e+04 9.600000000000000000000000000000e+04 4.000000000000000000000000000000e+00
1.309950000000000000000000000000e+05 1.440000000000000000000000000000e+05 1.440000000000000000000000000000e+05 5.000000000000000000000000000000e+00
2.749940000000000000000000000000e+05 2.160000000000000000000000000000e+05 2.160000000000000000000000000000e+05 6.000000000000000000000000000000e+00
4.909930000000000000000000000000e+05 8.640000000000000000000000000000e+05 8.640000000000000000000000000000e+05 7.000000000000000000000000000000e+00
1.354992000000000000000000000000e+06 1.296000000000000000000000000000e+06 1.296000000000000000000000000000e+06 8.000000000000000000000000000000e+00
2.650991000000000000000000000000e+06 1.944000000000000000000000000000e+06 1.944000000000000000000000000000e+06 9.000000000000000000000000000000e+00
4.594990000000000000000000000000e+06 7.776000000000000000000000000000e+06 7.776000000000000000000000000000e+06 1.000000000000000000000000000000e+01
1.237098900000000000000000000000e+07 3.110400000000000000000000000000e+07 3.110400000000000000000000000000e+07 1.100000000000000000000000000000e+01
4.347498800000000000000000000000e+07 4.665600000000000000000000000000e+07 4.665600000000000000000000000000e+07 1.200000000000000000000000000000e+01
9.013098700000000000000000000000e+07 1.866240000000000000000000000000e+08 1.866240000000000000000000000000e+08 1.300000000000000000000000000000e+01
2.767549860000000000000000000000e+08 7.464960000000000000000000000000e+08 7.464960000000000000000000000000e+08 1.400000000000000000000000000000e+01
1.023250985000000000000000000000e+09 1.119744000000000000000000000000e+09 1.119744000000000000000000000000e+09 1.500000000000000000000000000000e+01
2.142994984000000000000000000000e+09 1.679616000000000000000000000000e+09 1.679616000000000000000000000000e+09 1.600000000000000000000000000000e+01
3.822610983000000000000000000000e+09 2.519424000000000000000000000000e+09 2.519424000000000000000000000000e+09 1.700000000000000000000000000000e+01
1.000000000000000000000000000000e+00 9.990000000000000000000000000000e+02 9.990000000000000000000000000000e+02 1.800000000000000000000000000000e+01
1.000000000000000000000000000000e+03 3.999000000000000000000000000000e+03 3.999000000000000000000000000000e+03 1.900000000000000000000000000000e+01
4.999000000000000000000000000000e+03 5.999000000000000000000000000000e+03 5.999000000000000000000000000000e+03 2.000000000000000000000000000000e+01
1.099800000000000000000000000000e+04 2.399900000000000000000000000000e+04 2.399900000000000000000000000000e+04 2.100000000000000000000000000000e+01
3.499700000000000000000000000000e+04 9.599900000000000000000000000000e+04 9.599900000000000000000000000000e+04 2.200000000000000000000000000000e+01
1.309960000000000000000000000000e+05 1.439990000000000000000000000000e+05 1.439990000000000000000000000000e+05 2.300000000000000000000000000000e+01
2.749950000000000000000000000000e+05 2.159990000000000000000000000000e+05 2.159990000000000000000000000000e+05 2.400000000000000000000000000000e+01
4.909940000000000000000000000000e+05 8.639990000000000000000000000000e+05 8.639990000000000000000000000000e+05 2.500000000000000000000000000000e+01
1.354993000000000000000000000000e+06 1.295999000000000000000000000000e+06 1.295999000000000000000000000000e+06 2.600000000000000000000000000000e+01
2.650992000000000000000000000000e+06 1.943999000000000000000000000000e+06 1.943999000000000000000000000000e+06 2.700000000000000000000000000000e+01
4.594991000000000000000000000000e+06 7.775999000000000000000000000000e+06 7.775999000000000000000000000000e+06 2.800000000000000000000000000000e+01
1.237099000000000000000000000000e+07 3.110399900000000000000000000000e+07 3.110399900000000000000000000000e+07 2.900000000000000000000000000000e+01
4.347498900000000000000000000000e+07 4.665599900000000000000000000000e+07 4.665599900000000000000000000000e+07 3.000000000000000000000000000000e+01
9.013098800000000000000000000000e+07 1.866239990000000000000000000000e+08 1.866239990000000000000000000000e+08 3.100000000000000000000000000000e+01
2.767549870000000000000000000000e+08 7.464959990000000000000000000000e+08 7.464959990000000000000000000000e+08 3.200000000000000000000000000000e+01
1.023250986000000000000000000000e+09 1.119743999000000000000000000000e+09 1.119743999000000000000000000000e+09 3.300000000000000000000000000000e+01
2.142994985000000000000000000000e+09 1.679615999000000000000000000000e+09 1.679615999000000000000000000000e+09 3.400000000000000000000000000000e+01
3.822610984000000000000000000000e+09 2.519423998000000000000000000000e+09 2.519423998000000000000000000000e+09 3.500000000000000000000000000000e+01
6.342034982000000000000000000000e+09 1.007769599900000000000000000000e+10 1.007769599900000000000000000000e+10 3.600000000000000000000000000000e+01
