0.000000000000000000000000000000e+00 1.000000000000000000000000000000e+03 1.000000000000000000000000000000e+03 0.000000000000000000000000000000e+00
9.990000000000000000000000000000e+02 1.500000000000000000000000000000e+03 1.500000000000000000000000000000e+03 1.000000000000000000000000000000e+00
2.498000000000000000000000000000e+03 6.000000000000000000000000000000e+03 6.000000000000000000000000000000e+03 2.000000000000000000000000000000e+00
8.497000000000000000000000000000e+03 9.000000000000000000000000000000e+03 9.000000000000000000000000000000e+03 3.000000000000000000000000000000e+00
1.749600000000000000000000000000e+04 3.600000000000000000000000000000e+04 3.600000000000000000000000000000e+04 4.000000000000000000000000000000e+00
5.349500000000000000000000000000e+04 5.400000000000000000000000000000e+04 5.400000000000000000000000000000e+04 5.000000000000000000000000000000e+00
1.074940000000000000000000000000e+05 2.160000000000000000000000000000e+05 2.160000000000000000000000000000e+05 6.000000000000000000000000000000e+00
3.234930000000000000000000000000e+05 3.240000000000000000000000000000e+05 3.240000000000000000000000000000e+05 7.000000000000000000000000000000e+00
6.474920000000000000000000000000e+05 4.860000000000000000000000000000e+05 4.860000000000000000000000000000e+05 8.000000000000000000000000000000e+00
1.133491000000000000000000000000e+06 1.944000000000000000000000000000e+06 1.944000000000000000000000000000e+06 9.000000000000000000000000000000e+00
3.077490000000000000000000000000e+06 2.916000000000000000000000000000e+06 2.916000000000000000000000000000e+06 1.000000000000000000000000000000e+01
5.993489000000000000000000000000e+06 4.374000000000000000000000000000e+06 4.374000000000000000000000000000e+06 1.100000000000000000000000000000e+01
1.036748800000000000000000000000e+07 1.749600000000000000000000000000e+07 1.749600000000000000000000000000e+07 1.200000000000000000000000000000e+01
2.786348700000000000000000000000e+07 2.624400000000000000000000000000e+07 2.624400000000000000000000000000e+07 1.300000000000000000000000000000e+01
5.410748600000000000000000000000e+07 3.936600000000000000000000000000e+07 3.936600000000000000000000000000e+07 1.400000000000000000000000000000e+01
9.347348500000000000000000000000e+07 1.574640000000000000000000000000e+08 1.574640000000000000000000000000e+08 1.500000000000000000000000000000e+01
2.509374840000000000000000000000e+08 2.361960000000000000000000000000e+08 2.361960000000000000000000000000e+08 1.600000000000000000000000000000e+01
4.871334830000000000000000000000e+08 3.542940000000000000000000000000e+08 3.542940000000000000000000000000e+08 1.700000000000000000000000000000e+01
1.000000000000000000000000000000e+00 9.990000000000000000000000000000e+02 9.990000000000000000000000000000e+02 1.800000000000000000000000000000e+01
1.000000000000000000000000000000e+03 1.499000000000000000000000000000e+03 1.499000000000000000000000000000e+03 1.900000000000000000000000000000e+01
2.499000000000000000000000000000e+03 5.999000000000000000000000000000e+03 5.999000000000000000000000000000e+03 2.000000000000000000000000000000e+01
8.498000000000000000000000000000e+03 8.999000000000000000000000000000e+03 8.999000000000000000000000000000e+03 2.100000000000000000000000000000e+01
1.749700000000000000000000000000e+04 3.599900000000000000000000000000e+04 3.599900000000000000000000000000e+04 2.200000000000000000000000000000e+01
5.349600000000000000000000000000e+04 5.399900000000000000000000000000e+04 5.399900000000000000000000000000e+04 2.300000000000000000000000000000e+01
1.074950000000000000000000000000e+05 2.159990000000000000000000000000e+05 2.159990000000000000000000000000e+05 2.400000000000000000000000000000e+01
3.234940000000000000000000000000e+05 3.239990000000000000000000000000e+05 3.239990000000000000000000000000e+05 2.500000000000000000000000000000e+01
6.474930000000000000000000000000e+05 4.859990000000000000000000000000e+05 4.859990000000000000000000000000e+05 2.600000000000000000000000000000e+01
1.133492000000000000000000000000e+06 1.943999000000000000000000000000e+06 1.943999000000000000000000000000e+06 2.700000000000000000000000000000e+01
3.077491000000000000000000000000e+06 2.915999000000000000000000000000e+06 2.915999000000000000000000000000e+06 2.800000000000000000000000000000e+01
5.993490000000000000000000000000e+06 4.373999000000000000000000000000e+06 4.373999000000000000000000000000e+06 2.900000000000000000000000000000e+01
1.036748900000000000000000000000e+07 1.749599900000000000000000000000e+07 1.749599900000000000000000000000e+07 3.000000000000000000000000000000e+01
2.786348800000000000000000000000e+07 2.624399900000000000000000000000e+07 2.624399900000000000000000000000e+07 3.100000000000000000000000000000e+01
5.410748700000000000000000000000e+07 3.936599900000000000000000000000e+07 3.936599900000000000000000000000e+07 3.200000000000000000000000000000e+01
9.347348600000000000000000000000e+07 1.574639990000000000000000000000e+08 1.574639990000000000000000000000e+08 3.300000000000000000000000000000e+01
2.509374850000000000000000000000e+08 2.361959990000000000000000000000e+08 2.361959990000000000000000000000e+08 3.400000000000000000000000000000e+01
4.871334840000000000000000000000e+08 3.542939980000000000000000000000e+08 3.542939980000000000000000000000e+08 3.500000000000000000000000000000e+01
8.414274820000000000000000000000e+08 5.314409990000000000000000000000e+08 5.314409990000000000000000000000e+08 3.600000000000000000000000000000e+01
