0.000000000000000000000000000000e+00 1.000000000000000000000000000000e+03 1.000000000000000000000000000000e+03 0.000000000000000000000000000000e+00
9.990000000000000000000000000000e+02 4.000000000000000000000000000000e+03 4.000000000000000000000000000000e+03 1.000000000000000000000000000000e+00
4.998000000000000000000000000000e+03 1.600000000000000000000000000000e+04 1.600000000000000000000000000000e+04 2.000000000000000000000000000000e+00
2.099700000000000000000000000000e+04 2.400000000000000000000000000000e+04 2.400000000000000000000000000000e+04 3.000000000000000000000000000000e+00
4.499600000000000000000000000000e+04 3.600000000000000000000000000000e+04 3.600000000000000000000000000000e+04 4.000000000000000000000000000000e+00
8.099500000000000000000000000000e+04 5.400000000000000000000000000000e+04 5.400000000000000000000000000000e+04 5.000000000000000000000000000000e+00
1.349940000000000000000000000000e+05 2.160000000000000000000000000000e+05 2.160000000000000000000000000000e+05 6.000000000000000000000000000000e+00
3.509930000000000000000000000000e+05 3.240000000000000000000000000000e+05 3.240000000000000000000000000000e+05 7.000000000000000000000000000000e+00
6.749920000000000000000000000000e+05 4.860000000000000000000000000000e+05 4.860000000000000000000000000000e+05 8.000000000000000000000000000000e+00
1.160991000000000000000000000000e+06 7.290000000000000000000000000000e+05 7.290000000000000000000000000000e+05 9.000000000000000000000000000000e+00
1.889990000000000000000000000000e+06 1.093500000000000000000000000000e+06 1.093500000000000000000000000000e+06 1.000000000000000000000000000000e+01
2.983489000000000000000000000000e+06 4.374000000000000000000000000000e+06 4.374000000000000000000000000000e+06 1.100000000000000000000000000000e+01
7.357488000000000000000000000000e+06 1.749600000000000000000000000000e+07 1.749600000000000000000000000000e+07 1.200000000000000000000000000000e+01
2.485348700000000000000000000000e+07 2.624400000000000000000000000000e+07 2.624400000000000000000000000000e+07 1.300000000000000000000000000000e+01
5.109748600000000000000000000000e+07 3.936600000000000000000000000000e+07 3.936600000000000000000000000000e+07 1.400000000000000000000000000000e+01
9.046348500000000000000000000000e+07 1.574640000000000000000000000000e+08 1.574640000000000000000000000000e+08 1.500000000000000000000000000000e+01
2.479274840000000000000000000000e+08 6.298560000000000000000000000000e+08 6.298560000000000000000000000000e+08 1.600000000000000000000000000000e+01
8.777834830000000000000000000000e+08 2.519424000000000000000000000000e+09 2.519424000000000000000000000000e+09 1.700000000000000000000000000000e+01
1.000000000000000000000000000000e+00 9.990000000000000000000000000000e+02 9.990000000000000000000000000000e+02 1.800000000000000000000000000000e+01
1.000000000000000000000000000000e+03 3.999000000000000000000000000000e+03 3.999000000000000000000000000000e+03 1.900000000000000000000000000000e+01
4.999000000000000000000000000000e+03 1.599900000000000000000000000000e+04 1.599900000000000000000000000000e+04 2.000000000000000000000000000000e+01
2.099800000000000000000000000000e+04 2.399900000000000000000000000000e+04 2.399900000000000000000000000000e+04 2.100000000000000000000000000000e+01
4.499700000000000000000000000000e+04 3.599900000000000000000000000000e+04 3.599900000000000000000000000000e+04 2.200000000000000000000000000000e+01
8.099600000000000000000000000000e+04 5.399900000000000000000000000000e+04 5.399900000000000000000000000000e+04 2.300000000000000000000000000000e+01
1.349950000000000000000000000000e+05 2.159990000000000000000000000000e+05 2.159990000000000000000000000000e+05 2.400000000000000000000000000000e+01
3.509940000000000000000000000000e+05 3.239990000000000000000000000000e+05 3.239990000000000000000000000000e+05 2.500000000000000000000000000000e+01
6.749930000000000000000000000000e+05 4.859990000000000000000000000000e+05 4.859990000000000000000000000000e+05 2.600000000000000000000000000000e+01
1.160992000000000000000000000000e+06 7.289990000000000000000000000000e+05 7.289990000000000000000000000000e+05 2.700000000000000000000000000000e+01
1.889991000000000000000000000000e+06 1.093499000000000000000000000000e+06 1.093499000000000000000000000000e+06 2.800000000000000000000000000000e+01
2.983490000000000000000000000000e+06 4.373999000000000000000000000000e+06 4.373999000000000000000000000000e+06 2.900000000000000000000000000000e+01
7.357489000000000000000000000000e+06 1.749599900000000000000000000000e+07 1.749599900000000000000000000000e+07 3.000000000000000000000000000000e+01
2.485348800000000000000000000000e+07 2.624399900000000000000000000000e+07 2.624399900000000000000000000000e+07 3.100000000000000000000000000000e+01
5.109748700000000000000000000000e+07 3.936599900000000000000000000000e+07 3.936599900000000000000000000000e+07 3.200000000000000000000000000000e+01
9.046348600000000000000000000000e+07 1.574639990000000000000000000000e+08 1.574639990000000000000000000000e+08 3.300000000000000000000000000000e+01
2.479274850000000000000000000000e+08 6.298559990000000000000000000000e+08 6.298559990000000000000000000000e+08 3.400000000000000000000000000000e+01
8.777834840000000000000000000000e+08 2.519423998000000000000000000000e+09 2.519423998000000000000000000000e+09 3.500000000000000000000000000000e+01
3.397207482000000000000000000000e+09 1.007769599900000000000000000000e+10 1.007769599900000000000000000000e+10 3.600000000000000000000000000000e+01
