0.000000000000000000000000000000e+00 1.000000000000000000000000000000e+03 1.000000000000000000000000000000e+03 0.000000000000000000000000000000e+00
9.990000000000000000000000000000e+02 1.500000000000000000000000000000e+03 1.500000000000000000000000000000e+03 1.000000000000000000000000000000e+00
2.498000000000000000000000000000e+03 2.250000000000000000000000000000e+03 2.250000000000000000000000000000e+03 2.000000000000000000000000000000e+00
4.747000000000000000000000000000e+03 3.375000000000000000000000000000e+03 3.375000000000000000000000000000e+03 3.000000000000000000000000000000e+00
8.121000000000000000000000000000e+03 5.062500000000000000000000000000e+03 5.062500000000000000000000000000e+03 4.000000000000000000000000000000e+00
1.318250000000000000000000000000e+04 2.025000000000000000000000000000e+04 2.025000000000000000000000000000e+04 5.000000000000000000000000000000e+00
3.343150000000000000000000000000e+04 3.037500000000000000000000000000e+04 3.037500000000000000000000000000e+04 6.000000000000000000000000000000e+00
6.380550000000000000000000000000e+04 1.215000000000000000000000000000e+05 1.215000000000000000000000000000e+05 7.000000000000000000000000000000e+00
1.853045000000000000000000000000e+05 1.822500000000000000000000000000e+05 1.822500000000000000000000000000e+05 8.000000000000000000000000000000e+00
3.675535000000000000000000000000e+05 2.733750000000000000000000000000e+05 2.733750000000000000000000000000e+05 9.000000000000000000000000000000e+00
6.409275000000000000000000000000e+05 4.100625000000000000000000000000e+05 4.100625000000000000000000000000e+05 1.000000000000000000000000000000e+01
1.050989000000000000000000000000e+06 1.640250000000000000000000000000e+06 1.640250000000000000000000000000e+06 1.100000000000000000000000000000e+01
2.691238000000000000000000000000e+06 2.460375000000000000000000000000e+06 2.460375000000000000000000000000e+06 1.200000000000000000000000000000e+01
5.151612000000000000000000000000e+06 3.690562500000000000000000000000e+06 3.690562500000000000000000000000e+06 1.300000000000000000000000000000e+01
8.842173500000000000000000000000e+06 1.476225000000000000000000000000e+07 1.476225000000000000000000000000e+07 1.400000000000000000000000000000e+01
2.360442250000000000000000000000e+07 5.904900000000000000000000000000e+07 5.904900000000000000000000000000e+07 1.500000000000000000000000000000e+01
8.265342150000000000000000000000e+07 8.857350000000000000000000000000e+07 8.857350000000000000000000000000e+07 1.600000000000000000000000000000e+01
1.712269205000000000000000000000e+08 1.328602500000000000000000000000e+08 1.328602500000000000000000000000e+08 1.700000000000000000000000000000e+01
1.000000000000000000000000000000e+00 9.990000000000000000000000000000e+02 9.990000000000000000000000000000e+02 1.800000000000000000000000000000e+01
1.000000000000000000000000000000e+03 1.499000000000000000000000000000e+03 1.499000000000000000000000000000e+03 1.900000000000000000000000000000e+01
2.499000000000000000000000000000e+03 2.249000000000000000000000000000e+03 2.249000000000000000000000000000e+03 2.000000000000000000000000000000e+01
4.748000000000000000000000000000e+03 3.374000000000000000000000000000e+03 3.374000000000000000000000000000e+03 2.100000000000000000000000000000e+01
8.122000000000000000000000000000e+03 5.061500000000000000000000000000e+03 5.061500000000000000000000000000e+03 2.200000000000000000000000000000e+01
1.318350000000000000000000000000e+04 2.024900000000000000000000000000e+04 2.024900000000000000000000000000e+04 2.300000000000000000000000000000e+01
3.343250000000000000000000000000e+04 3.037400000000000000000000000000e+04 3.037400000000000000000000000000e+04 2.400000000000000000000000000000e+01
6.380650000000000000000000000000e+04 1.214990000000000000000000000000e+05 1.214990000000000000000000000000e+05 2.500000000000000000000000000000e+01
1.853055000000000000000000000000e+05 1.822490000000000000000000000000e+05 1.822490000000000000000000000000e+05 2.600000000000000000000000000000e+01
3.675545000000000000000000000000e+05 2.733740000000000000000000000000e+05 2.733740000000000000000000000000e+05 2.700000000000000000000000000000e+01
6.409285000000000000000000000000e+05 4.100615000000000000000000000000e+05 4.100615000000000000000000000000e+05 2.800000000000000000000000000000e+01
1.050990000000000000000000000000e+06 1.640249000000000000000000000000e+06 1.640249000000000000000000000000e+06 2.900000000000000000000000000000e+01
2.691239000000000000000000000000e+06 2.460374000000000000000000000000e+06 2.460374000000000000000000000000e+06 3.000000000000000000000000000000e+01
5.151613000000000000000000000000e+06 3.690561500000000000000000000000e+06 3.690561500000000000000000000000e+06 3.100000000000000000000000000000e+01
8.842174500000000000000000000000e+06 1.476224900000000000000000000000e+07 1.476224900000000000000000000000e+07 3.200000000000000000000000000000e+01
2.360442350000000000000000000000e+07 5.904899900000000000000000000000e+07 5.904899900000000000000000000000e+07 3.300000000000000000000000000000e+01
8.265342250000000000000000000000e+07 8.857349900000000000000000000000e+07 8.857349900000000000000000000000e+07 3.400000000000000000000000000000e+01
1.712269215000000000000000000000e+08 1.328602480000000000000000000000e+08 1.328602480000000000000000000000e+08 3.500000000000000000000000000000e+01
3.040871695000000000000000000000e+08 1.992903740000000000000000000000e+08 1.992903740000000000000000000000e+08 3.600000000000000000000000000000e+01
