0.000000000000000000000000000000e+00 1.000000000000000000000000000000e+03 1.000000000000000000000000000000e+03 0.000000000000000000000000000000e+00
9.990000000000000000000000000000e+02 1.500000000000000000000000000000e+03 1.500000000000000000000000000000e+03 1.000000000000000000000000000000e+00
2.498000000000000000000000000000e+03 6.000000000000000000000000000000e+03 6.000000000000000000000000000000e+03 2.000000000000000000000000000000e+00
8.497000000000000000000000000000e+03 2.400000000000000000000000000000e+04 2.400000000000000000000000000000e+04 3.000000000000000000000000000000e+00
3.249600000000000000000000000000e+04 3.600000000000000000000000000000e+04 3.600000000000000000000000000000e+04 4.000000000000000000000000000000e+00
6.849500000000000000000000000000e+04 5.400000000000000000000000000000e+04 5.400000000000000000000000000000e+04 5.000000000000000000000000000000e+00
1.224940000000000000000000000000e+05 2.160000000000000000000000000000e+05 2.160000000000000000000000000000e+05 6.000000000000000000000000000000e+00
3.384930000000000000000000000000e+05 8.640000000000000000000000000000e+05 8.640000000000000000000000000000e+05 7.000000000000000000000000000000e+00
1.202492000000000000000000000000e+06 3.456000000000000000000000000000e+06 3.456000000000000000000000000000e+06 8.000000000000000000000000000000e+00
4.658491000000000000000000000000e+06 1.382400000000000000000000000000e+07 1.382400000000000000000000000000e+07 9.000000000000000000000000000000e+00
1.848249000000000000000000000000e+07 2.073600000000000000000000000000e+07 2.073600000000000000000000000000e+07 1.000000000000000000000000000000e+01
3.921848900000000000000000000000e+07 8.294400000000000000000000000000e+07 8.294400000000000000000000000000e+07 1.100000000000000000000000000000e+01
1.221624880000000000000000000000e+08 3.317760000000000000000000000000e+08 3.317760000000000000000000000000e+08 1.200000000000000000000000000000e+01
4.539384870000000000000000000000e+08 1.327104000000000000000000000000e+09 1.327104000000000000000000000000e+09 1.300000000000000000000000000000e+01
1.781042486000000000000000000000e+09 1.990656000000000000000000000000e+09 1.990656000000000000000000000000e+09 1.400000000000000000000000000000e+01
3.771698485000000000000000000000e+09 2.985984000000000000000000000000e+09 2.985984000000000000000000000000e+09 1.500000000000000000000000000000e+01
6.757682484000000000000000000000e+09 1.194393600000000000000000000000e+10 1.194393600000000000000000000000e+10 1.600000000000000000000000000000e+01
1.870161848300000000000000000000e+10 4.777574400000000000000000000000e+10 4.777574400000000000000000000000e+10 1.700000000000000000000000000000e+01
1.000000000000000000000000000000e+00 9.990000000000000000000000000000e+02 9.990000000000000000000000000000e+02 1.800000000000000000000000000000e+01
1.000000000000000000000000000000e+03 1.499000000000000000000000000000e+03 1.499000000000000000000000000000e+03 1.900000000000000000000000000000e+01
2.499000000000000000000000000000e+03 5.999000000000000000000000000000e+03 5.999000000000000000000000000000e+03 2.000000000000000000000000000000e+01
8.498000000000000000000000000000e+03 2.399900000000000000000000000000e+04 2.399900000000000000000000000000e+04 2.100000000000000000000000000000e+01
3.249700000000000000000000000000e+04 3.599900000000000000000000000000e+04 3.599900000000000000000000000000e+04 2.200000000000000000000000000000e+01
6.849600000000000000000000000000e+04 5.399900000000000000000000000000e+04 5.399900000000000000000000000000e+04 2.300000000000000000000000000000e+01
1.224950000000000000000000000000e+05 2.159990000000000000000000000000e+05 2.159990000000000000000000000000e+05 2.400000000000000000000000000000e+01
3.384940000000000000000000000000e+05 8.639990000000000000000000000000e+05 8.639990000000000000000000000000e+05 2.500000000000000000000000000000e+01
1.202493000000000000000000000000e+06 3.455999000000000000000000000000e+06 3.455999000000000000000000000000e+06 2.600000000000000000000000000000e+01
4.658492000000000000000000000000e+06 1.382399900000000000000000000000e+07 1.382399900000000000000000000000e+07 2.700000000000000000000000000000e+01
1.848249100000000000000000000000e+07 2.073599900000000000000000000000e+07 2.073599900000000000000000000000e+07 2.800000000000000000000000000000e+01
3.921849000000000000000000000000e+07 8.294399900000000000000000000000e+07 8.294399900000000000000000000000e+07 2.900000000000000000000000000000e+01
1.221624890000000000000000000000e+08 3.317759990000000000000000000000e+08 3.317759990000000000000000000000e+08 3.000000000000000000000000000000e+01
4.539384880000000000000000000000e+08 1.327103999000000000000000000000e+09 1.327103999000000000000000000000e+09 3.100000000000000000000000000000e+01
1.781042487000000000000000000000e+09 1.990655999000000000000000000000e+09 1.990655999000000000000000000000e+09 3.200000000000000000000000000000e+01
3.771698486000000000000000000000e+09 2.985983999000000000000000000000e+09 2.985983999000000000000000000000e+09 3.300000000000000000000000000000e+01
6.757682485000000000000000000000e+09 1.194393599900000000000000000000e+10 1.194393599900000000000000000000e+10 3.400000000000000000000000000000e+01
1.870161848400000000000000000000e+10 4.777574399800000000000000000000e+10 4.777574399800000000000000000000e+10 3.500000000000000000000000000000e+01
6.647736248200000000000000000000e+10 1.911029759990000000000000000000e+11 1.911029759990000000000000000000e+11 3.600000000000000000000000000000e+01
