0.000000000000000000000000000000e+00 1.000000000000000000000000000000e+03 1.000000000000000000000000000000e+03 0.000000000000000000000000000000e+00
9.990000000000000000000000000000e+02 4.000000000000000000000000000000e+03 4.000000000000000000000000000000e+03 1.000000000000000000000000000000e+00
4.998000000000000000000000000000e+03 1.600000000000000000000000000000e+04 1.600000000000000000000000000000e+04 2.000000000000000000000000000000e+00
2.099700000000000000000000000000e+04 2.400000000000000000000000000000e+04 2.400000000000000000000000000000e+04 3.000000000000000000000000000000e+00
4.499600000000000000000000000000e+04 9.600000000000000000000000000000e+04 9.600000000000000000000000000000e+04 4.000000000000000000000000000000e+00
1.409950000000000000000000000000e+05 3.840000000000000000000000000000e+05 3.840000000000000000000000000000e+05 5.000000000000000000000000000000e+00
5.249940000000000000000000000000e+05 1.536000000000000000000000000000e+06 1.536000000000000000000000000000e+06 6.000000000000000000000000000000e+00
2.060993000000000000000000000000e+06 6.144000000000000000000000000000e+06 6.144000000000000000000000000000e+06 7.000000000000000000000000000000e+00
8.204992000000000000000000000000e+06 9.216000000000000000000000000000e+06 9.216000000000000000000000000000e+06 8.000000000000000000000000000000e+00
1.742099100000000000000000000000e+07 1.382400000000000000000000000000e+07 1.382400000000000000000000000000e+07 9.000000000000000000000000000000e+00
3.124499000000000000000000000000e+07 2.073600000000000000000000000000e+07 2.073600000000000000000000000000e+07 1.000000000000000000000000000000e+01
5.198098900000000000000000000000e+07 8.294400000000000000000000000000e+07 8.294400000000000000000000000000e+07 1.100000000000000000000000000000e+01
1.349249880000000000000000000000e+08 1.244160000000000000000000000000e+08 1.244160000000000000000000000000e+08 1.200000000000000000000000000000e+01
2.593409870000000000000000000000e+08 4.976640000000000000000000000000e+08 4.976640000000000000000000000000e+08 1.300000000000000000000000000000e+01
7.570049860000000000000000000000e+08 1.990656000000000000000000000000e+09 1.990656000000000000000000000000e+09 1.400000000000000000000000000000e+01
2.747660985000000000000000000000e+09 2.985984000000000000000000000000e+09 2.985984000000000000000000000000e+09 1.500000000000000000000000000000e+01
5.733644984000000000000000000000e+09 1.194393600000000000000000000000e+10 1.194393600000000000000000000000e+10 1.600000000000000000000000000000e+01
1.767758098300000000000000000000e+10 4.777574400000000000000000000000e+10 4.777574400000000000000000000000e+10 1.700000000000000000000000000000e+01
1.000000000000000000000000000000e+00 9.990000000000000000000000000000e+02 9.990000000000000000000000000000e+02 1.800000000000000000000000000000e+01
1.000000000000000000000000000000e+03 3.999000000000000000000000000000e+03 3.999000000000000000000000000000e+03 1.900000000000000000000000000000e+01
4.999000000000000000000000000000e+03 1.599900000000000000000000000000e+04 1.599900000000000000000000000000e+04 2.000000000000000000000000000000e+01
2.099800000000000000000000000000e+04 2.399900000000000000000000000000e+04 2.399900000000000000000000000000e+04 2.100000000000000000000000000000e+01
4.499700000000000000000000000000e+04 9.599900000000000000000000000000e+04 9.599900000000000000000000000000e+04 2.200000000000000000000000000000e+01
1.409960000000000000000000000000e+05 3.839990000000000000000000000000e+05 3.839990000000000000000000000000e+05 2.300000000000000000000000000000e+01
5.249950000000000000000000000000e+05 1.535999000000000000000000000000e+06 1.535999000000000000000000000000e+06 2.400000000000000000000000000000e+01
2.060994000000000000000000000000e+06 6.143999000000000000000000000000e+06 6.143999000000000000000000000000e+06 2.500000000000000000000000000000e+01
8.204993000000000000000000000000e+06 9.215999000000000000000000000000e+06 9.215999000000000000000000000000e+06 2.600000000000000000000000000000e+01
1.742099200000000000000000000000e+07 1.382399900000000000000000000000e+07 1.382399900000000000000000000000e+07 2.700000000000000000000000000000e+01
3.124499100000000000000000000000e+07 2.073599900000000000000000000000e+07 2.073599900000000000000000000000e+07 2.800000000000000000000000000000e+01
5.198099000000000000000000000000e+07 8.294399900000000000000000000000e+07 8.294399900000000000000000000000e+07 2.900000000000000000000000000000e+01
1.349249890000000000000000000000e+08 1.244159990000000000000000000000e+08 1.244159990000000000000000000000e+08 3.000000000000000000000000000000e+01
2.593409880000000000000000000000e+08 4.976639990000000000000000000000e+08 4.976639990000000000000000000000e+08 3.100000000000000000000000000000e+01
7.570049870000000000000000000000e+08 1.990655999000000000000000000000e+09 1.990655999000000000000000000000e+09 3.200000000000000000000000000000e+01
2.747660986000000000000000000000e+09 2.985983999000000000000000000000e+09 2.985983999000000000000000000000e+09 3.300000000000000000000000000000e+01
5.733644985000000000000000000000e+09 1.194393599900000000000000000000e+10 1.194393599900000000000000000000e+10 3.400000000000000000000000000000e+01
1.767758098400000000000000000000e+10 4.777574399800000000000000000000e+10 4.777574399800000000000000000000e+10 3.500000000000000000000000000000e+01
6.545332498200000000000000000000e+10 1.911029759990000000000000000000e+11 1.911029759990000000000000000000e+11 3.600000000000000000000000000000e+01
