0.000000000000000000000000000000e+00 1.000000000000000000000000000000e+03 1.000000000000000000000000000000e+03 0.000000000000000000000000000000e+00
9.990000000000000000000000000000e+02 4.000000000000000000000000000000e+03 4.000000000000000000000000000000e+03 1.000000000000000000000000000000e+00
4.998000000000000000000000000000e+03 1.600000000000000000000000000000e+04 1.600000000000000000000000000000e+04 2.000000000000000000000000000000e+00
2.099700000000000000000000000000e+04 2.400000000000000000000000000000e+04 2.400000000000000000000000000000e+04 3.000000000000000000000000000000e+00
4.499600000000000000000000000000e+04 9.600000000000000000000000000000e+04 9.600000000000000000000000000000e+04 4.000000000000000000000000000000e+00
1.409950000000000000000000000000e+05 1.440000000000000000000000000000e+05 1.440000000000000000000000000000e+05 5.000000000000000000000000000000e+00
2.849940000000000000000000000000e+05 5.760000000000000000000000000000e+05 5.760000000000000000000000000000e+05 6.000000000000000000000000000000e+00
8.609930000000000000000000000000e+05 8.640000000000000000000000000000e+05 8.640000000000000000000000000000e+05 7.000000000000000000000000000000e+00
1.724992000000000000000000000000e+06 3.456000000000000000000000000000e+06 3.456000000000000000000000000000e+06 8.000000000000000000000000000000e+00
5.180991000000000000000000000000e+06 1.382400000000000000000000000000e+07 1.382400000000000000000000000000e+07 9.000000000000000000000000000000e+00
1.900499000000000000000000000000e+07 5.529600000000000000000000000000e+07 5.529600000000000000000000000000e+07 1.000000000000000000000000000000e+01
7.430098900000000000000000000000e+07 8.294400000000000000000000000000e+07 8.294400000000000000000000000000e+07 1.100000000000000000000000000000e+01
1.572449880000000000000000000000e+08 1.244160000000000000000000000000e+08 1.244160000000000000000000000000e+08 1.200000000000000000000000000000e+01
2.816609870000000000000000000000e+08 1.866240000000000000000000000000e+08 1.866240000000000000000000000000e+08 1.300000000000000000000000000000e+01
4.682849860000000000000000000000e+08 7.464960000000000000000000000000e+08 7.464960000000000000000000000000e+08 1.400000000000000000000000000000e+01
1.214780985000000000000000000000e+09 1.119744000000000000000000000000e+09 1.119744000000000000000000000000e+09 1.500000000000000000000000000000e+01
2.334524984000000000000000000000e+09 1.679616000000000000000000000000e+09 1.679616000000000000000000000000e+09 1.600000000000000000000000000000e+01
4.014140983000000000000000000000e+09 2.519424000000000000000000000000e+09 2.519424000000000000000000000000e+09 1.700000000000000000000000000000e+01
1.000000000000000000000000000000e+00 9.990000000000000000000000000000e+02 9.990000000000000000000000000000e+02 1.800000000000000000000000000000e+01
1.000000000000000000000000000000e+03 3.999000000000000000000000000000e+03 3.999000000000000000000000000000e+03 1.900000000000000000000000000000e+01
4.999000000000000000000000000000e+03 1.599900000000000000000000000000e+04 1.599900000000000000000000000000e+04 2.000000000000000000000000000000e+01
2.099800000000000000000000000000e+04 2.399900000000000000000000000000e+04 2.399900000000000000000000000000e+04 2.100000000000000000000000000000e+01
4.499700000000000000000000000000e+04 9.599900000000000000000000000000e+04 9.599900000000000000000000000000e+04 2.200000000000000000000000000000e+01
1.409960000000000000000000000000e+05 1.439990000000000000000000000000e+05 1.439990000000000000000000000000e+05 2.300000000000000000000000000000e+01
2.849950000000000000000000000000e+05 5.759990000000000000000000000000e+05 5.759990000000000000000000000000e+05 2.400000000000000000000000000000e+01
8.609940000000000000000000000000e+05 8.639990000000000000000000000000e+05 8.639990000000000000000000000000e+05 2.500000000000000000000000000000e+01
1.724993000000000000000000000000e+06 3.455999000000000000000000000000e+06 3.455999000000000000000000000000e+06 2.600000000000000000000000000000e+01
5.180992000000000000000000000000e+06 1.382399900000000000000000000000e+07 1.382399900000000000000000000000e+07 2.700000000000000000000000000000e+01
1.900499100000000000000000000000e+07 5.529599900000000000000000000000e+07 5.529599900000000000000000000000e+07 2.800000000000000000000000000000e+01
7.430099000000000000000000000000e+07 8.294399900000000000000000000000e+07 8.294399900000000000000000000000e+07 2.900000000000000000000000000000e+01
1.572449890000000000000000000000e+08 1.244159990000000000000000000000e+08 1.244159990000000000000000000000e+08 3.000000000000000000000000000000e+01
2.816609880000000000000000000000e+08 1.866239990000000000000000000000e+08 1.866239990000000000000000000000e+08 3.100000000000000000000000000000e+01
4.682849870000000000000000000000e+08 7.464959990000000000000000000000e+08 7.464959990000000000000000000000e+08 3.200000000000000000000000000000e+01
1.214780986000000000000000000000e+09 1.119743999000000000000000000000e+09 1.119743999000000000000000000000e+09 3.300000000000000000000000000000e+01
2.334524985000000000000000000000e+09 1.679615999000000000000000000000e+09 1.679615999000000000000000000000e+09 3.400000000000000000000000000000e+01
4.014140984000000000000000000000e+09 2.519423998000000000000000000000e+09 2.519423998000000000000000000000e+09 3.500000000000000000000000000000e+01
6.533564982000000000000000000000e+09 3.779135999000000000000000000000e+09 3.779135999000000000000000000000e+09 3.600000000000000000000000000000e+01
