0.000000000000000000000000000000e+00 1.000000000000000000000000000000e+03 1.000000000000000000000000000000e+03 0.000000000000000000000000000000e+00
9.990000000000000000000000000000e+02 1.500000000000000000000000000000e+03 1.500000000000000000000000000000e+03 1.000000000000000000000000000000e+00
2.498000000000000000000000000000e+03 6.000000000000000000000000000000e+03 6.000000000000000000000000000000e+03 2.000000000000000000000000000000e+00
8.497000000000000000000000000000e+03 2.400000000000000000000000000000e+04 2.400000000000000000000000000000e+04 3.000000000000000000000000000000e+00
3.249600000000000000000000000000e+04 9.600000000000000000000000000000e+04 9.600000000000000000000000000000e+04 4.000000000000000000000000000000e+00
1.284950000000000000000000000000e+05 1.440000000000000000000000000000e+05 1.440000000000000000000000000000e+05 5.000000000000000000000000000000e+00
2.724940000000000000000000000000e+05 2.160000000000000000000000000000e+05 2.160000000000000000000000000000e+05 6.000000000000000000000000000000e+00
4.884930000000000000000000000000e+05 3.240000000000000000000000000000e+05 3.240000000000000000000000000000e+05 7.000000000000000000000000000000e+00
8.124920000000000000000000000000e+05 1.296000000000000000000000000000e+06 1.296000000000000000000000000000e+06 8.000000000000000000000000000000e+00
2.108491000000000000000000000000e+06 1.944000000000000000000000000000e+06 1.944000000000000000000000000000e+06 9.000000000000000000000000000000e+00
4.052490000000000000000000000000e+06 2.916000000000000000000000000000e+06 2.916000000000000000000000000000e+06 1.000000000000000000000000000000e+01
6.968489000000000000000000000000e+06 4.374000000000000000000000000000e+06 4.374000000000000000000000000000e+06 1.100000000000000000000000000000e+01
1.134248800000000000000000000000e+07 6.561000000000000000000000000000e+06 6.561000000000000000000000000000e+06 1.200000000000000000000000000000e+01
1.790348700000000000000000000000e+07 2.624400000000000000000000000000e+07 2.624400000000000000000000000000e+07 1.300000000000000000000000000000e+01
4.414748600000000000000000000000e+07 3.936600000000000000000000000000e+07 3.936600000000000000000000000000e+07 1.400000000000000000000000000000e+01
8.351348500000000000000000000000e+07 5.904900000000000000000000000000e+07 5.904900000000000000000000000000e+07 1.500000000000000000000000000000e+01
1.425624840000000000000000000000e+08 8.857350000000000000000000000000e+07 8.857350000000000000000000000000e+07 1.600000000000000000000000000000e+01
2.311359830000000000000000000000e+08 1.328602500000000000000000000000e+08 1.328602500000000000000000000000e+08 1.700000000000000000000000000000e+01
1.000000000000000000000000000000e+00 9.990000000000000000000000000000e+02 9.990000000000000000000000000000e+02 1.800000000000000000000000000000e+01
1.000000000000000000000000000000e+03 1.499000000000000000000000000000e+03 1.499000000000000000000000000000e+03 1.900000000000000000000000000000e+01
2.499000000000000000000000000000e+03 5.999000000000000000000000000000e+03 5.999000000000000000000000000000e+03 2.000000000000000000000000000000e+01
8.498000000000000000000000000000e+03 2.399900000000000000000000000000e+04 2.399900000000000000000000000000e+04 2.100000000000000000000000000000e+01
3.249700000000000000000000000000e+04 9.599900000000000000000000000000e+04 9.599900000000000000000000000000e+04 2.200000000000000000000000000000e+01
1.284960000000000000000000000000e+05 1.439990000000000000000000000000e+05 1.439990000000000000000000000000e+05 2.300000000000000000000000000000e+01
2.724950000000000000000000000000e+05 2.159990000000000000000000000000e+05 2.159990000000000000000000000000e+05 2.400000000000000000000000000000e+01
4.884940000000000000000000000000e+05 3.239990000000000000000000000000e+05 3.239990000000000000000000000000e+05 2.500000000000000000000000000000e+01
8.124930000000000000000000000000e+05 1.295999000000000000000000000000e+06 1.295999000000000000000000000000e+06 2.600000000000000000000000000000e+01
2.108492000000000000000000000000e+06 1.943999000000000000000000000000e+06 1.943999000000000000000000000000e+06 2.700000000000000000000000000000e+01
4.052491000000000000000000000000e+06 2.915999000000000000000000000000e+06 2.915999000000000000000000000000e+06 2.800000000000000000000000000000e+01
6.968490000000000000000000000000e+06 4.373999000000000000000000000000e+06 4.373999000000000000000000000000e+06 2.900000000000000000000000000000e+01
1.134248900000000000000000000000e+07 6.560999000000000000000000000000e+06 6.560999000000000000000000000000e+06 3.000000000000000000000000000000e+01
1.790348800000000000000000000000e+07 2.624399900000000000000000000000e+07 2.624399900000000000000000000000e+07 3.100000000000000000000000000000e+01
4.414748700000000000000000000000e+07 3.936599900000000000000000000000e+07 3.936599900000000000000000000000e+07 3.200000000000000000000000000000e+01
8.351348600000000000000000000000e+07 5.904899900000000000000000000000e+07 5.904899900000000000000000000000e+07 3.300000000000000000000000000000e+01
1.425624850000000000000000000000e+08 8.857349900000000000000000000000e+07 8.857349900000000000000000000000e+07 3.400000000000000000000000000000e+01
2.311359840000000000000000000000e+08 1.328602480000000000000000000000e+08 1.328602480000000000000000000000e+08 3.500000000000000000000000000000e+01
3.639962320000000000000000000000e+08 1.992903740000000000000000000000e+08 1.992903740000000000000000000000e+08 3.600000000000000000000000000000e+01
