0.000000000000000000000000000000e+00 1.000000000000000000000000000000e+03 1.000000000000000000000000000000e+03 0.000000000000000000000000000000e+00
9.990000000000000000000000000000e+02 4.000000000000000000000000000000e+03 4.000000000000000000000000000000e+03 1.000000000000000000000000000000e+00
4.998000000000000000000000000000e+03 1.600000000000000000000000000000e+04 1.600000000000000000000000000000e+04 2.000000000000000000000000000000e+00
2.099700000000000000000000000000e+04 2.400000000000000000000000000000e+04 2.400000000000000000000000000000e+04 3.000000000000000000000000000000e+00
4.499600000000000000000000000000e+04 9.600000000000000000000000000000e+04 9.600000000000000000000000000000e+04 4.000000000000000000000000000000e+00
1.409950000000000000000000000000e+05 1.440000000000000000000000000000e+05 1.440000000000000000000000000000e+05 5.000000000000000000000000000000e+00
2.849940000000000000000000000000e+05 5.760000000000000000000000000000e+05 5.760000000000000000000000000000e+05 6.000000000000000000000000000000e+00
8.609930000000000000000000000000e+05 8.640000000000000000000000000000e+05 8.640000000000000000000000000000e+05 7.000000000000000000000000000000e+00
1.724992000000000000000000000000e+06 1.296000000000000000000000000000e+06 1.296000000000000000000000000000e+06 8.000000000000000000000000000000e+00
3.020991000000000000000000000000e+06 1.944000000000000000000000000000e+06 1.944000000000000000000000000000e+06 9.000000000000000000000000000000e+00
4.964990000000000000000000000000e+06 7.776000000000000000000000000000e+06 7.776000000000000000000000000000e+06 1.000000000000000000000000000000e+01
1.274098900000000000000000000000e+07 3.110400000000000000000000000000e+07 3.110400000000000000000000000000e+07 1.100000000000000000000000000000e+01
4.384498800000000000000000000000e+07 1.244160000000000000000000000000e+08 1.244160000000000000000000000000e+08 1.200000000000000000000000000000e+01
1.682609870000000000000000000000e+08 1.866240000000000000000000000000e+08 1.866240000000000000000000000000e+08 1.300000000000000000000000000000e+01
3.548849860000000000000000000000e+08 2.799360000000000000000000000000e+08 2.799360000000000000000000000000e+08 1.400000000000000000000000000000e+01
6.348209850000000000000000000000e+08 1.119744000000000000000000000000e+09 1.119744000000000000000000000000e+09 1.500000000000000000000000000000e+01
1.754564984000000000000000000000e+09 4.478976000000000000000000000000e+09 4.478976000000000000000000000000e+09 1.600000000000000000000000000000e+01
6.233540983000000000000000000000e+09 6.718464000000000000000000000000e+09 6.718464000000000000000000000000e+09 1.700000000000000000000000000000e+01
1.000000000000000000000000000000e+00 9.990000000000000000000000000000e+02 9.990000000000000000000000000000e+02 1.800000000000000000000000000000e+01
1.000000000000000000000000000000e+03 3.999000000000000000000000000000e+03 3.999000000000000000000000000000e+03 1.900000000000000000000000000000e+01
4.999000000000000000000000000000e+03 1.599900000000000000000000000000e+04 1.599900000000000000000000000000e+04 2.000000000000000000000000000000e+01
2.099800000000000000000000000000e+04 2.399900000000000000000000000000e+04 2.399900000000000000000000000000e+04 2.100000000000000000000000000000e+01
4.499700000000000000000000000000e+04 9.599900000000000000000000000000e+04 9.599900000000000000000000000000e+04 2.200000000000000000000000000000e+01
1.409960000000000000000000000000e+05 1.439990000000000000000000000000e+05 1.439990000000000000000000000000e+05 2.300000000000000000000000000000e+01
2.849950000000000000000000000000e+05 5.759990000000000000000000000000e+05 5.759990000000000000000000000000e+05 2.400000000000000000000000000000e+01
8.609940000000000000000000000000e+05 8.639990000000000000000000000000e+05 8.639990000000000000000000000000e+05 2.500000000000000000000000000000e+01
1.724993000000000000000000000000e+06 1.295999000000000000000000000000e+06 1.295999000000000000000000000000e+06 2.600000000000000000000000000000e+01
3.020992000000000000000000000000e+06 1.943999000000000000000000000000e+06 1.943999000000000000000000000000e+06 2.700000000000000000000000000000e+01
4.964991000000000000000000000000e+06 7.775999000000000000000000000000e+06 7.775999000000000000000000000000e+06 2.800000000000000000000000000000e+01
1.274099000000000000000000000000e+07 3.110399900000000000000000000000e+07 3.110399900000000000000000000000e+07 2.900000000000000000000000000000e+01
4.384498900000000000000000000000e+07 1.244159990000000000000000000000e+08 1.244159990000000000000000000000e+08 3.000000000000000000000000000000e+01
1.682609880000000000000000000000e+08 1.866239990000000000000000000000e+08 1.866239990000000000000000000000e+08 3.100000000000000000000000000000e+01
3.548849870000000000000000000000e+08 2.799359990000000000000000000000e+08 2.799359990000000000000000000000e+08 3.200000000000000000000000000000e+01
6.348209860000000000000000000000e+08 1.119743999000000000000000000000e+09 1.119743999000000000000000000000e+09 3.300000000000000000000000000000e+01
1.754564985000000000000000000000e+09 4.478975999000000000000000000000e+09 4.478975999000000000000000000000e+09 3.400000000000000000000000000000e+01
6.233540984000000000000000000000e+09 6.718463998000000000000000000000e+09 6.718463998000000000000000000000e+09 3.500000000000000000000000000000e+01
1.295200498200000000000000000000e+10 1.007769599900000000000000000000e+10 1.007769599900000000000000000000e+10 3.600000000000000000000000000000e+01
