0.000000000000000000000000000000e+00 1.000000000000000000000000000000e+03 1.000000000000000000000000000000e+03 0.000000000000000000000000000000e+00
9.990000000000000000000000000000e+02 1.500000000000000000000000000000e+03 1.500000000000000000000000000000e+03 1.000000000000000000000000000000e+00
2.498000000000000000000000000000e+03 2.250000000000000000000000000000e+03 2.250000000000000000000000000000e+03 2.000000000000000000000000000000e+00
4.747000000000000000000000000000e+03 3.375000000000000000000000000000e+03 3.375000000000000000000000000000e+03 3.000000000000000000000000000000e+00
8.121000000000000000000000000000e+03 1.350000000000000000000000000000e+04 1.350000000000000000000000000000e+04 4.000000000000000000000000000000e+00
2.162000000000000000000000000000e+04 2.025000000000000000000000000000e+04 2.025000000000000000000000000000e+04 5.000000000000000000000000000000e+00
4.186900000000000000000000000000e+04 8.100000000000000000000000000000e+04 8.100000000000000000000000000000e+04 6.000000000000000000000000000000e+00
1.228680000000000000000000000000e+05 3.240000000000000000000000000000e+05 3.240000000000000000000000000000e+05 7.000000000000000000000000000000e+00
4.468670000000000000000000000000e+05 1.296000000000000000000000000000e+06 1.296000000000000000000000000000e+06 8.000000000000000000000000000000e+00
1.742866000000000000000000000000e+06 5.184000000000000000000000000000e+06 5.184000000000000000000000000000e+06 9.000000000000000000000000000000e+00
6.926865000000000000000000000000e+06 2.073600000000000000000000000000e+07 2.073600000000000000000000000000e+07 1.000000000000000000000000000000e+01
2.766286400000000000000000000000e+07 8.294400000000000000000000000000e+07 8.294400000000000000000000000000e+07 1.100000000000000000000000000000e+01
1.106068630000000000000000000000e+08 1.244160000000000000000000000000e+08 1.244160000000000000000000000000e+08 1.200000000000000000000000000000e+01
2.350228620000000000000000000000e+08 4.976640000000000000000000000000e+08 4.976640000000000000000000000000e+08 1.300000000000000000000000000000e+01
7.326868610000000000000000000000e+08 1.990656000000000000000000000000e+09 1.990656000000000000000000000000e+09 1.400000000000000000000000000000e+01
2.723342860000000000000000000000e+09 2.985984000000000000000000000000e+09 2.985984000000000000000000000000e+09 1.500000000000000000000000000000e+01
5.709326859000000000000000000000e+09 4.478976000000000000000000000000e+09 4.478976000000000000000000000000e+09 1.600000000000000000000000000000e+01
1.018830285800000000000000000000e+10 1.791590400000000000000000000000e+10 1.791590400000000000000000000000e+10 1.700000000000000000000000000000e+01
1.000000000000000000000000000000e+00 9.990000000000000000000000000000e+02 9.990000000000000000000000000000e+02 1.800000000000000000000000000000e+01
1.000000000000000000000000000000e+03 1.499000000000000000000000000000e+03 1.499000000000000000000000000000e+03 1.900000000000000000000000000000e+01
2.499000000000000000000000000000e+03 2.249000000000000000000000000000e+03 2.249000000000000000000000000000e+03 2.000000000000000000000000000000e+01
4.748000000000000000000000000000e+03 3.374000000000000000000000000000e+03 3.374000000000000000000000000000e+03 2.100000000000000000000000000000e+01
8.122000000000000000000000000000e+03 1.349900000000000000000000000000e+04 1.349900000000000000000000000000e+04 2.200000000000000000000000000000e+01
2.162100000000000000000000000000e+04 2.024900000000000000000000000000e+04 2.024900000000000000000000000000e+04 2.300000000000000000000000000000e+01
4.187000000000000000000000000000e+04 8.099900000000000000000000000000e+04 8.099900000000000000000000000000e+04 2.400000000000000000000000000000e+01
1.228690000000000000000000000000e+05 3.239990000000000000000000000000e+05 3.239990000000000000000000000000e+05 2.500000000000000000000000000000e+01
4.468680000000000000000000000000e+05 1.295999000000000000000000000000e+06 1.295999000000000000000000000000e+06 2.600000000000000000000000000000e+01
1.742867000000000000000000000000e+06 5.183999000000000000000000000000e+06 5.183999000000000000000000000000e+06 2.700000000000000000000000000000e+01
6.926866000000000000000000000000e+06 2.073599900000000000000000000000e+07 2.073599900000000000000000000000e+07 2.800000000000000000000000000000e+01
2.766286500000000000000000000000e+07 8.294399900000000000000000000000e+07 8.294399900000000000000000000000e+07 2.900000000000000000000000000000e+01
1.106068640000000000000000000000e+08 1.244159990000000000000000000000e+08 1.244159990000000000000000000000e+08 3.000000000000000000000000000000e+01
2.350228630000000000000000000000e+08 4.976639990000000000000000000000e+08 4.976639990000000000000000000000e+08 3.100000000000000000000000000000e+01
7.326868620000000000000000000000e+08 1.990655999000000000000000000000e+09 1.990655999000000000000000000000e+09 3.200000000000000000000000000000e+01
2.723342861000000000000000000000e+09 2.985983999000000000000000000000e+09 2.985983999000000000000000000000e+09 3.300000000000000000000000000000e+01
5.709326860000000000000000000000e+09 4.478975999000000000000000000000e+09 4.478975999000000000000000000000e+09 3.400000000000000000000000000000e+01
1.018830285900000000000000000000e+10 1.791590399800000000000000000000e+10 1.791590399800000000000000000000e+10 3.500000000000000000000000000000e+01
2.810420685700000000000000000000e+10 7.166361599900000000000000000000e+10 7.166361599900000000000000000000e+10 3.600000000000000000000000000000e+01
