0.000000000000000000000000000000e+00 1.000000000000000000000000000000e+03 1.000000000000000000000000000000e+03 0.000000000000000000000000000000e+00
9.990000000000000000000000000000e+02 1.500000000000000000000000000000e+03 1.500000000000000000000000000000e+03 1.000000000000000000000000000000e+00
2.498000000000000000000000000000e+03 6.000000000000000000000000000000e+03 6.000000000000000000000000000000e+03 2.000000000000000000000000000000e+00
8.497000000000000000000000000000e+03 2.400000000000000000000000000000e+04 2.400000000000000000000000000000e+04 3.000000000000000000000000000000e+00
3.249600000000000000000000000000e+04 3.600000000000000000000000000000e+04 3.600000000000000000000000000000e+04 4.000000000000000000000000000000e+00
6.849500000000000000000000000000e+04 1.440000000000000000000000000000e+05 1.440000000000000000000000000000e+05 5.000000000000000000000000000000e+00
2.124940000000000000000000000000e+05 2.160000000000000000000000000000e+05 2.160000000000000000000000000000e+05 6.000000000000000000000000000000e+00
4.284930000000000000000000000000e+05 8.640000000000000000000000000000e+05 8.640000000000000000000000000000e+05 7.000000000000000000000000000000e+00
1.292492000000000000000000000000e+06 1.296000000000000000000000000000e+06 1.296000000000000000000000000000e+06 8.000000000000000000000000000000e+00
2.588491000000000000000000000000e+06 1.944000000000000000000000000000e+06 1.944000000000000000000000000000e+06 9.000000000000000000000000000000e+00
4.532490000000000000000000000000e+06 7.776000000000000000000000000000e+06 7.776000000000000000000000000000e+06 1.000000000000000000000000000000e+01
1.230848900000000000000000000000e+07 3.110400000000000000000000000000e+07 3.110400000000000000000000000000e+07 1.100000000000000000000000000000e+01
4.341248800000000000000000000000e+07 4.665600000000000000000000000000e+07 4.665600000000000000000000000000e+07 1.200000000000000000000000000000e+01
9.006848700000000000000000000000e+07 6.998400000000000000000000000000e+07 6.998400000000000000000000000000e+07 1.300000000000000000000000000000e+01
1.600524860000000000000000000000e+08 1.049760000000000000000000000000e+08 1.049760000000000000000000000000e+08 1.400000000000000000000000000000e+01
2.650284850000000000000000000000e+08 4.199040000000000000000000000000e+08 4.199040000000000000000000000000e+08 1.500000000000000000000000000000e+01
6.849324840000000000000000000000e+08 1.679616000000000000000000000000e+09 1.679616000000000000000000000000e+09 1.600000000000000000000000000000e+01
2.364548483000000000000000000000e+09 6.718464000000000000000000000000e+09 6.718464000000000000000000000000e+09 1.700000000000000000000000000000e+01
1.000000000000000000000000000000e+00 9.990000000000000000000000000000e+02 9.990000000000000000000000000000e+02 1.800000000000000000000000000000e+01
1.000000000000000000000000000000e+03 1.499000000000000000000000000000e+03 1.499000000000000000000000000000e+03 1.900000000000000000000000000000e+01
2.499000000000000000000000000000e+03 5.999000000000000000000000000000e+03 5.999000000000000000000000000000e+03 2.000000000000000000000000000000e+01
8.498000000000000000000000000000e+03 2.399900000000000000000000000000e+04 2.399900000000000000000000000000e+04 2.100000000000000000000000000000e+01
3.249700000000000000000000000000e+04 3.599900000000000000000000000000e+04 3.599900000000000000000000000000e+04 2.200000000000000000000000000000e+01
6.849600000000000000000000000000e+04 1.439990000000000000000000000000e+05 1.439990000000000000000000000000e+05 2.300000000000000000000000000000e+01
2.124950000000000000000000000000e+05 2.159990000000000000000000000000e+05 2.159990000000000000000000000000e+05 2.400000000000000000000000000000e+01
4.284940000000000000000000000000e+05 8.639990000000000000000000000000e+05 8.639990000000000000000000000000e+05 2.500000000000000000000000000000e+01
1.292493000000000000000000000000e+06 1.295999000000000000000000000000e+06 1.295999000000000000000000000000e+06 2.600000000000000000000000000000e+01
2.588492000000000000000000000000e+06 1.943999000000000000000000000000e+06 1.943999000000000000000000000000e+06 2.700000000000000000000000000000e+01
4.532491000000000000000000000000e+06 7.775999000000000000000000000000e+06 7.775999000000000000000000000000e+06 2.800000000000000000000000000000e+01
1.230849000000000000000000000000e+07 3.110399900000000000000000000000e+07 3.110399900000000000000000000000e+07 2.900000000000000000000000000000e+01
4.341248900000000000000000000000e+07 4.665599900000000000000000000000e+07 4.665599900000000000000000000000e+07 3.000000000000000000000000000000e+01
9.006848800000000000000000000000e+07 6.998399900000000000000000000000e+07 6.998399900000000000000000000000e+07 3.100000000000000000000000000000e+01
1.600524870000000000000000000000e+08 1.049759990000000000000000000000e+08 1.049759990000000000000000000000e+08 3.200000000000000000000000000000e+01
2.650284860000000000000000000000e+08 4.199039990000000000000000000000e+08 4.199039990000000000000000000000e+08 3.300000000000000000000000000000e+01
6.849324850000000000000000000000e+08 1.679615999000000000000000000000e+09 1.679615999000000000000000000000e+09 3.400000000000000000000000000000e+01
2.364548484000000000000000000000e+09 6.718463998000000000000000000000e+09 6.718463998000000000000000000000e+09 3.500000000000000000000000000000e+01
9.083012482000000000000000000000e+09 2.687385599900000000000000000000e+10 2.687385599900000000000000000000e+10 3.600000000000000000000000000000e+01
