0.000000000000000000000000000000e+00 1.000000000000000000000000000000e+03 1.000000000000000000000000000000e+03 0.000000000000000000000000000000e+00
9.990000000000000000000000000000e+02 1.500000000000000000000000000000e+03 1.500000000000000000000000000000e+03 1.000000000000000000000000000000e+00
2.498000000000000000000000000000e+03 2.250000000000000000000000000000e+03 2.250000000000000000000000000000e+03 2.000000000000000000000000000000e+00
4.747000000000000000000000000000e+03 3.375000000000000000000000000000e+03 3.375000000000000000000000000000e+03 3.000000000000000000000000000000e+00
8.121000000000000000000000000000e+03 5.062500000000000000000000000000e+03 5.062500000000000000000000000000e+03 4.000000000000000000000000000000e+00
1.318250000000000000000000000000e+04 7.593750000000000000000000000000e+03 7.593750000000000000000000000000e+03 5.000000000000000000000000000000e+00
2.077525000000000000000000000000e+04 1.139062500000000000000000000000e+04 1.139062500000000000000000000000e+04 6.000000000000000000000000000000e+00
3.216487500000000000000000000000e+04 4.556250000000000000000000000000e+04 4.556250000000000000000000000000e+04 7.000000000000000000000000000000e+00
7.772637500000000000000000000000e+04 1.822500000000000000000000000000e+05 1.822500000000000000000000000000e+05 8.000000000000000000000000000000e+00
2.599753750000000000000000000000e+05 7.290000000000000000000000000000e+05 7.290000000000000000000000000000e+05 9.000000000000000000000000000000e+00
9.889743750000000000000000000000e+05 1.093500000000000000000000000000e+06 1.093500000000000000000000000000e+06 1.000000000000000000000000000000e+01
2.082473375000000000000000000000e+06 1.640250000000000000000000000000e+06 1.640250000000000000000000000000e+06 1.100000000000000000000000000000e+01
3.722722375000000000000000000000e+06 2.460375000000000000000000000000e+06 2.460375000000000000000000000000e+06 1.200000000000000000000000000000e+01
6.183096375000000000000000000000e+06 9.841500000000000000000000000000e+06 9.841500000000000000000000000000e+06 1.300000000000000000000000000000e+01
1.602459537500000000000000000000e+07 3.936600000000000000000000000000e+07 3.936600000000000000000000000000e+07 1.400000000000000000000000000000e+01
5.539059437500000000000000000000e+07 1.574640000000000000000000000000e+08 1.574640000000000000000000000000e+08 1.500000000000000000000000000000e+01
2.128545933750000000000000000000e+08 6.298560000000000000000000000000e+08 6.298560000000000000000000000000e+08 1.600000000000000000000000000000e+01
8.427105923750000000000000000000e+08 2.519424000000000000000000000000e+09 2.519424000000000000000000000000e+09 1.700000000000000000000000000000e+01
1.000000000000000000000000000000e+00 9.990000000000000000000000000000e+02 9.990000000000000000000000000000e+02 1.800000000000000000000000000000e+01
1.000000000000000000000000000000e+03 1.499000000000000000000000000000e+03 1.499000000000000000000000000000e+03 1.900000000000000000000000000000e+01
2.499000000000000000000000000000e+03 2.249000000000000000000000000000e+03 2.249000000000000000000000000000e+03 2.000000000000000000000000000000e+01
4.748000000000000000000000000000e+03 3.374000000000000000000000000000e+03 3.374000000000000000000000000000e+03 2.100000000000000000000000000000e+01
8.122000000000000000000000000000e+03 5.061500000000000000000000000000e+03 5.061500000000000000000000000000e+03 2.200000000000000000000000000000e+01
1.318350000000000000000000000000e+04 7.592750000000000000000000000000e+03 7.592750000000000000000000000000e+03 2.300000000000000000000000000000e+01
2.077625000000000000000000000000e+04 1.138962500000000000000000000000e+04 1.138962500000000000000000000000e+04 2.400000000000000000000000000000e+01
3.216587500000000000000000000000e+04 4.556150000000000000000000000000e+04 4.556150000000000000000000000000e+04 2.500000000000000000000000000000e+01
7.772737500000000000000000000000e+04 1.822490000000000000000000000000e+05 1.822490000000000000000000000000e+05 2.600000000000000000000000000000e+01
2.599763750000000000000000000000e+05 7.289990000000000000000000000000e+05 7.289990000000000000000000000000e+05 2.700000000000000000000000000000e+01
9.889753750000000000000000000000e+05 1.093499000000000000000000000000e+06 1.093499000000000000000000000000e+06 2.800000000000000000000000000000e+01
2.082474375000000000000000000000e+06 1.640249000000000000000000000000e+06 1.640249000000000000000000000000e+06 2.900000000000000000000000000000e+01
3.722723375000000000000000000000e+06 2.460374000000000000000000000000e+06 2.460374000000000000000000000000e+06 3.000000000000000000000000000000e+01
6.183097375000000000000000000000e+06 9.841499000000000000000000000000e+06 9.841499000000000000000000000000e+06 3.100000000000000000000000000000e+01
1.602459637500000000000000000000e+07 3.936599900000000000000000000000e+07 3.936599900000000000000000000000e+07 3.200000000000000000000000000000e+01
5.539059537500000000000000000000e+07 1.574639990000000000000000000000e+08 1.574639990000000000000000000000e+08 3.300000000000000000000000000000e+01
2.128545943750000000000000000000e+08 6.298559990000000000000000000000e+08 6.298559990000000000000000000000e+08 3.400000000000000000000000000000e+01
8.427105933750000000000000000000e+08 2.519423998000000000000000000000e+09 2.519423998000000000000000000000e+09 3.500000000000000000000000000000e+01
3.362134591375000000000000000000e+09 3.779135999000000000000000000000e+09 3.779135999000000000000000000000e+09 3.600000000000000000000000000000e+01
