0.000000000000000000000000000000e+00 1.000000000000000000000000000000e+03 1.000000000000000000000000000000e+03 0.000000000000000000000000000000e+00
9.990000000000000000000000000000e+02 1.500000000000000000000000000000e+03 1.500000000000000000000000000000e+03 1.000000000000000000000000000000e+00
2.498000000000000000000000000000e+03 2.250000000000000000000000000000e+03 2.250000000000000000000000000000e+03 2.000000000000000000000000000000e+00
4.747000000000000000000000000000e+03 9.000000000000000000000000000000e+03 9.000000000000000000000000000000e+03 3.000000000000000000000000000000e+00
1.374600000000000000000000000000e+04 3.600000000000000000000000000000e+04 3.600000000000000000000000000000e+04 4.000000000000000000000000000000e+00
4.974500000000000000000000000000e+04 1.440000000000000000000000000000e+05 1.440000000000000000000000000000e+05 5.000000000000000000000000000000e+00
1.937440000000000000000000000000e+05 5.760000000000000000000000000000e+05 5.760000000000000000000000000000e+05 6.000000000000000000000000000000e+00
7.697430000000000000000000000000e+05 8.640000000000000000000000000000e+05 8.640000000000000000000000000000e+05 7.000000000000000000000000000000e+00
1.633742000000000000000000000000e+06 3.456000000000000000000000000000e+06 3.456000000000000000000000000000e+06 8.000000000000000000000000000000e+00
5.089741000000000000000000000000e+06 5.184000000000000000000000000000e+06 5.184000000000000000000000000000e+06 9.000000000000000000000000000000e+00
1.027374000000000000000000000000e+07 2.073600000000000000000000000000e+07 2.073600000000000000000000000000e+07 1.000000000000000000000000000000e+01
3.100973900000000000000000000000e+07 8.294400000000000000000000000000e+07 8.294400000000000000000000000000e+07 1.100000000000000000000000000000e+01
1.139537380000000000000000000000e+08 3.317760000000000000000000000000e+08 3.317760000000000000000000000000e+08 1.200000000000000000000000000000e+01
4.457297370000000000000000000000e+08 4.976640000000000000000000000000e+08 4.976640000000000000000000000000e+08 1.300000000000000000000000000000e+01
9.433937360000000000000000000000e+08 1.990656000000000000000000000000e+09 1.990656000000000000000000000000e+09 1.400000000000000000000000000000e+01
2.934049735000000000000000000000e+09 7.962624000000000000000000000000e+09 7.962624000000000000000000000000e+09 1.500000000000000000000000000000e+01
1.089667373400000000000000000000e+10 3.185049600000000000000000000000e+10 3.185049600000000000000000000000e+10 1.600000000000000000000000000000e+01
4.274716973300000000000000000000e+10 1.274019840000000000000000000000e+11 1.274019840000000000000000000000e+11 1.700000000000000000000000000000e+01
1.000000000000000000000000000000e+00 9.990000000000000000000000000000e+02 9.990000000000000000000000000000e+02 1.800000000000000000000000000000e+01
1.000000000000000000000000000000e+03 1.499000000000000000000000000000e+03 1.499000000000000000000000000000e+03 1.900000000000000000000000000000e+01
2.499000000000000000000000000000e+03 2.249000000000000000000000000000e+03 2.249000000000000000000000000000e+03 2.000000000000000000000000000000e+01
4.748000000000000000000000000000e+03 8.999000000000000000000000000000e+03 8.999000000000000000000000000000e+03 2.100000000000000000000000000000e+01
1.374700000000000000000000000000e+04 3.599900000000000000000000000000e+04 3.599900000000000000000000000000e+04 2.200000000000000000000000000000e+01
4.974600000000000000000000000000e+04 1.439990000000000000000000000000e+05 1.439990000000000000000000000000e+05 2.300000000000000000000000000000e+01
1.937450000000000000000000000000e+05 5.759990000000000000000000000000e+05 5.759990000000000000000000000000e+05 2.400000000000000000000000000000e+01
7.697440000000000000000000000000e+05 8.639990000000000000000000000000e+05 8.639990000000000000000000000000e+05 2.500000000000000000000000000000e+01
1.633743000000000000000000000000e+06 3.455999000000000000000000000000e+06 3.455999000000000000000000000000e+06 2.600000000000000000000000000000e+01
5.089742000000000000000000000000e+06 5.183999000000000000000000000000e+06 5.183999000000000000000000000000e+06 2.700000000000000000000000000000e+01
1.027374100000000000000000000000e+07 2.073599900000000000000000000000e+07 2.073599900000000000000000000000e+07 2.800000000000000000000000000000e+01
3.100974000000000000000000000000e+07 8.294399900000000000000000000000e+07 8.294399900000000000000000000000e+07 2.900000000000000000000000000000e+01
1.139537390000000000000000000000e+08 3.317759990000000000000000000000e+08 3.317759990000000000000000000000e+08 3.000000000000000000000000000000e+01
4.457297380000000000000000000000e+08 4.976639990000000000000000000000e+08 4.976639990000000000000000000000e+08 3.100000000000000000000000000000e+01
9.433937370000000000000000000000e+08 1.990655999000000000000000000000e+09 1.990655999000000000000000000000e+09 3.200000000000000000000000000000e+01
2.934049736000000000000000000000e+09 7.962623999000000000000000000000e+09 7.962623999000000000000000000000e+09 3.300000000000000000000000000000e+01
1.089667373500000000000000000000e+10 3.185049599900000000000000000000e+10 3.185049599900000000000000000000e+10 3.400000000000000000000000000000e+01
4.274716973400000000000000000000e+10 1.274019839980000000000000000000e+11 1.274019839980000000000000000000e+11 3.500000000000000000000000000000e+01
1.701491537320000000000000000000e+11 1.911029759990000000000000000000e+11 1.911029759990000000000000000000e+11 3.600000000000000000000000000000e+01
