0.000000000000000000000000000000e+00 1.000000000000000000000000000000e+03 1.000000000000000000000000000000e+03 0.000000000000000000000000000000e+00
9.990000000000000000000000000000e+02 1.500000000000000000000000000000e+03 1.500000000000000000000000000000e+03 1.000000000000000000000000000000e+00
2.498000000000000000000000000000e+03 2.250000000000000000000000000000e+03 2.250000000000000000000000000000e+03 2.000000000000000000000000000000e+00
4.747000000000000000000000000000e+03 9.000000000000000000000000000000e+03 9.000000000000000000000000000000e+03 3.000000000000000000000000000000e+00
1.374600000000000000000000000000e+04 1.350000000000000000000000000000e+04 1.350000000000000000000000000000e+04 4.000000000000000000000000000000e+00
2.724500000000000000000000000000e+04 5.400000000000000000000000000000e+04 5.400000000000000000000000000000e+04 5.000000000000000000000000000000e+00
8.124400000000000000000000000000e+04 8.100000000000000000000000000000e+04 8.100000000000000000000000000000e+04 6.000000000000000000000000000000e+00
1.622430000000000000000000000000e+05 1.215000000000000000000000000000e+05 1.215000000000000000000000000000e+05 7.000000000000000000000000000000e+00
2.837420000000000000000000000000e+05 1.822500000000000000000000000000e+05 1.822500000000000000000000000000e+05 8.000000000000000000000000000000e+00
4.659910000000000000000000000000e+05 7.290000000000000000000000000000e+05 7.290000000000000000000000000000e+05 9.000000000000000000000000000000e+00
1.194990000000000000000000000000e+06 1.093500000000000000000000000000e+06 1.093500000000000000000000000000e+06 1.000000000000000000000000000000e+01
2.288489000000000000000000000000e+06 4.374000000000000000000000000000e+06 4.374000000000000000000000000000e+06 1.100000000000000000000000000000e+01
6.662488000000000000000000000000e+06 6.561000000000000000000000000000e+06 6.561000000000000000000000000000e+06 1.200000000000000000000000000000e+01
1.322348700000000000000000000000e+07 9.841500000000000000000000000000e+06 9.841500000000000000000000000000e+06 1.300000000000000000000000000000e+01
2.306498600000000000000000000000e+07 1.476225000000000000000000000000e+07 1.476225000000000000000000000000e+07 1.400000000000000000000000000000e+01
3.782723500000000000000000000000e+07 2.214337500000000000000000000000e+07 2.214337500000000000000000000000e+07 1.500000000000000000000000000000e+01
5.997060900000000000000000000000e+07 3.321506250000000000000000000000e+07 3.321506250000000000000000000000e+07 1.600000000000000000000000000000e+01
9.318567050000000000000000000000e+07 4.982259375000000000000000000000e+07 4.982259375000000000000000000000e+07 1.700000000000000000000000000000e+01
1.000000000000000000000000000000e+00 9.990000000000000000000000000000e+02 9.990000000000000000000000000000e+02 1.800000000000000000000000000000e+01
1.000000000000000000000000000000e+03 1.499000000000000000000000000000e+03 1.499000000000000000000000000000e+03 1.900000000000000000000000000000e+01
2.499000000000000000000000000000e+03 2.249000000000000000000000000000e+03 2.249000000000000000000000000000e+03 2.000000000000000000000000000000e+01
4.748000000000000000000000000000e+03 8.999000000000000000000000000000e+03 8.999000000000000000000000000000e+03 2.100000000000000000000000000000e+01
1.374700000000000000000000000000e+04 1.349900000000000000000000000000e+04 1.349900000000000000000000000000e+04 2.200000000000000000000000000000e+01
2.724600000000000000000000000000e+04 5.399900000000000000000000000000e+04 5.399900000000000000000000000000e+04 2.300000000000000000000000000000e+01
8.124500000000000000000000000000e+04 8.099900000000000000000000000000e+04 8.099900000000000000000000000000e+04 2.400000000000000000000000000000e+01
1.622440000000000000000000000000e+05 1.214990000000000000000000000000e+05 1.214990000000000000000000000000e+05 2.500000000000000000000000000000e+01
2.837430000000000000000000000000e+05 1.822490000000000000000000000000e+05 1.822490000000000000000000000000e+05 2.600000000000000000000000000000e+01
4.659920000000000000000000000000e+05 7.289990000000000000000000000000e+05 7.289990000000000000000000000000e+05 2.700000000000000000000000000000e+01
1.194991000000000000000000000000e+06 1.093499000000000000000000000000e+06 1.093499000000000000000000000000e+06 2.800000000000000000000000000000e+01
2.288490000000000000000000000000e+06 4.373999000000000000000000000000e+06 4.373999000000000000000000000000e+06 2.900000000000000000000000000000e+01
6.662489000000000000000000000000e+06 6.560999000000000000000000000000e+06 6.560999000000000000000000000000e+06 3.000000000000000000000000000000e+01
1.322348800000000000000000000000e+07 9.841499000000000000000000000000e+06 9.841499000000000000000000000000e+06 3.100000000000000000000000000000e+01
2.306498700000000000000000000000e+07 1.476224900000000000000000000000e+07 1.476224900000000000000000000000e+07 3.200000000000000000000000000000e+01
3.782723600000000000000000000000e+07 2.214337400000000000000000000000e+07 2.214337400000000000000000000000e+07 3.300000000000000000000000000000e+01
5.997061000000000000000000000000e+07 3.321506150000000000000000000000e+07 3.321506150000000000000000000000e+07 3.400000000000000000000000000000e+01
9.318567150000000000000000000000e+07 4.982259175000000000000000000000e+07 4.982259175000000000000000000000e+07 3.500000000000000000000000000000e+01
1.430082632500000000000000000000e+08 7.473388962500000000000000000000e+07 7.473388962500000000000000000000e+07 3.600000000000000000000000000000e+01
