0.000000000000000000000000000000e+00 1.000000000000000000000000000000e+03 1.000000000000000000000000000000e+03 0.000000000000000000000000000000e+00
9.990000000000000000000000000000e+02 4.000000000000000000000000000000e+03 4.000000000000000000000000000000e+03 1.000000000000000000000000000000e+00
4.998000000000000000000000000000e+03 6.000000000000000000000000000000e+03 6.000000000000000000000000000000e+03 2.000000000000000000000000000000e+00
1.099700000000000000000000000000e+04 2.400000000000000000000000000000e+04 2.400000000000000000000000000000e+04 3.000000000000000000000000000000e+00
3.499600000000000000000000000000e+04 3.600000000000000000000000000000e+04 3.600000000000000000000000000000e+04 4.000000000000000000000000000000e+00
7.099500000000000000000000000000e+04 5.400000000000000000000000000000e+04 5.400000000000000000000000000000e+04 5.000000000000000000000000000000e+00
1.249940000000000000000000000000e+05 2.160000000000000000000000000000e+05 2.160000000000000000000000000000e+05 6.000000000000000000000000000000e+00
3.409930000000000000000000000000e+05 3.240000000000000000000000000000e+05 3.240000000000000000000000000000e+05 7.000000000000000000000000000000e+00
6.649920000000000000000000000000e+05 1.296000000000000000000000000000e+06 1.296000000000000000000000000000e+06 8.000000000000000000000000000000e+00
1.960991000000000000000000000000e+06 5.184000000000000000000000000000e+06 5.184000000000000000000000000000e+06 9.000000000000000000000000000000e+00
7.144990000000000000000000000000e+06 7.776000000000000000000000000000e+06 7.776000000000000000000000000000e+06 1.000000000000000000000000000000e+01
1.492098900000000000000000000000e+07 1.166400000000000000000000000000e+07 1.166400000000000000000000000000e+07 1.100000000000000000000000000000e+01
2.658498800000000000000000000000e+07 4.665600000000000000000000000000e+07 4.665600000000000000000000000000e+07 1.200000000000000000000000000000e+01
7.324098700000000000000000000000e+07 1.866240000000000000000000000000e+08 1.866240000000000000000000000000e+08 1.300000000000000000000000000000e+01
2.598649860000000000000000000000e+08 2.799360000000000000000000000000e+08 2.799360000000000000000000000000e+08 1.400000000000000000000000000000e+01
5.398009850000000000000000000000e+08 4.199040000000000000000000000000e+08 4.199040000000000000000000000000e+08 1.500000000000000000000000000000e+01
9.597049840000000000000000000000e+08 1.679616000000000000000000000000e+09 1.679616000000000000000000000000e+09 1.600000000000000000000000000000e+01
2.639320983000000000000000000000e+09 2.519424000000000000000000000000e+09 2.519424000000000000000000000000e+09 1.700000000000000000000000000000e+01
1.000000000000000000000000000000e+00 9.990000000000000000000000000000e+02 9.990000000000000000000000000000e+02 1.800000000000000000000000000000e+01
1.000000000000000000000000000000e+03 3.999000000000000000000000000000e+03 3.999000000000000000000000000000e+03 1.900000000000000000000000000000e+01
4.999000000000000000000000000000e+03 5.999000000000000000000000000000e+03 5.999000000000000000000000000000e+03 2.000000000000000000000000000000e+01
1.099800000000000000000000000000e+04 2.399900000000000000000000000000e+04 2.399900000000000000000000000000e+04 2.100000000000000000000000000000e+01
3.499700000000000000000000000000e+04 3.599900000000000000000000000000e+04 3.599900000000000000000000000000e+04 2.200000000000000000000000000000e+01
7.099600000000000000000000000000e+04 5.399900000000000000000000000000e+04 5.399900000000000000000000000000e+04 2.300000000000000000000000000000e+01
1.249950000000000000000000000000e+05 2.159990000000000000000000000000e+05 2.159990000000000000000000000000e+05 2.400000000000000000000000000000e+01
3.409940000000000000000000000000e+05 3.239990000000000000000000000000e+05 3.239990000000000000000000000000e+05 2.500000000000000000000000000000e+01
6.649930000000000000000000000000e+05 1.295999000000000000000000000000e+06 1.295999000000000000000000000000e+06 2.600000000000000000000000000000e+01
1.960992000000000000000000000000e+06 5.183999000000000000000000000000e+06 5.183999000000000000000000000000e+06 2.700000000000000000000000000000e+01
7.144991000000000000000000000000e+06 7.775999000000000000000000000000e+06 7.775999000000000000000000000000e+06 2.800000000000000000000000000000e+01
1.492099000000000000000000000000e+07 1.166399900000000000000000000000e+07 1.166399900000000000000000000000e+07 2.900000000000000000000000000000e+01
2.658498900000000000000000000000e+07 4.665599900000000000000000000000e+07 4.665599900000000000000000000000e+07 3.000000000000000000000000000000e+01
7.324098800000000000000000000000e+07 1.866239990000000000000000000000e+08 1.866239990000000000000000000000e+08 3.100000000000000000000000000000e+01
2.598649870000000000000000000000e+08 2.799359990000000000000000000000e+08 2.799359990000000000000000000000e+08 3.200000000000000000000000000000e+01
5.398009860000000000000000000000e+08 4.199039990000000000000000000000e+08 4.199039990000000000000000000000e+08 3.300000000000000000000000000000e+01
9.597049850000000000000000000000e+08 1.679615999000000000000000000000e+09 1.679615999000000000000000000000e+09 3.400000000000000000000000000000e+01
2.639320984000000000000000000000e+09 2.519423998000000000000000000000e+09 2.519423998000000000000000000000e+09 3.500000000000000000000000000000e+01
5.158744982000000000000000000000e+09 3.779135999000000000000000000000e+09 3.779135999000000000000000000000e+09 3.600000000000000000000000000000e+01
