0.000000000000000000000000000000e+00 1.000000000000000000000000000000e+03 1.000000000000000000000000000000e+03 0.000000000000000000000000000000e+00
9.990000000000000000000000000000e+02 1.500000000000000000000000000000e+03 1.500000000000000000000000000000e+03 1.000000000000000000000000000000e+00
2.498000000000000000000000000000e+03 6.000000000000000000000000000000e+03 6.000000000000000000000000000000e+03 2.000000000000000000000000000000e+00
8.497000000000000000000000000000e+03 9.000000000000000000000000000000e+03 9.000000000000000000000000000000e+03 3.000000000000000000000000000000e+00
1.749600000000000000000000000000e+04 1.350000000000000000000000000000e+04 1.350000000000000000000000000000e+04 4.000000000000000000000000000000e+00
3.099500000000000000000000000000e+04 2.025000000000000000000000000000e+04 2.025000000000000000000000000000e+04 5.000000000000000000000000000000e+00
5.124400000000000000000000000000e+04 3.037500000000000000000000000000e+04 3.037500000000000000000000000000e+04 6.000000000000000000000000000000e+00
8.161800000000000000000000000000e+04 4.556250000000000000000000000000e+04 4.556250000000000000000000000000e+04 7.000000000000000000000000000000e+00
1.271795000000000000000000000000e+05 1.822500000000000000000000000000e+05 1.822500000000000000000000000000e+05 8.000000000000000000000000000000e+00
3.094285000000000000000000000000e+05 7.290000000000000000000000000000e+05 7.290000000000000000000000000000e+05 9.000000000000000000000000000000e+00
1.038427500000000000000000000000e+06 1.093500000000000000000000000000e+06 1.093500000000000000000000000000e+06 1.000000000000000000000000000000e+01
2.131926500000000000000000000000e+06 1.640250000000000000000000000000e+06 1.640250000000000000000000000000e+06 1.100000000000000000000000000000e+01
3.772175500000000000000000000000e+06 6.561000000000000000000000000000e+06 6.561000000000000000000000000000e+06 1.200000000000000000000000000000e+01
1.033317450000000000000000000000e+07 2.624400000000000000000000000000e+07 2.624400000000000000000000000000e+07 1.300000000000000000000000000000e+01
3.657717350000000000000000000000e+07 3.936600000000000000000000000000e+07 3.936600000000000000000000000000e+07 1.400000000000000000000000000000e+01
7.594317250000000000000000000000e+07 1.574640000000000000000000000000e+08 1.574640000000000000000000000000e+08 1.500000000000000000000000000000e+01
2.334071715000000000000000000000e+08 6.298560000000000000000000000000e+08 6.298560000000000000000000000000e+08 1.600000000000000000000000000000e+01
8.632631705000000000000000000000e+08 9.447840000000000000000000000000e+08 9.447840000000000000000000000000e+08 1.700000000000000000000000000000e+01
1.000000000000000000000000000000e+00 9.990000000000000000000000000000e+02 9.990000000000000000000000000000e+02 1.800000000000000000000000000000e+01
1.000000000000000000000000000000e+03 1.499000000000000000000000000000e+03 1.499000000000000000000000000000e+03 1.900000000000000000000000000000e+01
2.499000000000000000000000000000e+03 5.999000000000000000000000000000e+03 5.999000000000000000000000000000e+03 2.000000000000000000000000000000e+01
8.498000000000000000000000000000e+03 8.999000000000000000000000000000e+03 8.999000000000000000000000000000e+03 2.100000000000000000000000000000e+01
1.749700000000000000000000000000e+04 1.349900000000000000000000000000e+04 1.349900000000000000000000000000e+04 2.200000000000000000000000000000e+01
3.099600000000000000000000000000e+04 2.024900000000000000000000000000e+04 2.024900000000000000000000000000e+04 2.300000000000000000000000000000e+01
5.124500000000000000000000000000e+04 3.037400000000000000000000000000e+04 3.037400000000000000000000000000e+04 2.400000000000000000000000000000e+01
8.161900000000000000000000000000e+04 4.556150000000000000000000000000e+04 4.556150000000000000000000000000e+04 2.500000000000000000000000000000e+01
1.271805000000000000000000000000e+05 1.822490000000000000000000000000e+05 1.822490000000000000000000000000e+05 2.600000000000000000000000000000e+01
3.094295000000000000000000000000e+05 7.289990000000000000000000000000e+05 7.289990000000000000000000000000e+05 2.700000000000000000000000000000e+01
1.038428500000000000000000000000e+06 1.093499000000000000000000000000e+06 1.093499000000000000000000000000e+06 2.800000000000000000000000000000e+01
2.131927500000000000000000000000e+06 1.640249000000000000000000000000e+06 1.640249000000000000000000000000e+06 2.900000000000000000000000000000e+01
3.772176500000000000000000000000e+06 6.560999000000000000000000000000e+06 6.560999000000000000000000000000e+06 3.000000000000000000000000000000e+01
1.033317550000000000000000000000e+07 2.624399900000000000000000000000e+07 2.624399900000000000000000000000e+07 3.100000000000000000000000000000e+01
3.657717450000000000000000000000e+07 3.936599900000000000000000000000e+07 3.936599900000000000000000000000e+07 3.200000000000000000000000000000e+01
7.594317350000000000000000000000e+07 1.574639990000000000000000000000e+08 1.574639990000000000000000000000e+08 3.300000000000000000000000000000e+01
2.334071725000000000000000000000e+08 6.298559990000000000000000000000e+08 6.298559990000000000000000000000e+08 3.400000000000000000000000000000e+01
8.632631715000000000000000000000e+08 9.447839980000000000000000000000e+08 9.447839980000000000000000000000e+08 3.500000000000000000000000000000e+01
1.808047169500000000000000000000e+09 1.417175999000000000000000000000e+09 1.417175999000000000000000000000e+09 3.600000000000000000000000000000e+01
