0.000000000000000000000000000000e+00 1.000000000000000000000000000000e+03 1.000000000000000000000000000000e+03 0.000000000000000000000000000000e+00
9.990000000000000000000000000000e+02 4.000000000000000000000000000000e+03 4.000000000000000000000000000000e+03 1.000000000000000000000000000000e+00
4.998000000000000000000000000000e+03 1.600000000000000000000000000000e+04 1.600000000000000000000000000000e+04 2.000000000000000000000000000000e+00
2.099700000000000000000000000000e+04 6.400000000000000000000000000000e+04 6.400000000000000000000000000000e+04 3.000000000000000000000000000000e+00
8.499600000000000000000000000000e+04 2.560000000000000000000000000000e+05 2.560000000000000000000000000000e+05 4.000000000000000000000000000000e+00
3.409950000000000000000000000000e+05 3.840000000000000000000000000000e+05 3.840000000000000000000000000000e+05 5.000000000000000000000000000000e+00
7.249940000000000000000000000000e+05 1.536000000000000000000000000000e+06 1.536000000000000000000000000000e+06 6.000000000000000000000000000000e+00
2.260993000000000000000000000000e+06 6.144000000000000000000000000000e+06 6.144000000000000000000000000000e+06 7.000000000000000000000000000000e+00
8.404992000000000000000000000000e+06 9.216000000000000000000000000000e+06 9.216000000000000000000000000000e+06 8.000000000000000000000000000000e+00
1.762099100000000000000000000000e+07 3.686400000000000000000000000000e+07 3.686400000000000000000000000000e+07 9.000000000000000000000000000000e+00
5.448499000000000000000000000000e+07 1.474560000000000000000000000000e+08 1.474560000000000000000000000000e+08 1.000000000000000000000000000000e+01
2.019409890000000000000000000000e+08 2.211840000000000000000000000000e+08 2.211840000000000000000000000000e+08 1.100000000000000000000000000000e+01
4.231249880000000000000000000000e+08 3.317760000000000000000000000000e+08 3.317760000000000000000000000000e+08 1.200000000000000000000000000000e+01
7.549009870000000000000000000000e+08 1.327104000000000000000000000000e+09 1.327104000000000000000000000000e+09 1.300000000000000000000000000000e+01
2.082004986000000000000000000000e+09 5.308416000000000000000000000000e+09 5.308416000000000000000000000000e+09 1.400000000000000000000000000000e+01
7.390420985000000000000000000000e+09 2.123366400000000000000000000000e+10 2.123366400000000000000000000000e+10 1.500000000000000000000000000000e+01
2.862408498400000000000000000000e+10 8.493465600000000000000000000000e+10 8.493465600000000000000000000000e+10 1.600000000000000000000000000000e+01
1.135587409830000000000000000000e+11 3.397386240000000000000000000000e+11 3.397386240000000000000000000000e+11 1.700000000000000000000000000000e+01
1.000000000000000000000000000000e+00 9.990000000000000000000000000000e+02 9.990000000000000000000000000000e+02 1.800000000000000000000000000000e+01
1.000000000000000000000000000000e+03 3.999000000000000000000000000000e+03 3.999000000000000000000000000000e+03 1.900000000000000000000000000000e+01
4.999000000000000000000000000000e+03 1.599900000000000000000000000000e+04 1.599900000000000000000000000000e+04 2.000000000000000000000000000000e+01
2.099800000000000000000000000000e+04 6.399900000000000000000000000000e+04 6.399900000000000000000000000000e+04 2.100000000000000000000000000000e+01
8.499700000000000000000000000000e+04 2.559990000000000000000000000000e+05 2.559990000000000000000000000000e+05 2.200000000000000000000000000000e+01
3.409960000000000000000000000000e+05 3.839990000000000000000000000000e+05 3.839990000000000000000000000000e+05 2.300000000000000000000000000000e+01
7.249950000000000000000000000000e+05 1.535999000000000000000000000000e+06 1.535999000000000000000000000000e+06 2.400000000000000000000000000000e+01
2.260994000000000000000000000000e+06 6.143999000000000000000000000000e+06 6.143999000000000000000000000000e+06 2.500000000000000000000000000000e+01
8.404993000000000000000000000000e+06 9.215999000000000000000000000000e+06 9.215999000000000000000000000000e+06 2.600000000000000000000000000000e+01
1.762099200000000000000000000000e+07 3.686399900000000000000000000000e+07 3.686399900000000000000000000000e+07 2.700000000000000000000000000000e+01
5.448499100000000000000000000000e+07 1.474559990000000000000000000000e+08 1.474559990000000000000000000000e+08 2.800000000000000000000000000000e+01
2.019409900000000000000000000000e+08 2.211839990000000000000000000000e+08 2.211839990000000000000000000000e+08 2.900000000000000000000000000000e+01
4.231249890000000000000000000000e+08 3.317759990000000000000000000000e+08 3.317759990000000000000000000000e+08 3.000000000000000000000000000000e+01
7.549009880000000000000000000000e+08 1.327103999000000000000000000000e+09 1.327103999000000000000000000000e+09 3.100000000000000000000000000000e+01
2.082004987000000000000000000000e+09 5.308415999000000000000000000000e+09 5.308415999000000000000000000000e+09 3.200000000000000000000000000000e+01
7.390420986000000000000000000000e+09 2.123366399900000000000000000000e+10 2.123366399900000000000000000000e+10 3.300000000000000000000000000000e+01
2.862408498500000000000000000000e+10 8.493465599900000000000000000000e+10 8.493465599900000000000000000000e+10 3.400000000000000000000000000000e+01
1.135587409840000000000000000000e+11 3.397386239980000000000000000000e+11 3.397386239980000000000000000000e+11 3.500000000000000000000000000000e+01
4.532973649820000000000000000000e+11 1.358954495999000000000000000000e+12 1.358954495999000000000000000000e+12 3.600000000000000000000000000000e+01
