0.000000000000000000000000000000e+00 1.000000000000000000000000000000e+03 1.000000000000000000000000000000e+03 0.000000000000000000000000000000e+00
9.990000000000000000000000000000e+02 4.000000000000000000000000000000e+03 4.000000000000000000000000000000e+03 1.000000000000000000000000000000e+00
4.998000000000000000000000000000e+03 1.600000000000000000000000000000e+04 1.600000000000000000000000000000e+04 2.000000000000000000000000000000e+00
2.099700000000000000000000000000e+04 6.400000000000000000000000000000e+04 6.400000000000000000000000000000e+04 3.000000000000000000000000000000e+00
8.499600000000000000000000000000e+04 2.560000000000000000000000000000e+05 2.560000000000000000000000000000e+05 4.000000000000000000000000000000e+00
3.409950000000000000000000000000e+05 1.024000000000000000000000000000e+06 1.024000000000000000000000000000e+06 5.000000000000000000000000000000e+00
1.364994000000000000000000000000e+06 4.096000000000000000000000000000e+06 4.096000000000000000000000000000e+06 6.000000000000000000000000000000e+00
5.460993000000000000000000000000e+06 1.638400000000000000000000000000e+07 1.638400000000000000000000000000e+07 7.000000000000000000000000000000e+00
2.184499200000000000000000000000e+07 2.457600000000000000000000000000e+07 2.457600000000000000000000000000e+07 8.000000000000000000000000000000e+00
4.642099100000000000000000000000e+07 3.686400000000000000000000000000e+07 3.686400000000000000000000000000e+07 9.000000000000000000000000000000e+00
8.328499000000000000000000000000e+07 1.474560000000000000000000000000e+08 1.474560000000000000000000000000e+08 1.000000000000000000000000000000e+01
2.307409890000000000000000000000e+08 2.211840000000000000000000000000e+08 2.211840000000000000000000000000e+08 1.100000000000000000000000000000e+01
4.519249880000000000000000000000e+08 8.847360000000000000000000000000e+08 8.847360000000000000000000000000e+08 1.200000000000000000000000000000e+01
1.336660987000000000000000000000e+09 3.538944000000000000000000000000e+09 3.538944000000000000000000000000e+09 1.300000000000000000000000000000e+01
4.875604986000000000000000000000e+09 1.415577600000000000000000000000e+10 1.415577600000000000000000000000e+10 1.400000000000000000000000000000e+01
1.903138098500000000000000000000e+10 5.662310400000000000000000000000e+10 5.662310400000000000000000000000e+10 1.500000000000000000000000000000e+01
7.565448498400000000000000000000e+10 2.264924160000000000000000000000e+11 2.264924160000000000000000000000e+11 1.600000000000000000000000000000e+01
3.021469009830000000000000000000e+11 9.059696640000000000000000000000e+11 9.059696640000000000000000000000e+11 1.700000000000000000000000000000e+01
1.000000000000000000000000000000e+00 9.990000000000000000000000000000e+02 9.990000000000000000000000000000e+02 1.800000000000000000000000000000e+01
1.000000000000000000000000000000e+03 3.999000000000000000000000000000e+03 3.999000000000000000000000000000e+03 1.900000000000000000000000000000e+01
4.999000000000000000000000000000e+03 1.599900000000000000000000000000e+04 1.599900000000000000000000000000e+04 2.000000000000000000000000000000e+01
2.099800000000000000000000000000e+04 6.399900000000000000000000000000e+04 6.399900000000000000000000000000e+04 2.100000000000000000000000000000e+01
8.499700000000000000000000000000e+04 2.559990000000000000000000000000e+05 2.559990000000000000000000000000e+05 2.200000000000000000000000000000e+01
3.409960000000000000000000000000e+05 1.023999000000000000000000000000e+06 1.023999000000000000000000000000e+06 2.300000000000000000000000000000e+01
1.364995000000000000000000000000e+06 4.095999000000000000000000000000e+06 4.095999000000000000000000000000e+06 2.400000000000000000000000000000e+01
5.460994000000000000000000000000e+06 1.638399900000000000000000000000e+07 1.638399900000000000000000000000e+07 2.500000000000000000000000000000e+01
2.184499300000000000000000000000e+07 2.457599900000000000000000000000e+07 2.457599900000000000000000000000e+07 2.600000000000000000000000000000e+01
4.642099200000000000000000000000e+07 3.686399900000000000000000000000e+07 3.686399900000000000000000000000e+07 2.700000000000000000000000000000e+01
8.328499100000000000000000000000e+07 1.474559990000000000000000000000e+08 1.474559990000000000000000000000e+08 2.800000000000000000000000000000e+01
2.307409900000000000000000000000e+08 2.211839990000000000000000000000e+08 2.211839990000000000000000000000e+08 2.900000000000000000000000000000e+01
4.519249890000000000000000000000e+08 8.847359990000000000000000000000e+08 8.847359990000000000000000000000e+08 3.000000000000000000000000000000e+01
1.336660988000000000000000000000e+09 3.538943999000000000000000000000e+09 3.538943999000000000000000000000e+09 3.100000000000000000000000000000e+01
4.875604987000000000000000000000e+09 1.415577599900000000000000000000e+10 1.415577599900000000000000000000e+10 3.200000000000000000000000000000e+01
1.903138098600000000000000000000e+10 5.662310399900000000000000000000e+10 5.662310399900000000000000000000e+10 3.300000000000000000000000000000e+01
7.565448498500000000000000000000e+10 2.264924159990000000000000000000e+11 2.264924159990000000000000000000e+11 3.400000000000000000000000000000e+01
3.021469009840000000000000000000e+11 9.059696639980000000000000000000e+11 9.059696639980000000000000000000e+11 3.500000000000000000000000000000e+01
1.208116564982000000000000000000e+12 1.358954495999000000000000000000e+12 1.358954495999000000000000000000e+12 3.600000000000000000000000000000e+01
