0.000000000000000000000000000000e+00 1.000000000000000000000000000000e+03 1.000000000000000000000000000000e+03 0.000000000000000000000000000000e+00
9.990000000000000000000000000000e+02 4.000000000000000000000000000000e+03 4.000000000000000000000000000000e+03 1.000000000000000000000000000000e+00
4.998000000000000000000000000000e+03 1.600000000000000000000000000000e+04 1.600000000000000000000000000000e+04 2.000000000000000000000000000000e+00
2.099700000000000000000000000000e+04 6.400000000000000000000000000000e+04 6.400000000000000000000000000000e+04 3.000000000000000000000000000000e+00
8.499600000000000000000000000000e+04 2.560000000000000000000000000000e+05 2.560000000000000000000000000000e+05 4.000000000000000000000000000000e+00
3.409950000000000000000000000000e+05 1.024000000000000000000000000000e+06 1.024000000000000000000000000000e+06 5.000000000000000000000000000000e+00
1.364994000000000000000000000000e+06 1.536000000000000000000000000000e+06 1.536000000000000000000000000000e+06 6.000000000000000000000000000000e+00
2.900993000000000000000000000000e+06 6.144000000000000000000000000000e+06 6.144000000000000000000000000000e+06 7.000000000000000000000000000000e+00
9.044992000000000000000000000000e+06 9.216000000000000000000000000000e+06 9.216000000000000000000000000000e+06 8.000000000000000000000000000000e+00
1.826099100000000000000000000000e+07 3.686400000000000000000000000000e+07 3.686400000000000000000000000000e+07 9.000000000000000000000000000000e+00
5.512499000000000000000000000000e+07 1.474560000000000000000000000000e+08 1.474560000000000000000000000000e+08 1.000000000000000000000000000000e+01
2.025809890000000000000000000000e+08 2.211840000000000000000000000000e+08 2.211840000000000000000000000000e+08 1.100000000000000000000000000000e+01
4.237649880000000000000000000000e+08 3.317760000000000000000000000000e+08 3.317760000000000000000000000000e+08 1.200000000000000000000000000000e+01
7.555409870000000000000000000000e+08 1.327104000000000000000000000000e+09 1.327104000000000000000000000000e+09 1.300000000000000000000000000000e+01
2.082644986000000000000000000000e+09 1.990656000000000000000000000000e+09 1.990656000000000000000000000000e+09 1.400000000000000000000000000000e+01
4.073300985000000000000000000000e+09 7.962624000000000000000000000000e+09 7.962624000000000000000000000000e+09 1.500000000000000000000000000000e+01
1.203592498400000000000000000000e+10 1.194393600000000000000000000000e+10 1.194393600000000000000000000000e+10 1.600000000000000000000000000000e+01
2.397986098300000000000000000000e+10 4.777574400000000000000000000000e+10 4.777574400000000000000000000000e+10 1.700000000000000000000000000000e+01
1.000000000000000000000000000000e+00 9.990000000000000000000000000000e+02 9.990000000000000000000000000000e+02 1.800000000000000000000000000000e+01
1.000000000000000000000000000000e+03 3.999000000000000000000000000000e+03 3.999000000000000000000000000000e+03 1.900000000000000000000000000000e+01
4.999000000000000000000000000000e+03 1.599900000000000000000000000000e+04 1.599900000000000000000000000000e+04 2.000000000000000000000000000000e+01
2.099800000000000000000000000000e+04 6.399900000000000000000000000000e+04 6.399900000000000000000000000000e+04 2.100000000000000000000000000000e+01
8.499700000000000000000000000000e+04 2.559990000000000000000000000000e+05 2.559990000000000000000000000000e+05 2.200000000000000000000000000000e+01
3.409960000000000000000000000000e+05 1.023999000000000000000000000000e+06 1.023999000000000000000000000000e+06 2.300000000000000000000000000000e+01
1.364995000000000000000000000000e+06 1.535999000000000000000000000000e+06 1.535999000000000000000000000000e+06 2.400000000000000000000000000000e+01
2.900994000000000000000000000000e+06 6.143999000000000000000000000000e+06 6.143999000000000000000000000000e+06 2.500000000000000000000000000000e+01
9.044993000000000000000000000000e+06 9.215999000000000000000000000000e+06 9.215999000000000000000000000000e+06 2.600000000000000000000000000000e+01
1.826099200000000000000000000000e+07 3.686399900000000000000000000000e+07 3.686399900000000000000000000000e+07 2.700000000000000000000000000000e+01
5.512499100000000000000000000000e+07 1.474559990000000000000000000000e+08 1.474559990000000000000000000000e+08 2.800000000000000000000000000000e+01
2.025809900000000000000000000000e+08 2.211839990000000000000000000000e+08 2.211839990000000000000000000000e+08 2.900000000000000000000000000000e+01
4.237649890000000000000000000000e+08 3.317759990000000000000000000000e+08 3.317759990000000000000000000000e+08 3.000000000000000000000000000000e+01
7.555409880000000000000000000000e+08 1.327103999000000000000000000000e+09 1.327103999000000000000000000000e+09 3.100000000000000000000000000000e+01
2.082644987000000000000000000000e+09 1.990655999000000000000000000000e+09 1.990655999000000000000000000000e+09 3.200000000000000000000000000000e+01
4.073300986000000000000000000000e+09 7.962623999000000000000000000000e+09 7.962623999000000000000000000000e+09 3.300000000000000000000000000000e+01
1.203592498500000000000000000000e+10 1.194393599900000000000000000000e+10 1.194393599900000000000000000000e+10 3.400000000000000000000000000000e+01
2.397986098400000000000000000000e+10 4.777574399800000000000000000000e+10 4.777574399800000000000000000000e+10 3.500000000000000000000000000000e+01
7.175560498200000000000000000000e+10 1.911029759990000000000000000000e+11 1.911029759990000000000000000000e+11 3.600000000000000000000000000000e+01
