6.000000000000000000000000000000e+00 2.400000000000000000000000000000e+02 1.388184000000000000000000000000e+07 0.000000000000000000000000000000e+00
7.000000000000000000000000000000e+00 6.000000000000000000000000000000e+00 2.580000000000000000000000000000e+02 1.000000000000000000000000000000e+00
8.000000000000000000000000000000e+00 3.000000000000000000000000000000e+02 2.709030000000000000000000000000e+07 2.000000000000000000000000000000e+00
1.100000000000000000000000000000e+01 2.200000000000000000000000000000e+01 1.115400000000000000000000000000e+04 3.000000000000000000000000000000e+00
1.200000000000000000000000000000e+01 1.170000000000000000000000000000e+02 1.615419000000000000000000000000e+06 4.000000000000000000000000000000e+00
1.400000000000000000000000000000e+01 2.220000000000000000000000000000e+02 1.099055400000000000000000000000e+07 5.000000000000000000000000000000e+00
1.600000000000000000000000000000e+01 1.290000000000000000000000000000e+02 2.163459000000000000000000000000e+06 6.000000000000000000000000000000e+00
1.700000000000000000000000000000e+01 2.490000000000000000000000000000e+02 1.550049900000000000000000000000e+07 7.000000000000000000000000000000e+00
1.800000000000000000000000000000e+01 4.610000000000000000000000000000e+02 9.818516300000000000000000000000e+07 8.000000000000000000000000000000e+00
2.300000000000000000000000000000e+01 1.200000000000000000000000000000e+01 1.884000000000000000000000000000e+03 9.000000000000000000000000000000e+00
2.400000000000000000000000000000e+01 1.260000000000000000000000000000e+02 2.016378000000000000000000000000e+06 1.000000000000000000000000000000e+01
2.500000000000000000000000000000e+01 3.990000000000000000000000000000e+02 6.368079900000000000000000000000e+07 1.100000000000000000000000000000e+01
2.600000000000000000000000000000e+01 6.100000000000000000000000000000e+01 2.307630000000000000000000000000e+05 1.200000000000000000000000000000e+01
2.700000000000000000000000000000e+01 1.600000000000000000000000000000e+01 4.368000000000000000000000000000e+03 1.300000000000000000000000000000e+01
2.900000000000000000000000000000e+01 6.700000000000000000000000000000e+01 3.053190000000000000000000000000e+05 1.400000000000000000000000000000e+01
3.000000000000000000000000000000e+01 6.200000000000000000000000000000e+01 2.422340000000000000000000000000e+05 1.500000000000000000000000000000e+01
3.200000000000000000000000000000e+01 6.000000000000000000000000000000e+00 2.580000000000000000000000000000e+02 1.600000000000000000000000000000e+01
3.400000000000000000000000000000e+01 1.800000000000000000000000000000e+01 6.174000000000000000000000000000e+03 1.700000000000000000000000000000e+01
3.500000000000000000000000000000e+01 1.130000000000000000000000000000e+02 1.455779000000000000000000000000e+06 1.800000000000000000000000000000e+01
3.600000000000000000000000000000e+01 9.900000000000000000000000000000e+01 9.801990000000000000000000000000e+05 1.900000000000000000000000000000e+01
3.800000000000000000000000000000e+01 6.100000000000000000000000000000e+01 2.307630000000000000000000000000e+05 2.000000000000000000000000000000e+01
3.900000000000000000000000000000e+01 2.500000000000000000000000000000e+01 1.627500000000000000000000000000e+04 2.100000000000000000000000000000e+01
4.100000000000000000000000000000e+01 8.000000000000000000000000000000e+00 5.840000000000000000000000000000e+02 2.200000000000000000000000000000e+01
4.200000000000000000000000000000e+01 2.120000000000000000000000000000e+02 9.573284000000000000000000000000e+06 2.300000000000000000000000000000e+01
4.400000000000000000000000000000e+01 6.900000000000000000000000000000e+01 3.333390000000000000000000000000e+05 2.400000000000000000000000000000e+01
4.500000000000000000000000000000e+01 4.300000000000000000000000000000e+01 8.139900000000000000000000000000e+04 2.500000000000000000000000000000e+01
4.600000000000000000000000000000e+01 1.640000000000000000000000000000e+02 4.438004000000000000000000000000e+06 2.600000000000000000000000000000e+01
5.300000000000000000000000000000e+01 5.500000000000000000000000000000e+01 1.694550000000000000000000000000e+05 2.700000000000000000000000000000e+01
5.500000000000000000000000000000e+01 2.060000000000000000000000000000e+02 8.784458000000000000000000000000e+06 2.800000000000000000000000000000e+01
6.000000000000000000000000000000e+01 1.070000000000000000000000000000e+02 1.236599000000000000000000000000e+06 2.900000000000000000000000000000e+01
6.100000000000000000000000000000e+01 1.400000000000000000000000000000e+01 2.954000000000000000000000000000e+03 3.000000000000000000000000000000e+01
6.300000000000000000000000000000e+01 8.000000000000000000000000000000e+00 5.840000000000000000000000000000e+02 3.100000000000000000000000000000e+01
6.500000000000000000000000000000e+01 1.020000000000000000000000000000e+02 1.071714000000000000000000000000e+06 3.200000000000000000000000000000e+01
7.300000000000000000000000000000e+01 1.760000000000000000000000000000e+02 5.482928000000000000000000000000e+06 3.300000000000000000000000000000e+01
7.400000000000000000000000000000e+01 6.100000000000000000000000000000e+01 2.307630000000000000000000000000e+05 3.400000000000000000000000000000e+01
7.500000000000000000000000000000e+01 1.120000000000000000000000000000e+02 1.417584000000000000000000000000e+06 3.500000000000000000000000000000e+01
7.600000000000000000000000000000e+01 1.220000000000000000000000000000e+02 1.830854000000000000000000000000e+06 3.600000000000000000000000000000e+01
8.100000000000000000000000000000e+01 1.700000000000000000000000000000e+01 5.219000000000000000000000000000e+03 3.700000000000000000000000000000e+01
8.200000000000000000000000000000e+01 4.200000000000000000000000000000e+01 7.589400000000000000000000000000e+04 3.800000000000000000000000000000e+01
8.300000000000000000000000000000e+01 7.700000000000000000000000000000e+01 4.625390000000000000000000000000e+05 3.900000000000000000000000000000e+01
8.400000000000000000000000000000e+01 2.000000000000000000000000000000e+01 8.420000000000000000000000000000e+03 4.000000000000000000000000000000e+01
8.600000000000000000000000000000e+01 4.900000000000000000000000000000e+01 1.200990000000000000000000000000e+05 4.100000000000000000000000000000e+01
8.800000000000000000000000000000e+01 2.950000000000000000000000000000e+02 2.575969500000000000000000000000e+07 4.200000000000000000000000000000e+01
8.900000000000000000000000000000e+01 7.600000000000000000000000000000e+01 4.448280000000000000000000000000e+05 4.300000000000000000000000000000e+01
9.100000000000000000000000000000e+01 4.000000000000000000000000000000e+00 8.400000000000000000000000000000e+01 4.400000000000000000000000000000e+01
9.200000000000000000000000000000e+01 1.620000000000000000000000000000e+02 4.277934000000000000000000000000e+06 4.500000000000000000000000000000e+01
9.400000000000000000000000000000e+01 2.700000000000000000000000000000e+01 2.043900000000000000000000000000e+04 4.600000000000000000000000000000e+01
9.700000000000000000000000000000e+01 7.900000000000000000000000000000e+01 4.993590000000000000000000000000e+05 4.700000000000000000000000000000e+01
9.800000000000000000000000000000e+01 1.320000000000000000000000000000e+02 2.317524000000000000000000000000e+06 4.800000000000000000000000000000e+01
9.900000000000000000000000000000e+01 1.750000000000000000000000000000e+02 5.390175000000000000000000000000e+06 4.900000000000000000000000000000e+01
1.010000000000000000000000000000e+02 6.200000000000000000000000000000e+01 2.422340000000000000000000000000e+05 5.000000000000000000000000000000e+01
1.040000000000000000000000000000e+02 4.030000000000000000000000000000e+02 6.561363900000000000000000000000e+07 5.100000000000000000000000000000e+01
1.060000000000000000000000000000e+02 1.180000000000000000000000000000e+02 1.657074000000000000000000000000e+06 5.200000000000000000000000000000e+01
1.070000000000000000000000000000e+02 1.300000000000000000000000000000e+02 2.214030000000000000000000000000e+06 5.300000000000000000000000000000e+01
1.080000000000000000000000000000e+02 5.500000000000000000000000000000e+01 1.694550000000000000000000000000e+05 5.400000000000000000000000000000e+01
1.090000000000000000000000000000e+02 1.480000000000000000000000000000e+02 3.263844000000000000000000000000e+06 5.500000000000000000000000000000e+01
1.140000000000000000000000000000e+02 2.800000000000000000000000000000e+01 2.276400000000000000000000000000e+04 5.600000000000000000000000000000e+01
1.150000000000000000000000000000e+02 2.000000000000000000000000000000e+01 8.420000000000000000000000000000e+03 5.700000000000000000000000000000e+01
1.160000000000000000000000000000e+02 4.000000000000000000000000000000e+01 6.564000000000000000000000000000e+04 5.800000000000000000000000000000e+01
1.180000000000000000000000000000e+02 2.170000000000000000000000000000e+02 1.026561900000000000000000000000e+07 5.900000000000000000000000000000e+01
1.190000000000000000000000000000e+02 2.200000000000000000000000000000e+01 1.115400000000000000000000000000e+04 6.000000000000000000000000000000e+01
1.220000000000000000000000000000e+02 2.600000000000000000000000000000e+01 1.827800000000000000000000000000e+04 6.100000000000000000000000000000e+01
1.240000000000000000000000000000e+02 1.530000000000000000000000000000e+02 3.605139000000000000000000000000e+06 6.200000000000000000000000000000e+01
1.250000000000000000000000000000e+02 2.100000000000000000000000000000e+01 9.723000000000000000000000000000e+03 6.300000000000000000000000000000e+01
1.290000000000000000000000000000e+02 1.630000000000000000000000000000e+02 4.357479000000000000000000000000e+06 6.400000000000000000000000000000e+01
1.330000000000000000000000000000e+02 1.060000000000000000000000000000e+02 1.202358000000000000000000000000e+06 6.500000000000000000000000000000e+01
1.350000000000000000000000000000e+02 9.000000000000000000000000000000e+00 8.190000000000000000000000000000e+02 6.600000000000000000000000000000e+01
1.360000000000000000000000000000e+02 1.200000000000000000000000000000e+01 1.884000000000000000000000000000e+03 6.700000000000000000000000000000e+01
1.370000000000000000000000000000e+02 3.350000000000000000000000000000e+02 3.770793500000000000000000000000e+07 6.800000000000000000000000000000e+01
1.380000000000000000000000000000e+02 1.500000000000000000000000000000e+01 3.615000000000000000000000000000e+03 6.900000000000000000000000000000e+01
1.390000000000000000000000000000e+02 4.000000000000000000000000000000e+00 8.400000000000000000000000000000e+01 7.000000000000000000000000000000e+01
1.400000000000000000000000000000e+02 1.550000000000000000000000000000e+02 3.748055000000000000000000000000e+06 7.100000000000000000000000000000e+01
1.420000000000000000000000000000e+02 1.520000000000000000000000000000e+02 3.535064000000000000000000000000e+06 7.200000000000000000000000000000e+01
1.430000000000000000000000000000e+02 1.470000000000000000000000000000e+02 3.198279000000000000000000000000e+06 7.300000000000000000000000000000e+01
1.440000000000000000000000000000e+02 2.020000000000000000000000000000e+02 8.283414000000000000000000000000e+06 7.400000000000000000000000000000e+01
1.450000000000000000000000000000e+02 2.230000000000000000000000000000e+02 1.113951900000000000000000000000e+07 7.500000000000000000000000000000e+01
1.460000000000000000000000000000e+02 3.090000000000000000000000000000e+02 2.959941900000000000000000000000e+07 7.600000000000000000000000000000e+01
1.480000000000000000000000000000e+02 1.700000000000000000000000000000e+01 5.219000000000000000000000000000e+03 7.700000000000000000000000000000e+01
1.490000000000000000000000000000e+02 7.100000000000000000000000000000e+01 3.630230000000000000000000000000e+05 7.800000000000000000000000000000e+01
1.500000000000000000000000000000e+02 3.300000000000000000000000000000e+01 3.705900000000000000000000000000e+04 7.900000000000000000000000000000e+01
1.520000000000000000000000000000e+02 5.000000000000000000000000000000e+00 1.550000000000000000000000000000e+02 8.000000000000000000000000000000e+01
1.540000000000000000000000000000e+02 1.420000000000000000000000000000e+02 2.883594000000000000000000000000e+06 8.100000000000000000000000000000e+01
1.550000000000000000000000000000e+02 1.840000000000000000000000000000e+02 6.263544000000000000000000000000e+06 8.200000000000000000000000000000e+01
1.610000000000000000000000000000e+02 5.300000000000000000000000000000e+01 1.517390000000000000000000000000e+05 8.300000000000000000000000000000e+01
1.640000000000000000000000000000e+02 1.000000000000000000000000000000e+01 1.110000000000000000000000000000e+03 8.400000000000000000000000000000e+01
1.650000000000000000000000000000e+02 9.600000000000000000000000000000e+01 8.940480000000000000000000000000e+05 8.500000000000000000000000000000e+01
1.660000000000000000000000000000e+02 6.300000000000000000000000000000e+01 2.540790000000000000000000000000e+05 8.600000000000000000000000000000e+01
1.670000000000000000000000000000e+02 4.500000000000000000000000000000e+01 9.319500000000000000000000000000e+04 8.700000000000000000000000000000e+01
1.680000000000000000000000000000e+02 6.900000000000000000000000000000e+01 3.333390000000000000000000000000e+05 8.800000000000000000000000000000e+01
1.690000000000000000000000000000e+02 8.000000000000000000000000000000e+01 5.184800000000000000000000000000e+05 8.900000000000000000000000000000e+01
1.700000000000000000000000000000e+02 3.500000000000000000000000000000e+01 4.413500000000000000000000000000e+04 9.000000000000000000000000000000e+01
1.710000000000000000000000000000e+02 4.400000000000000000000000000000e+01 8.716400000000000000000000000000e+04 9.100000000000000000000000000000e+01
1.720000000000000000000000000000e+02 1.580000000000000000000000000000e+02 3.969434000000000000000000000000e+06 9.200000000000000000000000000000e+01
1.730000000000000000000000000000e+02 9.800000000000000000000000000000e+01 9.508940000000000000000000000000e+05 9.300000000000000000000000000000e+01
1.740000000000000000000000000000e+02 2.100000000000000000000000000000e+01 9.723000000000000000000000000000e+03 9.400000000000000000000000000000e+01
1.760000000000000000000000000000e+02 2.420000000000000000000000000000e+02 1.423129400000000000000000000000e+07 9.500000000000000000000000000000e+01
1.780000000000000000000000000000e+02 1.060000000000000000000000000000e+02 1.202358000000000000000000000000e+06 9.600000000000000000000000000000e+01
1.790000000000000000000000000000e+02 3.000000000000000000000000000000e+00 3.900000000000000000000000000000e+01 9.700000000000000000000000000000e+01
1.800000000000000000000000000000e+02 3.000000000000000000000000000000e+00 3.900000000000000000000000000000e+01 9.800000000000000000000000000000e+01
1.820000000000000000000000000000e+02 1.400000000000000000000000000000e+02 2.763740000000000000000000000000e+06 9.900000000000000000000000000000e+01
1.830000000000000000000000000000e+02 3.000000000000000000000000000000e+00 3.900000000000000000000000000000e+01 1.000000000000000000000000000000e+02
1.840000000000000000000000000000e+02 2.400000000000000000000000000000e+01 1.442400000000000000000000000000e+04 1.010000000000000000000000000000e+02
1.860000000000000000000000000000e+02 3.600000000000000000000000000000e+01 4.798800000000000000000000000000e+04 1.020000000000000000000000000000e+02
1.870000000000000000000000000000e+02 4.400000000000000000000000000000e+01 8.716400000000000000000000000000e+04 1.030000000000000000000000000000e+02
1.880000000000000000000000000000e+02 7.800000000000000000000000000000e+01 4.807140000000000000000000000000e+05 1.040000000000000000000000000000e+02
1.890000000000000000000000000000e+02 5.200000000000000000000000000000e+01 1.433640000000000000000000000000e+05 1.050000000000000000000000000000e+02
1.900000000000000000000000000000e+02 1.440000000000000000000000000000e+02 3.006864000000000000000000000000e+06 1.060000000000000000000000000000e+02
1.910000000000000000000000000000e+02 5.400000000000000000000000000000e+01 1.604340000000000000000000000000e+05 1.070000000000000000000000000000e+02
1.920000000000000000000000000000e+02 1.000000000000000000000000000000e+02 1.010100000000000000000000000000e+06 1.080000000000000000000000000000e+02
1.930000000000000000000000000000e+02 1.240000000000000000000000000000e+02 1.922124000000000000000000000000e+06 1.090000000000000000000000000000e+02
1.940000000000000000000000000000e+02 7.000000000000000000000000000000e+01 3.479700000000000000000000000000e+05 1.100000000000000000000000000000e+02
1.950000000000000000000000000000e+02 4.500000000000000000000000000000e+01 9.319500000000000000000000000000e+04 1.110000000000000000000000000000e+02
1.980000000000000000000000000000e+02 1.930000000000000000000000000000e+02 7.226499000000000000000000000000e+06 1.120000000000000000000000000000e+02
2.000000000000000000000000000000e+02 6.600000000000000000000000000000e+01 2.919180000000000000000000000000e+05 1.130000000000000000000000000000e+02
2.020000000000000000000000000000e+02 7.000000000000000000000000000000e+00 3.990000000000000000000000000000e+02 1.140000000000000000000000000000e+02
2.030000000000000000000000000000e+02 4.400000000000000000000000000000e+01 8.716400000000000000000000000000e+04 1.150000000000000000000000000000e+02
2.040000000000000000000000000000e+02 6.300000000000000000000000000000e+01 2.540790000000000000000000000000e+05 1.160000000000000000000000000000e+02
2.050000000000000000000000000000e+02 1.000000000000000000000000000000e+01 1.110000000000000000000000000000e+03 1.170000000000000000000000000000e+02
2.060000000000000000000000000000e+02 2.400000000000000000000000000000e+01 1.442400000000000000000000000000e+04 1.180000000000000000000000000000e+02
2.080000000000000000000000000000e+02 1.700000000000000000000000000000e+01 5.219000000000000000000000000000e+03 1.190000000000000000000000000000e+02
2.090000000000000000000000000000e+02 1.370000000000000000000000000000e+02 2.590259000000000000000000000000e+06 1.200000000000000000000000000000e+02
2.110000000000000000000000000000e+02 2.000000000000000000000000000000e+00 1.400000000000000000000000000000e+01 1.210000000000000000000000000000e+02
2.130000000000000000000000000000e+02 1.250000000000000000000000000000e+02 1.968875000000000000000000000000e+06 1.220000000000000000000000000000e+02
2.160000000000000000000000000000e+02 1.890000000000000000000000000000e+02 6.787179000000000000000000000000e+06 1.230000000000000000000000000000e+02
2.170000000000000000000000000000e+02 5.400000000000000000000000000000e+01 1.604340000000000000000000000000e+05 1.240000000000000000000000000000e+02
2.180000000000000000000000000000e+02 2.270000000000000000000000000000e+02 1.174883900000000000000000000000e+07 1.250000000000000000000000000000e+02
2.190000000000000000000000000000e+02 7.900000000000000000000000000000e+01 4.993590000000000000000000000000e+05 1.260000000000000000000000000000e+02
2.200000000000000000000000000000e+02 3.000000000000000000000000000000e+00 3.900000000000000000000000000000e+01 1.270000000000000000000000000000e+02
2.220000000000000000000000000000e+02 7.200000000000000000000000000000e+01 3.785040000000000000000000000000e+05 1.280000000000000000000000000000e+02
2.300000000000000000000000000000e+02 1.500000000000000000000000000000e+02 3.397650000000000000000000000000e+06 1.290000000000000000000000000000e+02
2.310000000000000000000000000000e+02 1.410000000000000000000000000000e+02 2.823243000000000000000000000000e+06 1.300000000000000000000000000000e+02
2.350000000000000000000000000000e+02 9.300000000000000000000000000000e+01 8.130990000000000000000000000000e+05 1.310000000000000000000000000000e+02
2.360000000000000000000000000000e+02 3.400000000000000000000000000000e+01 4.049400000000000000000000000000e+04 1.320000000000000000000000000000e+02
2.380000000000000000000000000000e+02 2.110000000000000000000000000000e+02 9.438663000000000000000000000000e+06 1.330000000000000000000000000000e+02
2.400000000000000000000000000000e+02 5.000000000000000000000000000000e+00 1.550000000000000000000000000000e+02 1.340000000000000000000000000000e+02
2.420000000000000000000000000000e+02 4.800000000000000000000000000000e+01 1.129440000000000000000000000000e+05 1.350000000000000000000000000000e+02
2.430000000000000000000000000000e+02 1.100000000000000000000000000000e+02 1.343210000000000000000000000000e+06 1.360000000000000000000000000000e+02
2.440000000000000000000000000000e+02 1.520000000000000000000000000000e+02 3.535064000000000000000000000000e+06 1.370000000000000000000000000000e+02
2.460000000000000000000000000000e+02 2.200000000000000000000000000000e+01 1.115400000000000000000000000000e+04 1.380000000000000000000000000000e+02
2.490000000000000000000000000000e+02 1.940000000000000000000000000000e+02 7.339214000000000000000000000000e+06 1.390000000000000000000000000000e+02
2.520000000000000000000000000000e+02 8.100000000000000000000000000000e+01 5.380830000000000000000000000000e+05 1.400000000000000000000000000000e+02
2.550000000000000000000000000000e+02 1.870000000000000000000000000000e+02 6.574359000000000000000000000000e+06 1.410000000000000000000000000000e+02
2.560000000000000000000000000000e+02 1.600000000000000000000000000000e+02 4.121760000000000000000000000000e+06 1.420000000000000000000000000000e+02
2.590000000000000000000000000000e+02 1.260000000000000000000000000000e+02 2.016378000000000000000000000000e+06 1.430000000000000000000000000000e+02
2.620000000000000000000000000000e+02 1.160000000000000000000000000000e+02 1.574468000000000000000000000000e+06 1.440000000000000000000000000000e+02
2.630000000000000000000000000000e+02 1.680000000000000000000000000000e+02 4.770024000000000000000000000000e+06 1.450000000000000000000000000000e+02
2.640000000000000000000000000000e+02 5.000000000000000000000000000000e+00 1.550000000000000000000000000000e+02 1.460000000000000000000000000000e+02
2.690000000000000000000000000000e+02 3.320000000000000000000000000000e+02 3.670492400000000000000000000000e+07 1.470000000000000000000000000000e+02
2.700000000000000000000000000000e+02 1.700000000000000000000000000000e+01 5.219000000000000000000000000000e+03 1.480000000000000000000000000000e+02
2.710000000000000000000000000000e+02 4.000000000000000000000000000000e+00 8.400000000000000000000000000000e+01 1.490000000000000000000000000000e+02
2.720000000000000000000000000000e+02 1.790000000000000000000000000000e+02 5.767559000000000000000000000000e+06 1.500000000000000000000000000000e+02
2.740000000000000000000000000000e+02 2.020000000000000000000000000000e+02 8.283414000000000000000000000000e+06 1.510000000000000000000000000000e+02
2.750000000000000000000000000000e+02 6.300000000000000000000000000000e+01 2.540790000000000000000000000000e+05 1.520000000000000000000000000000e+02
2.760000000000000000000000000000e+02 1.500000000000000000000000000000e+01 3.615000000000000000000000000000e+03 1.530000000000000000000000000000e+02
2.780000000000000000000000000000e+02 4.000000000000000000000000000000e+00 8.400000000000000000000000000000e+01 1.540000000000000000000000000000e+02
2.790000000000000000000000000000e+02 1.080000000000000000000000000000e+02 1.271484000000000000000000000000e+06 1.550000000000000000000000000000e+02
2.800000000000000000000000000000e+02 4.300000000000000000000000000000e+01 8.139900000000000000000000000000e+04 1.560000000000000000000000000000e+02
2.810000000000000000000000000000e+02 1.000000000000000000000000000000e+01 1.110000000000000000000000000000e+03 1.570000000000000000000000000000e+02
2.840000000000000000000000000000e+02 6.200000000000000000000000000000e+01 2.422340000000000000000000000000e+05 1.580000000000000000000000000000e+02
2.850000000000000000000000000000e+02 4.900000000000000000000000000000e+01 1.200990000000000000000000000000e+05 1.590000000000000000000000000000e+02
2.860000000000000000000000000000e+02 3.400000000000000000000000000000e+01 4.049400000000000000000000000000e+04 1.600000000000000000000000000000e+02
2.880000000000000000000000000000e+02 1.300000000000000000000000000000e+01 2.379000000000000000000000000000e+03 1.610000000000000000000000000000e+02
2.920000000000000000000000000000e+02 1.230000000000000000000000000000e+02 1.876119000000000000000000000000e+06 1.620000000000000000000000000000e+02
2.940000000000000000000000000000e+02 4.900000000000000000000000000000e+01 1.200990000000000000000000000000e+05 1.630000000000000000000000000000e+02
2.950000000000000000000000000000e+02 7.400000000000000000000000000000e+01 4.107740000000000000000000000000e+05 1.640000000000000000000000000000e+02
2.960000000000000000000000000000e+02 1.030000000000000000000000000000e+02 1.103439000000000000000000000000e+06 1.650000000000000000000000000000e+02
2.980000000000000000000000000000e+02 1.760000000000000000000000000000e+02 5.482928000000000000000000000000e+06 1.660000000000000000000000000000e+02
3.030000000000000000000000000000e+02 1.510000000000000000000000000000e+02 3.465903000000000000000000000000e+06 1.670000000000000000000000000000e+02
3.050000000000000000000000000000e+02 9.000000000000000000000000000000e+00 8.190000000000000000000000000000e+02 1.680000000000000000000000000000e+02
3.080000000000000000000000000000e+02 5.200000000000000000000000000000e+01 1.433640000000000000000000000000e+05 1.690000000000000000000000000000e+02
3.090000000000000000000000000000e+02 5.600000000000000000000000000000e+01 1.788080000000000000000000000000e+05 1.700000000000000000000000000000e+02
3.100000000000000000000000000000e+02 2.000000000000000000000000000000e+02 8.040200000000000000000000000000e+06 1.710000000000000000000000000000e+02
3.140000000000000000000000000000e+02 1.140000000000000000000000000000e+02 1.494654000000000000000000000000e+06 1.720000000000000000000000000000e+02
3.160000000000000000000000000000e+02 2.900000000000000000000000000000e+01 2.525900000000000000000000000000e+04 1.730000000000000000000000000000e+02
3.190000000000000000000000000000e+02 2.290000000000000000000000000000e+02 1.206165900000000000000000000000e+07 1.740000000000000000000000000000e+02
3.200000000000000000000000000000e+02 1.010000000000000000000000000000e+02 1.040603000000000000000000000000e+06 1.750000000000000000000000000000e+02
3.210000000000000000000000000000e+02 3.700000000000000000000000000000e+01 5.205900000000000000000000000000e+04 1.760000000000000000000000000000e+02
3.240000000000000000000000000000e+02 2.340000000000000000000000000000e+02 1.286789400000000000000000000000e+07 1.770000000000000000000000000000e+02
3.250000000000000000000000000000e+02 7.800000000000000000000000000000e+01 4.807140000000000000000000000000e+05 1.780000000000000000000000000000e+02
3.270000000000000000000000000000e+02 1.700000000000000000000000000000e+01 5.219000000000000000000000000000e+03 1.790000000000000000000000000000e+02
3.280000000000000000000000000000e+02 1.710000000000000000000000000000e+02 5.029623000000000000000000000000e+06 1.800000000000000000000000000000e+02
3.290000000000000000000000000000e+02 1.800000000000000000000000000000e+01 6.174000000000000000000000000000e+03 1.810000000000000000000000000000e+02
3.300000000000000000000000000000e+02 2.900000000000000000000000000000e+01 2.525900000000000000000000000000e+04 1.820000000000000000000000000000e+02
3.310000000000000000000000000000e+02 1.600000000000000000000000000000e+01 4.368000000000000000000000000000e+03 1.830000000000000000000000000000e+02
3.320000000000000000000000000000e+02 1.000000000000000000000000000000e+00 3.000000000000000000000000000000e+00 1.840000000000000000000000000000e+02
3.330000000000000000000000000000e+02 9.400000000000000000000000000000e+01 8.395140000000000000000000000000e+05 1.850000000000000000000000000000e+02
3.340000000000000000000000000000e+02 7.500000000000000000000000000000e+01 4.275750000000000000000000000000e+05 1.860000000000000000000000000000e+02
3.350000000000000000000000000000e+02 9.300000000000000000000000000000e+01 8.130990000000000000000000000000e+05 1.870000000000000000000000000000e+02
3.370000000000000000000000000000e+02 1.360000000000000000000000000000e+02 2.534088000000000000000000000000e+06 1.880000000000000000000000000000e+02
3.380000000000000000000000000000e+02 1.500000000000000000000000000000e+01 3.615000000000000000000000000000e+03 1.890000000000000000000000000000e+02
3.400000000000000000000000000000e+02 2.000000000000000000000000000000e+02 8.040200000000000000000000000000e+06 1.900000000000000000000000000000e+02
3.420000000000000000000000000000e+02 1.710000000000000000000000000000e+02 5.029623000000000000000000000000e+06 1.910000000000000000000000000000e+02
3.430000000000000000000000000000e+02 1.250000000000000000000000000000e+02 1.968875000000000000000000000000e+06 1.920000000000000000000000000000e+02
3.450000000000000000000000000000e+02 3.060000000000000000000000000000e+02 2.874655800000000000000000000000e+07 1.930000000000000000000000000000e+02
3.480000000000000000000000000000e+02 1.200000000000000000000000000000e+01 1.884000000000000000000000000000e+03 1.940000000000000000000000000000e+02
3.490000000000000000000000000000e+02 4.300000000000000000000000000000e+01 8.139900000000000000000000000000e+04 1.950000000000000000000000000000e+02
3.510000000000000000000000000000e+02 2.000000000000000000000000000000e+00 1.400000000000000000000000000000e+01 1.960000000000000000000000000000e+02
3.520000000000000000000000000000e+02 1.130000000000000000000000000000e+02 1.455779000000000000000000000000e+06 1.970000000000000000000000000000e+02
3.530000000000000000000000000000e+02 3.380000000000000000000000000000e+02 3.872905400000000000000000000000e+07 1.980000000000000000000000000000e+02
3.540000000000000000000000000000e+02 1.000000000000000000000000000000e+00 3.000000000000000000000000000000e+00 1.990000000000000000000000000000e+02
3.550000000000000000000000000000e+02 3.000000000000000000000000000000e+00 3.900000000000000000000000000000e+01 2.000000000000000000000000000000e+02
3.560000000000000000000000000000e+02 4.500000000000000000000000000000e+01 9.319500000000000000000000000000e+04 2.010000000000000000000000000000e+02
3.580000000000000000000000000000e+02 2.100000000000000000000000000000e+01 9.723000000000000000000000000000e+03 2.020000000000000000000000000000e+02
3.590000000000000000000000000000e+02 5.000000000000000000000000000000e+00 1.550000000000000000000000000000e+02 2.030000000000000000000000000000e+02
3.620000000000000000000000000000e+02 2.280000000000000000000000000000e+02 1.190456400000000000000000000000e+07 2.040000000000000000000000000000e+02
3.640000000000000000000000000000e+02 7.300000000000000000000000000000e+01 3.944190000000000000000000000000e+05 2.050000000000000000000000000000e+02
3.650000000000000000000000000000e+02 1.520000000000000000000000000000e+02 3.535064000000000000000000000000e+06 2.060000000000000000000000000000e+02
3.660000000000000000000000000000e+02 6.000000000000000000000000000000e+00 2.580000000000000000000000000000e+02 2.070000000000000000000000000000e+02
3.690000000000000000000000000000e+02 2.900000000000000000000000000000e+01 2.525900000000000000000000000000e+04 2.080000000000000000000000000000e+02
3.700000000000000000000000000000e+02 1.670000000000000000000000000000e+02 4.685519000000000000000000000000e+06 2.090000000000000000000000000000e+02
3.710000000000000000000000000000e+02 5.500000000000000000000000000000e+01 1.694550000000000000000000000000e+05 2.100000000000000000000000000000e+02
3.730000000000000000000000000000e+02 6.400000000000000000000000000000e+01 2.663040000000000000000000000000e+05 2.110000000000000000000000000000e+02
3.750000000000000000000000000000e+02 2.470000000000000000000000000000e+02 1.513047900000000000000000000000e+07 2.120000000000000000000000000000e+02
3.760000000000000000000000000000e+02 2.200000000000000000000000000000e+01 1.115400000000000000000000000000e+04 2.130000000000000000000000000000e+02
3.780000000000000000000000000000e+02 1.500000000000000000000000000000e+02 3.397650000000000000000000000000e+06 2.140000000000000000000000000000e+02
3.800000000000000000000000000000e+02 3.600000000000000000000000000000e+01 4.798800000000000000000000000000e+04 2.150000000000000000000000000000e+02
3.810000000000000000000000000000e+02 7.200000000000000000000000000000e+01 3.785040000000000000000000000000e+05 2.160000000000000000000000000000e+02
3.820000000000000000000000000000e+02 1.060000000000000000000000000000e+02 1.202358000000000000000000000000e+06 2.170000000000000000000000000000e+02
3.830000000000000000000000000000e+02 8.400000000000000000000000000000e+01 5.998440000000000000000000000000e+05 2.180000000000000000000000000000e+02
3.850000000000000000000000000000e+02 9.500000000000000000000000000000e+01 8.664950000000000000000000000000e+05 2.190000000000000000000000000000e+02
3.880000000000000000000000000000e+02 3.430000000000000000000000000000e+02 4.047159900000000000000000000000e+07 2.200000000000000000000000000000e+02
3.890000000000000000000000000000e+02 3.000000000000000000000000000000e+00 3.900000000000000000000000000000e+01 2.210000000000000000000000000000e+02
3.910000000000000000000000000000e+02 9.300000000000000000000000000000e+01 8.130990000000000000000000000000e+05 2.220000000000000000000000000000e+02
3.920000000000000000000000000000e+02 1.250000000000000000000000000000e+02 1.968875000000000000000000000000e+06 2.230000000000000000000000000000e+02
3.940000000000000000000000000000e+02 2.500000000000000000000000000000e+01 1.627500000000000000000000000000e+04 2.240000000000000000000000000000e+02
3.950000000000000000000000000000e+02 8.000000000000000000000000000000e+00 5.840000000000000000000000000000e+02 2.250000000000000000000000000000e+02
3.960000000000000000000000000000e+02 5.900000000000000000000000000000e+01 2.089190000000000000000000000000e+05 2.260000000000000000000000000000e+02
3.970000000000000000000000000000e+02 2.290000000000000000000000000000e+02 1.206165900000000000000000000000e+07 2.270000000000000000000000000000e+02
4.010000000000000000000000000000e+02 2.190000000000000000000000000000e+02 1.055163900000000000000000000000e+07 2.280000000000000000000000000000e+02
4.020000000000000000000000000000e+02 4.800000000000000000000000000000e+01 1.129440000000000000000000000000e+05 2.290000000000000000000000000000e+02
4.030000000000000000000000000000e+02 5.190000000000000000000000000000e+02 1.400682390000000000000000000000e+08 2.300000000000000000000000000000e+02
4.070000000000000000000000000000e+02 9.600000000000000000000000000000e+01 8.940480000000000000000000000000e+05 2.310000000000000000000000000000e+02
4.080000000000000000000000000000e+02 4.200000000000000000000000000000e+01 7.589400000000000000000000000000e+04 2.320000000000000000000000000000e+02
4.110000000000000000000000000000e+02 1.230000000000000000000000000000e+02 1.876119000000000000000000000000e+06 2.330000000000000000000000000000e+02
4.130000000000000000000000000000e+02 1.560000000000000000000000000000e+02 3.820908000000000000000000000000e+06 2.340000000000000000000000000000e+02
4.140000000000000000000000000000e+02 4.230000000000000000000000000000e+02 7.586631900000000000000000000000e+07 2.350000000000000000000000000000e+02
4.170000000000000000000000000000e+02 2.970000000000000000000000000000e+02 2.628657900000000000000000000000e+07 2.360000000000000000000000000000e+02
4.190000000000000000000000000000e+02 1.670000000000000000000000000000e+02 4.685519000000000000000000000000e+06 2.370000000000000000000000000000e+02
4.200000000000000000000000000000e+02 5.600000000000000000000000000000e+01 1.788080000000000000000000000000e+05 2.380000000000000000000000000000e+02
4.220000000000000000000000000000e+02 4.150000000000000000000000000000e+02 7.164601500000000000000000000000e+07 2.390000000000000000000000000000e+02
4.260000000000000000000000000000e+02 2.260000000000000000000000000000e+02 1.159447800000000000000000000000e+07 2.400000000000000000000000000000e+02
4.270000000000000000000000000000e+02 7.400000000000000000000000000000e+01 4.107740000000000000000000000000e+05 2.410000000000000000000000000000e+02
4.280000000000000000000000000000e+02 8.600000000000000000000000000000e+01 6.435380000000000000000000000000e+05 2.420000000000000000000000000000e+02
4.290000000000000000000000000000e+02 3.270000000000000000000000000000e+02 3.507303900000000000000000000000e+07 2.430000000000000000000000000000e+02
4.320000000000000000000000000000e+02 2.300000000000000000000000000000e+02 1.222013000000000000000000000000e+07 2.440000000000000000000000000000e+02
4.330000000000000000000000000000e+02 1.510000000000000000000000000000e+02 3.465903000000000000000000000000e+06 2.450000000000000000000000000000e+02
4.360000000000000000000000000000e+02 3.000000000000000000000000000000e+00 3.900000000000000000000000000000e+01 2.460000000000000000000000000000e+02
4.370000000000000000000000000000e+02 1.970000000000000000000000000000e+02 7.684379000000000000000000000000e+06 2.470000000000000000000000000000e+02
4.390000000000000000000000000000e+02 5.800000000000000000000000000000e+01 1.985340000000000000000000000000e+05 2.480000000000000000000000000000e+02
4.410000000000000000000000000000e+02 5.400000000000000000000000000000e+01 1.604340000000000000000000000000e+05 2.490000000000000000000000000000e+02
4.420000000000000000000000000000e+02 4.130000000000000000000000000000e+02 7.061597900000000000000000000000e+07 2.500000000000000000000000000000e+02
4.440000000000000000000000000000e+02 1.800000000000000000000000000000e+01 6.174000000000000000000000000000e+03 2.510000000000000000000000000000e+02
4.450000000000000000000000000000e+02 1.700000000000000000000000000000e+01 5.219000000000000000000000000000e+03 2.520000000000000000000000000000e+02
4.480000000000000000000000000000e+02 7.600000000000000000000000000000e+01 4.448280000000000000000000000000e+05 2.530000000000000000000000000000e+02
4.500000000000000000000000000000e+02 1.500000000000000000000000000000e+01 3.615000000000000000000000000000e+03 2.540000000000000000000000000000e+02
4.530000000000000000000000000000e+02 4.000000000000000000000000000000e+01 6.564000000000000000000000000000e+04 2.550000000000000000000000000000e+02
4.540000000000000000000000000000e+02 2.000000000000000000000000000000e+00 1.400000000000000000000000000000e+01 2.560000000000000000000000000000e+02
4.560000000000000000000000000000e+02 1.610000000000000000000000000000e+02 4.199363000000000000000000000000e+06 2.570000000000000000000000000000e+02
4.570000000000000000000000000000e+02 1.900000000000000000000000000000e+01 7.239000000000000000000000000000e+03 2.580000000000000000000000000000e+02
4.580000000000000000000000000000e+02 3.810000000000000000000000000000e+02 5.545188300000000000000000000000e+07 2.590000000000000000000000000000e+02
4.590000000000000000000000000000e+02 1.620000000000000000000000000000e+02 4.277934000000000000000000000000e+06 2.600000000000000000000000000000e+02
4.630000000000000000000000000000e+02 8.400000000000000000000000000000e+01 5.998440000000000000000000000000e+05 2.610000000000000000000000000000e+02
4.650000000000000000000000000000e+02 7.800000000000000000000000000000e+01 4.807140000000000000000000000000e+05 2.620000000000000000000000000000e+02
4.670000000000000000000000000000e+02 2.730000000000000000000000000000e+02 2.042121900000000000000000000000e+07 2.630000000000000000000000000000e+02
4.740000000000000000000000000000e+02 2.200000000000000000000000000000e+01 1.115400000000000000000000000000e+04 2.640000000000000000000000000000e+02
4.770000000000000000000000000000e+02 6.000000000000000000000000000000e+01 2.196600000000000000000000000000e+05 2.650000000000000000000000000000e+02
4.810000000000000000000000000000e+02 2.100000000000000000000000000000e+01 9.723000000000000000000000000000e+03 2.660000000000000000000000000000e+02
4.830000000000000000000000000000e+02 3.000000000000000000000000000000e+01 2.793000000000000000000000000000e+04 2.670000000000000000000000000000e+02
4.840000000000000000000000000000e+02 5.700000000000000000000000000000e+01 1.884990000000000000000000000000e+05 2.680000000000000000000000000000e+02
4.850000000000000000000000000000e+02 6.200000000000000000000000000000e+01 2.422340000000000000000000000000e+05 2.690000000000000000000000000000e+02
4.870000000000000000000000000000e+02 1.250000000000000000000000000000e+02 1.968875000000000000000000000000e+06 2.700000000000000000000000000000e+02
4.940000000000000000000000000000e+02 1.450000000000000000000000000000e+02 3.069795000000000000000000000000e+06 2.710000000000000000000000000000e+02
4.950000000000000000000000000000e+02 4.900000000000000000000000000000e+01 1.200990000000000000000000000000e+05 2.720000000000000000000000000000e+02
4.980000000000000000000000000000e+02 1.180000000000000000000000000000e+02 1.657074000000000000000000000000e+06 2.730000000000000000000000000000e+02
5.020000000000000000000000000000e+02 3.900000000000000000000000000000e+01 6.087900000000000000000000000000e+04 2.740000000000000000000000000000e+02
5.040000000000000000000000000000e+02 1.100000000000000000000000000000e+02 1.343210000000000000000000000000e+06 2.750000000000000000000000000000e+02
5.060000000000000000000000000000e+02 9.300000000000000000000000000000e+01 8.130990000000000000000000000000e+05 2.760000000000000000000000000000e+02
5.070000000000000000000000000000e+02 1.950000000000000000000000000000e+02 7.453095000000000000000000000000e+06 2.770000000000000000000000000000e+02
5.100000000000000000000000000000e+02 1.070000000000000000000000000000e+02 1.236599000000000000000000000000e+06 2.780000000000000000000000000000e+02
5.120000000000000000000000000000e+02 5.400000000000000000000000000000e+01 1.604340000000000000000000000000e+05 2.790000000000000000000000000000e+02
5.130000000000000000000000000000e+02 4.000000000000000000000000000000e+01 6.564000000000000000000000000000e+04 2.800000000000000000000000000000e+02
5.140000000000000000000000000000e+02 1.500000000000000000000000000000e+01 3.615000000000000000000000000000e+03 2.810000000000000000000000000000e+02
5.150000000000000000000000000000e+02 9.800000000000000000000000000000e+01 9.508940000000000000000000000000e+05 2.820000000000000000000000000000e+02
5.160000000000000000000000000000e+02 3.000000000000000000000000000000e+01 2.793000000000000000000000000000e+04 2.830000000000000000000000000000e+02
5.170000000000000000000000000000e+02 1.310000000000000000000000000000e+02 2.265383000000000000000000000000e+06 2.840000000000000000000000000000e+02
5.210000000000000000000000000000e+02 4.000000000000000000000000000000e+00 8.400000000000000000000000000000e+01 2.850000000000000000000000000000e+02
5.230000000000000000000000000000e+02 3.600000000000000000000000000000e+01 4.798800000000000000000000000000e+04 2.860000000000000000000000000000e+02
5.240000000000000000000000000000e+02 2.000000000000000000000000000000e+01 8.420000000000000000000000000000e+03 2.870000000000000000000000000000e+02
5.280000000000000000000000000000e+02 8.500000000000000000000000000000e+01 6.214350000000000000000000000000e+05 2.880000000000000000000000000000e+02
5.290000000000000000000000000000e+02 2.600000000000000000000000000000e+01 1.827800000000000000000000000000e+04 2.890000000000000000000000000000e+02
5.330000000000000000000000000000e+02 1.350000000000000000000000000000e+02 2.478735000000000000000000000000e+06 2.900000000000000000000000000000e+02
5.340000000000000000000000000000e+02 3.000000000000000000000000000000e+01 2.793000000000000000000000000000e+04 2.910000000000000000000000000000e+02
5.360000000000000000000000000000e+02 1.500000000000000000000000000000e+01 3.615000000000000000000000000000e+03 2.920000000000000000000000000000e+02
5.370000000000000000000000000000e+02 4.200000000000000000000000000000e+01 7.589400000000000000000000000000e+04 2.930000000000000000000000000000e+02
5.380000000000000000000000000000e+02 8.200000000000000000000000000000e+01 5.581740000000000000000000000000e+05 2.940000000000000000000000000000e+02
5.410000000000000000000000000000e+02 1.300000000000000000000000000000e+01 2.379000000000000000000000000000e+03 2.950000000000000000000000000000e+02
5.440000000000000000000000000000e+02 1.170000000000000000000000000000e+02 1.615419000000000000000000000000e+06 2.960000000000000000000000000000e+02
5.450000000000000000000000000000e+02 2.000000000000000000000000000000e+00 1.400000000000000000000000000000e+01 2.970000000000000000000000000000e+02
5.460000000000000000000000000000e+02 1.280000000000000000000000000000e+02 2.113664000000000000000000000000e+06 2.980000000000000000000000000000e+02
5.500000000000000000000000000000e+02 3.800000000000000000000000000000e+01 5.635400000000000000000000000000e+04 2.990000000000000000000000000000e+02
5.510000000000000000000000000000e+02 9.000000000000000000000000000000e+00 8.190000000000000000000000000000e+02 3.000000000000000000000000000000e+02
5.530000000000000000000000000000e+02 5.000000000000000000000000000000e+00 1.550000000000000000000000000000e+02 3.010000000000000000000000000000e+02
5.550000000000000000000000000000e+02 9.000000000000000000000000000000e+00 8.190000000000000000000000000000e+02 3.020000000000000000000000000000e+02
5.560000000000000000000000000000e+02 4.000000000000000000000000000000e+01 6.564000000000000000000000000000e+04 3.030000000000000000000000000000e+02
5.570000000000000000000000000000e+02 1.890000000000000000000000000000e+02 6.787179000000000000000000000000e+06 3.040000000000000000000000000000e+02
5.590000000000000000000000000000e+02 1.530000000000000000000000000000e+02 3.605139000000000000000000000000e+06 3.050000000000000000000000000000e+02
5.600000000000000000000000000000e+02 3.800000000000000000000000000000e+01 5.635400000000000000000000000000e+04 3.060000000000000000000000000000e+02
5.610000000000000000000000000000e+02 3.700000000000000000000000000000e+01 5.205900000000000000000000000000e+04 3.070000000000000000000000000000e+02
5.630000000000000000000000000000e+02 4.400000000000000000000000000000e+01 8.716400000000000000000000000000e+04 3.080000000000000000000000000000e+02
5.640000000000000000000000000000e+02 4.100000000000000000000000000000e+01 7.064300000000000000000000000000e+04 3.090000000000000000000000000000e+02
5.660000000000000000000000000000e+02 1.370000000000000000000000000000e+02 2.590259000000000000000000000000e+06 3.100000000000000000000000000000e+02
5.700000000000000000000000000000e+02 1.210000000000000000000000000000e+02 1.786323000000000000000000000000e+06 3.110000000000000000000000000000e+02
5.710000000000000000000000000000e+02 1.640000000000000000000000000000e+02 4.438004000000000000000000000000e+06 3.120000000000000000000000000000e+02
5.730000000000000000000000000000e+02 2.600000000000000000000000000000e+01 1.827800000000000000000000000000e+04 3.130000000000000000000000000000e+02
5.770000000000000000000000000000e+02 2.900000000000000000000000000000e+01 2.525900000000000000000000000000e+04 3.140000000000000000000000000000e+02
5.820000000000000000000000000000e+02 1.130000000000000000000000000000e+02 1.455779000000000000000000000000e+06 3.150000000000000000000000000000e+02
5.830000000000000000000000000000e+02 3.700000000000000000000000000000e+01 5.205900000000000000000000000000e+04 3.160000000000000000000000000000e+02
5.880000000000000000000000000000e+02 4.300000000000000000000000000000e+01 8.139900000000000000000000000000e+04 3.170000000000000000000000000000e+02
5.940000000000000000000000000000e+02 1.100000000000000000000000000000e+01 1.463000000000000000000000000000e+03 3.180000000000000000000000000000e+02
5.950000000000000000000000000000e+02 3.860000000000000000000000000000e+02 5.766183800000000000000000000000e+07 3.190000000000000000000000000000e+02
5.960000000000000000000000000000e+02 5.190000000000000000000000000000e+02 1.400682390000000000000000000000e+08 3.200000000000000000000000000000e+02
5.980000000000000000000000000000e+02 6.000000000000000000000000000000e+00 2.580000000000000000000000000000e+02 3.210000000000000000000000000000e+02
5.990000000000000000000000000000e+02 1.640000000000000000000000000000e+02 4.438004000000000000000000000000e+06 3.220000000000000000000000000000e+02
6.000000000000000000000000000000e+02 5.090000000000000000000000000000e+02 1.321318190000000000000000000000e+08 3.230000000000000000000000000000e+02
6.030000000000000000000000000000e+02 2.000000000000000000000000000000e+01 8.420000000000000000000000000000e+03 3.240000000000000000000000000000e+02
6.040000000000000000000000000000e+02 8.000000000000000000000000000000e+00 5.840000000000000000000000000000e+02 3.250000000000000000000000000000e+02
6.060000000000000000000000000000e+02 1.740000000000000000000000000000e+02 5.298474000000000000000000000000e+06 3.260000000000000000000000000000e+02
6.070000000000000000000000000000e+02 1.000000000000000000000000000000e+02 1.010100000000000000000000000000e+06 3.270000000000000000000000000000e+02
6.090000000000000000000000000000e+02 2.090000000000000000000000000000e+02 9.173219000000000000000000000000e+06 3.280000000000000000000000000000e+02
6.120000000000000000000000000000e+02 2.400000000000000000000000000000e+01 1.442400000000000000000000000000e+04 3.290000000000000000000000000000e+02
6.140000000000000000000000000000e+02 4.300000000000000000000000000000e+01 8.139900000000000000000000000000e+04 3.300000000000000000000000000000e+02
6.150000000000000000000000000000e+02 2.020000000000000000000000000000e+02 8.283414000000000000000000000000e+06 3.310000000000000000000000000000e+02
6.160000000000000000000000000000e+02 1.000000000000000000000000000000e+00 3.000000000000000000000000000000e+00 3.320000000000000000000000000000e+02
6.240000000000000000000000000000e+02 7.400000000000000000000000000000e+01 4.107740000000000000000000000000e+05 3.330000000000000000000000000000e+02
6.260000000000000000000000000000e+02 5.500000000000000000000000000000e+01 1.694550000000000000000000000000e+05 3.340000000000000000000000000000e+02
6.290000000000000000000000000000e+02 1.250000000000000000000000000000e+02 1.968875000000000000000000000000e+06 3.350000000000000000000000000000e+02
6.350000000000000000000000000000e+02 4.000000000000000000000000000000e+00 8.400000000000000000000000000000e+01 3.360000000000000000000000000000e+02
6.380000000000000000000000000000e+02 4.880000000000000000000000000000e+02 1.164529040000000000000000000000e+08 3.370000000000000000000000000000e+02
6.400000000000000000000000000000e+02 8.700000000000000000000000000000e+01 6.661590000000000000000000000000e+05 3.380000000000000000000000000000e+02
6.420000000000000000000000000000e+02 5.100000000000000000000000000000e+01 1.353030000000000000000000000000e+05 3.390000000000000000000000000000e+02
6.470000000000000000000000000000e+02 1.100000000000000000000000000000e+01 1.463000000000000000000000000000e+03 3.400000000000000000000000000000e+02
6.500000000000000000000000000000e+02 1.540000000000000000000000000000e+02 3.676134000000000000000000000000e+06 3.410000000000000000000000000000e+02
6.510000000000000000000000000000e+02 1.070000000000000000000000000000e+02 1.236599000000000000000000000000e+06 3.420000000000000000000000000000e+02
6.520000000000000000000000000000e+02 4.200000000000000000000000000000e+01 7.589400000000000000000000000000e+04 3.430000000000000000000000000000e+02
6.530000000000000000000000000000e+02 1.800000000000000000000000000000e+01 6.174000000000000000000000000000e+03 3.440000000000000000000000000000e+02
6.540000000000000000000000000000e+02 6.500000000000000000000000000000e+01 2.789150000000000000000000000000e+05 3.450000000000000000000000000000e+02
6.570000000000000000000000000000e+02 1.120000000000000000000000000000e+02 1.417584000000000000000000000000e+06 3.460000000000000000000000000000e+02
6.580000000000000000000000000000e+02 4.150000000000000000000000000000e+02 7.164601500000000000000000000000e+07 3.470000000000000000000000000000e+02
6.600000000000000000000000000000e+02 1.700000000000000000000000000000e+01 5.219000000000000000000000000000e+03 3.480000000000000000000000000000e+02
6.610000000000000000000000000000e+02 1.050000000000000000000000000000e+02 1.168755000000000000000000000000e+06 3.490000000000000000000000000000e+02
6.630000000000000000000000000000e+02 4.800000000000000000000000000000e+01 1.129440000000000000000000000000e+05 3.500000000000000000000000000000e+02
6.650000000000000000000000000000e+02 5.800000000000000000000000000000e+01 1.985340000000000000000000000000e+05 3.510000000000000000000000000000e+02
6.660000000000000000000000000000e+02 1.800000000000000000000000000000e+01 6.174000000000000000000000000000e+03 3.520000000000000000000000000000e+02
6.690000000000000000000000000000e+02 4.400000000000000000000000000000e+01 8.716400000000000000000000000000e+04 3.530000000000000000000000000000e+02
6.700000000000000000000000000000e+02 1.910000000000000000000000000000e+02 7.004543000000000000000000000000e+06 3.540000000000000000000000000000e+02
6.730000000000000000000000000000e+02 1.620000000000000000000000000000e+02 4.277934000000000000000000000000e+06 3.550000000000000000000000000000e+02
6.760000000000000000000000000000e+02 8.800000000000000000000000000000e+01 6.893040000000000000000000000000e+05 3.560000000000000000000000000000e+02
6.780000000000000000000000000000e+02 1.140000000000000000000000000000e+02 1.494654000000000000000000000000e+06 3.570000000000000000000000000000e+02
6.800000000000000000000000000000e+02 7.700000000000000000000000000000e+01 4.625390000000000000000000000000e+05 3.580000000000000000000000000000e+02
6.840000000000000000000000000000e+02 1.780000000000000000000000000000e+02 5.671614000000000000000000000000e+06 3.590000000000000000000000000000e+02
6.850000000000000000000000000000e+02 8.600000000000000000000000000000e+01 6.435380000000000000000000000000e+05 3.600000000000000000000000000000e+02
6.860000000000000000000000000000e+02 1.500000000000000000000000000000e+01 3.615000000000000000000000000000e+03 3.610000000000000000000000000000e+02
6.870000000000000000000000000000e+02 2.100000000000000000000000000000e+01 9.723000000000000000000000000000e+03 3.620000000000000000000000000000e+02
6.880000000000000000000000000000e+02 5.000000000000000000000000000000e+01 1.275500000000000000000000000000e+05 3.630000000000000000000000000000e+02
6.890000000000000000000000000000e+02 5.700000000000000000000000000000e+01 1.884990000000000000000000000000e+05 3.640000000000000000000000000000e+02
6.900000000000000000000000000000e+02 8.500000000000000000000000000000e+01 6.214350000000000000000000000000e+05 3.650000000000000000000000000000e+02
6.930000000000000000000000000000e+02 1.400000000000000000000000000000e+01 2.954000000000000000000000000000e+03 3.660000000000000000000000000000e+02
6.940000000000000000000000000000e+02 2.820000000000000000000000000000e+02 2.250557400000000000000000000000e+07 3.670000000000000000000000000000e+02
6.950000000000000000000000000000e+02 1.700000000000000000000000000000e+01 5.219000000000000000000000000000e+03 3.680000000000000000000000000000e+02
6.960000000000000000000000000000e+02 2.610000000000000000000000000000e+02 1.784796300000000000000000000000e+07 3.690000000000000000000000000000e+02
6.970000000000000000000000000000e+02 3.000000000000000000000000000000e+00 3.900000000000000000000000000000e+01 3.700000000000000000000000000000e+02
6.980000000000000000000000000000e+02 1.050000000000000000000000000000e+02 1.168755000000000000000000000000e+06 3.710000000000000000000000000000e+02
7.000000000000000000000000000000e+02 2.010000000000000000000000000000e+02 8.161203000000000000000000000000e+06 3.720000000000000000000000000000e+02
7.030000000000000000000000000000e+02 2.900000000000000000000000000000e+01 2.525900000000000000000000000000e+04 3.730000000000000000000000000000e+02
7.060000000000000000000000000000e+02 1.700000000000000000000000000000e+01 5.219000000000000000000000000000e+03 3.740000000000000000000000000000e+02
7.090000000000000000000000000000e+02 1.130000000000000000000000000000e+02 1.455779000000000000000000000000e+06 3.750000000000000000000000000000e+02
7.100000000000000000000000000000e+02 9.100000000000000000000000000000e+01 7.619430000000000000000000000000e+05 3.760000000000000000000000000000e+02
7.140000000000000000000000000000e+02 3.700000000000000000000000000000e+01 5.205900000000000000000000000000e+04 3.770000000000000000000000000000e+02
7.150000000000000000000000000000e+02 2.920000000000000000000000000000e+02 2.498264400000000000000000000000e+07 3.780000000000000000000000000000e+02
7.160000000000000000000000000000e+02 1.390000000000000000000000000000e+02 2.705079000000000000000000000000e+06 3.790000000000000000000000000000e+02
7.210000000000000000000000000000e+02 5.600000000000000000000000000000e+01 1.788080000000000000000000000000e+05 3.800000000000000000000000000000e+02
7.220000000000000000000000000000e+02 4.000000000000000000000000000000e+00 8.400000000000000000000000000000e+01 3.810000000000000000000000000000e+02
7.250000000000000000000000000000e+02 2.600000000000000000000000000000e+01 1.827800000000000000000000000000e+04 3.820000000000000000000000000000e+02
7.260000000000000000000000000000e+02 2.570000000000000000000000000000e+02 1.704089900000000000000000000000e+07 3.830000000000000000000000000000e+02
7.270000000000000000000000000000e+02 2.900000000000000000000000000000e+01 2.525900000000000000000000000000e+04 3.840000000000000000000000000000e+02
7.280000000000000000000000000000e+02 4.500000000000000000000000000000e+01 9.319500000000000000000000000000e+04 3.850000000000000000000000000000e+02
7.340000000000000000000000000000e+02 6.000000000000000000000000000000e+00 2.580000000000000000000000000000e+02 3.860000000000000000000000000000e+02
7.370000000000000000000000000000e+02 2.360000000000000000000000000000e+02 1.320018800000000000000000000000e+07 3.870000000000000000000000000000e+02
7.380000000000000000000000000000e+02 6.300000000000000000000000000000e+01 2.540790000000000000000000000000e+05 3.880000000000000000000000000000e+02
7.400000000000000000000000000000e+02 1.700000000000000000000000000000e+01 5.219000000000000000000000000000e+03 3.890000000000000000000000000000e+02
7.420000000000000000000000000000e+02 8.800000000000000000000000000000e+01 6.893040000000000000000000000000e+05 3.900000000000000000000000000000e+02
7.460000000000000000000000000000e+02 5.000000000000000000000000000000e+00 1.550000000000000000000000000000e+02 3.910000000000000000000000000000e+02
7.480000000000000000000000000000e+02 3.700000000000000000000000000000e+01 5.205900000000000000000000000000e+04 3.920000000000000000000000000000e+02
7.490000000000000000000000000000e+02 2.100000000000000000000000000000e+01 9.723000000000000000000000000000e+03 3.930000000000000000000000000000e+02
7.580000000000000000000000000000e+02 9.100000000000000000000000000000e+01 7.619430000000000000000000000000e+05 3.940000000000000000000000000000e+02
7.590000000000000000000000000000e+02 2.340000000000000000000000000000e+02 1.286789400000000000000000000000e+07 3.950000000000000000000000000000e+02
7.610000000000000000000000000000e+02 1.020000000000000000000000000000e+02 1.071714000000000000000000000000e+06 3.960000000000000000000000000000e+02
7.630000000000000000000000000000e+02 2.400000000000000000000000000000e+01 1.442400000000000000000000000000e+04 3.970000000000000000000000000000e+02
7.640000000000000000000000000000e+02 4.700000000000000000000000000000e+01 1.060790000000000000000000000000e+05 3.980000000000000000000000000000e+02
7.650000000000000000000000000000e+02 3.680000000000000000000000000000e+02 4.997182400000000000000000000000e+07 3.990000000000000000000000000000e+02
