3.000000000000000000000000000000e+00 4.000000000000000000000000000000e+01 6.400000000000000000000000000000e+04 0.000000000000000000000000000000e+00
4.000000000000000000000000000000e+00 3.600000000000000000000000000000e+01 4.665600000000000000000000000000e+04 1.000000000000000000000000000000e+00
7.000000000000000000000000000000e+00 4.100000000000000000000000000000e+01 6.892100000000000000000000000000e+04 2.000000000000000000000000000000e+00
8.000000000000000000000000000000e+00 7.300000000000000000000000000000e+01 3.890170000000000000000000000000e+05 3.000000000000000000000000000000e+00
1.100000000000000000000000000000e+01 2.900000000000000000000000000000e+01 2.438900000000000000000000000000e+04 4.000000000000000000000000000000e+00
1.300000000000000000000000000000e+01 1.010000000000000000000000000000e+02 1.030301000000000000000000000000e+06 5.000000000000000000000000000000e+00
1.400000000000000000000000000000e+01 2.000000000000000000000000000000e+01 8.000000000000000000000000000000e+03 6.000000000000000000000000000000e+00
2.000000000000000000000000000000e+01 9.200000000000000000000000000000e+01 7.786880000000000000000000000000e+05 7.000000000000000000000000000000e+00
2.200000000000000000000000000000e+01 1.130000000000000000000000000000e+02 1.442897000000000000000000000000e+06 8.000000000000000000000000000000e+00
2.300000000000000000000000000000e+01 8.700000000000000000000000000000e+01 6.585030000000000000000000000000e+05 9.000000000000000000000000000000e+00
2.600000000000000000000000000000e+01 5.400000000000000000000000000000e+01 1.574640000000000000000000000000e+05 1.000000000000000000000000000000e+01
2.700000000000000000000000000000e+01 2.800000000000000000000000000000e+01 2.195200000000000000000000000000e+04 1.100000000000000000000000000000e+01
2.800000000000000000000000000000e+01 2.500000000000000000000000000000e+01 1.562500000000000000000000000000e+04 1.200000000000000000000000000000e+01
3.000000000000000000000000000000e+01 1.240000000000000000000000000000e+02 1.906624000000000000000000000000e+06 1.300000000000000000000000000000e+01
3.100000000000000000000000000000e+01 1.210000000000000000000000000000e+02 1.771561000000000000000000000000e+06 1.400000000000000000000000000000e+01
3.200000000000000000000000000000e+01 9.500000000000000000000000000000e+01 8.573750000000000000000000000000e+05 1.500000000000000000000000000000e+01
3.500000000000000000000000000000e+01 1.200000000000000000000000000000e+01 1.728000000000000000000000000000e+03 1.600000000000000000000000000000e+01
3.600000000000000000000000000000e+01 1.150000000000000000000000000000e+02 1.520875000000000000000000000000e+06 1.700000000000000000000000000000e+01
3.900000000000000000000000000000e+01 5.800000000000000000000000000000e+01 1.951120000000000000000000000000e+05 1.800000000000000000000000000000e+01
4.000000000000000000000000000000e+01 1.800000000000000000000000000000e+01 5.832000000000000000000000000000e+03 1.900000000000000000000000000000e+01
4.100000000000000000000000000000e+01 6.900000000000000000000000000000e+01 3.285090000000000000000000000000e+05 2.000000000000000000000000000000e+01
4.200000000000000000000000000000e+01 2.300000000000000000000000000000e+01 1.216700000000000000000000000000e+04 2.100000000000000000000000000000e+01
4.300000000000000000000000000000e+01 1.040000000000000000000000000000e+02 1.124864000000000000000000000000e+06 2.200000000000000000000000000000e+01
4.400000000000000000000000000000e+01 5.300000000000000000000000000000e+01 1.488770000000000000000000000000e+05 2.300000000000000000000000000000e+01
4.500000000000000000000000000000e+01 4.600000000000000000000000000000e+01 9.733600000000000000000000000000e+04 2.400000000000000000000000000000e+01
4.600000000000000000000000000000e+01 3.400000000000000000000000000000e+01 3.930400000000000000000000000000e+04 2.500000000000000000000000000000e+01
4.700000000000000000000000000000e+01 1.300000000000000000000000000000e+01 2.197000000000000000000000000000e+03 2.600000000000000000000000000000e+01
4.800000000000000000000000000000e+01 8.300000000000000000000000000000e+01 5.717870000000000000000000000000e+05 2.700000000000000000000000000000e+01
5.400000000000000000000000000000e+01 4.700000000000000000000000000000e+01 1.038230000000000000000000000000e+05 2.800000000000000000000000000000e+01
5.600000000000000000000000000000e+01 1.240000000000000000000000000000e+02 1.906624000000000000000000000000e+06 2.900000000000000000000000000000e+01
5.700000000000000000000000000000e+01 1.150000000000000000000000000000e+02 1.520875000000000000000000000000e+06 3.000000000000000000000000000000e+01
6.300000000000000000000000000000e+01 8.900000000000000000000000000000e+01 7.049690000000000000000000000000e+05 3.100000000000000000000000000000e+01
6.400000000000000000000000000000e+01 8.500000000000000000000000000000e+01 6.141250000000000000000000000000e+05 3.200000000000000000000000000000e+01
6.600000000000000000000000000000e+01 6.200000000000000000000000000000e+01 2.383280000000000000000000000000e+05 3.300000000000000000000000000000e+01
6.800000000000000000000000000000e+01 4.000000000000000000000000000000e+01 6.400000000000000000000000000000e+04 3.400000000000000000000000000000e+01
6.900000000000000000000000000000e+01 1.110000000000000000000000000000e+02 1.367631000000000000000000000000e+06 3.500000000000000000000000000000e+01
7.100000000000000000000000000000e+01 1.010000000000000000000000000000e+02 1.030301000000000000000000000000e+06 3.600000000000000000000000000000e+01
7.600000000000000000000000000000e+01 1.100000000000000000000000000000e+01 1.331000000000000000000000000000e+03 3.700000000000000000000000000000e+01
7.700000000000000000000000000000e+01 2.300000000000000000000000000000e+01 1.216700000000000000000000000000e+04 3.800000000000000000000000000000e+01
8.100000000000000000000000000000e+01 8.200000000000000000000000000000e+01 5.513680000000000000000000000000e+05 3.900000000000000000000000000000e+01
8.200000000000000000000000000000e+01 3.300000000000000000000000000000e+01 3.593700000000000000000000000000e+04 4.000000000000000000000000000000e+01
8.300000000000000000000000000000e+01 2.800000000000000000000000000000e+01 2.195200000000000000000000000000e+04 4.100000000000000000000000000000e+01
8.400000000000000000000000000000e+01 6.700000000000000000000000000000e+01 3.007630000000000000000000000000e+05 4.200000000000000000000000000000e+01
8.700000000000000000000000000000e+01 1.000000000000000000000000000000e+00 1.000000000000000000000000000000e+00 4.300000000000000000000000000000e+01
9.000000000000000000000000000000e+01 1.500000000000000000000000000000e+01 3.375000000000000000000000000000e+03 4.400000000000000000000000000000e+01
9.200000000000000000000000000000e+01 1.230000000000000000000000000000e+02 1.860867000000000000000000000000e+06 4.500000000000000000000000000000e+01
9.300000000000000000000000000000e+01 5.600000000000000000000000000000e+01 1.756160000000000000000000000000e+05 4.600000000000000000000000000000e+01
9.500000000000000000000000000000e+01 7.700000000000000000000000000000e+01 4.565330000000000000000000000000e+05 4.700000000000000000000000000000e+01
9.700000000000000000000000000000e+01 1.500000000000000000000000000000e+01 3.375000000000000000000000000000e+03 4.800000000000000000000000000000e+01
9.800000000000000000000000000000e+01 1.900000000000000000000000000000e+01 6.859000000000000000000000000000e+03 4.900000000000000000000000000000e+01
1.000000000000000000000000000000e+02 1.010000000000000000000000000000e+02 1.030301000000000000000000000000e+06 5.000000000000000000000000000000e+01
1.010000000000000000000000000000e+02 6.400000000000000000000000000000e+01 2.621440000000000000000000000000e+05 5.100000000000000000000000000000e+01
1.040000000000000000000000000000e+02 1.000000000000000000000000000000e+02 1.000000000000000000000000000000e+06 5.200000000000000000000000000000e+01
1.050000000000000000000000000000e+02 1.110000000000000000000000000000e+02 1.367631000000000000000000000000e+06 5.300000000000000000000000000000e+01
1.110000000000000000000000000000e+02 1.000000000000000000000000000000e+00 1.000000000000000000000000000000e+00 5.400000000000000000000000000000e+01
1.160000000000000000000000000000e+02 3.100000000000000000000000000000e+01 2.979100000000000000000000000000e+04 5.500000000000000000000000000000e+01
1.180000000000000000000000000000e+02 1.000000000000000000000000000000e+01 1.000000000000000000000000000000e+03 5.600000000000000000000000000000e+01
1.200000000000000000000000000000e+02 4.000000000000000000000000000000e+00 6.400000000000000000000000000000e+01 5.700000000000000000000000000000e+01
1.210000000000000000000000000000e+02 6.000000000000000000000000000000e+01 2.160000000000000000000000000000e+05 5.800000000000000000000000000000e+01
1.220000000000000000000000000000e+02 1.100000000000000000000000000000e+01 1.331000000000000000000000000000e+03 5.900000000000000000000000000000e+01
1.270000000000000000000000000000e+02 1.010000000000000000000000000000e+02 1.030301000000000000000000000000e+06 6.000000000000000000000000000000e+01
1.300000000000000000000000000000e+02 9.600000000000000000000000000000e+01 8.847360000000000000000000000000e+05 6.100000000000000000000000000000e+01
1.320000000000000000000000000000e+02 2.000000000000000000000000000000e+00 8.000000000000000000000000000000e+00 6.200000000000000000000000000000e+01
1.360000000000000000000000000000e+02 3.400000000000000000000000000000e+01 3.930400000000000000000000000000e+04 6.300000000000000000000000000000e+01
1.380000000000000000000000000000e+02 1.040000000000000000000000000000e+02 1.124864000000000000000000000000e+06 6.400000000000000000000000000000e+01
1.400000000000000000000000000000e+02 5.700000000000000000000000000000e+01 1.851930000000000000000000000000e+05 6.500000000000000000000000000000e+01
1.410000000000000000000000000000e+02 4.200000000000000000000000000000e+01 7.408800000000000000000000000000e+04 6.600000000000000000000000000000e+01
1.430000000000000000000000000000e+02 1.140000000000000000000000000000e+02 1.481544000000000000000000000000e+06 6.700000000000000000000000000000e+01
1.470000000000000000000000000000e+02 8.900000000000000000000000000000e+01 7.049690000000000000000000000000e+05 6.800000000000000000000000000000e+01
1.480000000000000000000000000000e+02 4.400000000000000000000000000000e+01 8.518400000000000000000000000000e+04 6.900000000000000000000000000000e+01
1.500000000000000000000000000000e+02 8.500000000000000000000000000000e+01 6.141250000000000000000000000000e+05 7.000000000000000000000000000000e+01
1.510000000000000000000000000000e+02 8.800000000000000000000000000000e+01 6.814720000000000000000000000000e+05 7.100000000000000000000000000000e+01
1.520000000000000000000000000000e+02 1.160000000000000000000000000000e+02 1.560896000000000000000000000000e+06 7.200000000000000000000000000000e+01
1.530000000000000000000000000000e+02 5.300000000000000000000000000000e+01 1.488770000000000000000000000000e+05 7.300000000000000000000000000000e+01
1.540000000000000000000000000000e+02 1.100000000000000000000000000000e+02 1.331000000000000000000000000000e+06 7.400000000000000000000000000000e+01
1.590000000000000000000000000000e+02 6.500000000000000000000000000000e+01 2.746250000000000000000000000000e+05 7.500000000000000000000000000000e+01
1.600000000000000000000000000000e+02 6.700000000000000000000000000000e+01 3.007630000000000000000000000000e+05 7.600000000000000000000000000000e+01
1.640000000000000000000000000000e+02 1.900000000000000000000000000000e+01 6.859000000000000000000000000000e+03 7.700000000000000000000000000000e+01
1.650000000000000000000000000000e+02 1.900000000000000000000000000000e+01 6.859000000000000000000000000000e+03 7.800000000000000000000000000000e+01
1.670000000000000000000000000000e+02 8.000000000000000000000000000000e+00 5.120000000000000000000000000000e+02 7.900000000000000000000000000000e+01
1.680000000000000000000000000000e+02 1.900000000000000000000000000000e+01 6.859000000000000000000000000000e+03 8.000000000000000000000000000000e+01
1.690000000000000000000000000000e+02 8.900000000000000000000000000000e+01 7.049690000000000000000000000000e+05 8.100000000000000000000000000000e+01
1.700000000000000000000000000000e+02 2.600000000000000000000000000000e+01 1.757600000000000000000000000000e+04 8.200000000000000000000000000000e+01
1.710000000000000000000000000000e+02 2.000000000000000000000000000000e+00 8.000000000000000000000000000000e+00 8.300000000000000000000000000000e+01
1.730000000000000000000000000000e+02 7.000000000000000000000000000000e+00 3.430000000000000000000000000000e+02 8.400000000000000000000000000000e+01
1.750000000000000000000000000000e+02 6.700000000000000000000000000000e+01 3.007630000000000000000000000000e+05 8.500000000000000000000000000000e+01
1.760000000000000000000000000000e+02 1.900000000000000000000000000000e+01 6.859000000000000000000000000000e+03 8.600000000000000000000000000000e+01
1.770000000000000000000000000000e+02 8.600000000000000000000000000000e+01 6.360560000000000000000000000000e+05 8.700000000000000000000000000000e+01
1.820000000000000000000000000000e+02 2.300000000000000000000000000000e+01 1.216700000000000000000000000000e+04 8.800000000000000000000000000000e+01
1.850000000000000000000000000000e+02 4.400000000000000000000000000000e+01 8.518400000000000000000000000000e+04 8.900000000000000000000000000000e+01
1.860000000000000000000000000000e+02 4.300000000000000000000000000000e+01 7.950700000000000000000000000000e+04 9.000000000000000000000000000000e+01
1.880000000000000000000000000000e+02 9.600000000000000000000000000000e+01 8.847360000000000000000000000000e+05 9.100000000000000000000000000000e+01
1.890000000000000000000000000000e+02 8.600000000000000000000000000000e+01 6.360560000000000000000000000000e+05 9.200000000000000000000000000000e+01
1.900000000000000000000000000000e+02 5.000000000000000000000000000000e+01 1.250000000000000000000000000000e+05 9.300000000000000000000000000000e+01
1.930000000000000000000000000000e+02 9.300000000000000000000000000000e+01 8.043570000000000000000000000000e+05 9.400000000000000000000000000000e+01
1.940000000000000000000000000000e+02 6.100000000000000000000000000000e+01 2.269810000000000000000000000000e+05 9.500000000000000000000000000000e+01
1.950000000000000000000000000000e+02 8.700000000000000000000000000000e+01 6.585030000000000000000000000000e+05 9.600000000000000000000000000000e+01
1.960000000000000000000000000000e+02 2.700000000000000000000000000000e+01 1.968300000000000000000000000000e+04 9.700000000000000000000000000000e+01
1.970000000000000000000000000000e+02 1.500000000000000000000000000000e+01 3.375000000000000000000000000000e+03 9.800000000000000000000000000000e+01
1.980000000000000000000000000000e+02 1.000000000000000000000000000000e+01 1.000000000000000000000000000000e+03 9.900000000000000000000000000000e+01
