0.000000000000000000000000000000e+00 3.100000000000000000000000000000e+01 9.610000000000000000000000000000e+02 0.000000000000000000000000000000e+00
3.000000000000000000000000000000e+00 5.500000000000000000000000000000e+01 3.025000000000000000000000000000e+03 1.000000000000000000000000000000e+00
4.000000000000000000000000000000e+00 6.500000000000000000000000000000e+01 4.225000000000000000000000000000e+03 2.000000000000000000000000000000e+00
6.000000000000000000000000000000e+00 9.200000000000000000000000000000e+01 8.464000000000000000000000000000e+03 3.000000000000000000000000000000e+00
7.000000000000000000000000000000e+00 2.900000000000000000000000000000e+01 8.410000000000000000000000000000e+02 4.000000000000000000000000000000e+00
1.000000000000000000000000000000e+01 1.100000000000000000000000000000e+01 1.210000000000000000000000000000e+02 5.000000000000000000000000000000e+00
1.200000000000000000000000000000e+01 7.700000000000000000000000000000e+01 5.929000000000000000000000000000e+03 6.000000000000000000000000000000e+00
1.400000000000000000000000000000e+01 7.900000000000000000000000000000e+01 6.241000000000000000000000000000e+03 7.000000000000000000000000000000e+00
1.500000000000000000000000000000e+01 1.220000000000000000000000000000e+02 1.488400000000000000000000000000e+04 8.000000000000000000000000000000e+00
2.200000000000000000000000000000e+01 8.600000000000000000000000000000e+01 7.396000000000000000000000000000e+03 9.000000000000000000000000000000e+00
2.400000000000000000000000000000e+01 8.300000000000000000000000000000e+01 6.889000000000000000000000000000e+03 1.000000000000000000000000000000e+01
2.500000000000000000000000000000e+01 2.900000000000000000000000000000e+01 8.410000000000000000000000000000e+02 1.100000000000000000000000000000e+01
2.600000000000000000000000000000e+01 1.200000000000000000000000000000e+01 1.440000000000000000000000000000e+02 1.200000000000000000000000000000e+01
2.700000000000000000000000000000e+01 6.400000000000000000000000000000e+01 4.096000000000000000000000000000e+03 1.300000000000000000000000000000e+01
2.900000000000000000000000000000e+01 6.000000000000000000000000000000e+00 3.600000000000000000000000000000e+01 1.400000000000000000000000000000e+01
3.000000000000000000000000000000e+01 1.400000000000000000000000000000e+01 1.960000000000000000000000000000e+02 1.500000000000000000000000000000e+01
3.100000000000000000000000000000e+01 5.100000000000000000000000000000e+01 2.601000000000000000000000000000e+03 1.600000000000000000000000000000e+01
3.600000000000000000000000000000e+01 3.900000000000000000000000000000e+01 1.521000000000000000000000000000e+03 1.700000000000000000000000000000e+01
3.800000000000000000000000000000e+01 9.000000000000000000000000000000e+00 8.100000000000000000000000000000e+01 1.800000000000000000000000000000e+01
4.200000000000000000000000000000e+01 8.300000000000000000000000000000e+01 6.889000000000000000000000000000e+03 1.900000000000000000000000000000e+01
4.400000000000000000000000000000e+01 7.700000000000000000000000000000e+01 5.929000000000000000000000000000e+03 2.000000000000000000000000000000e+01
4.700000000000000000000000000000e+01 1.100000000000000000000000000000e+02 1.210000000000000000000000000000e+04 2.100000000000000000000000000000e+01
4.800000000000000000000000000000e+01 5.300000000000000000000000000000e+01 2.809000000000000000000000000000e+03 2.200000000000000000000000000000e+01
4.900000000000000000000000000000e+01 9.400000000000000000000000000000e+01 8.836000000000000000000000000000e+03 2.300000000000000000000000000000e+01
5.000000000000000000000000000000e+01 1.110000000000000000000000000000e+02 1.232100000000000000000000000000e+04 2.400000000000000000000000000000e+01
5.300000000000000000000000000000e+01 8.800000000000000000000000000000e+01 7.744000000000000000000000000000e+03 2.500000000000000000000000000000e+01
5.700000000000000000000000000000e+01 5.500000000000000000000000000000e+01 3.025000000000000000000000000000e+03 2.600000000000000000000000000000e+01
5.900000000000000000000000000000e+01 3.400000000000000000000000000000e+01 1.156000000000000000000000000000e+03 2.700000000000000000000000000000e+01
6.500000000000000000000000000000e+01 3.300000000000000000000000000000e+01 1.089000000000000000000000000000e+03 2.800000000000000000000000000000e+01
6.900000000000000000000000000000e+01 2.400000000000000000000000000000e+01 5.760000000000000000000000000000e+02 2.900000000000000000000000000000e+01
7.000000000000000000000000000000e+01 5.000000000000000000000000000000e+01 2.500000000000000000000000000000e+03 3.000000000000000000000000000000e+01
7.100000000000000000000000000000e+01 6.200000000000000000000000000000e+01 3.844000000000000000000000000000e+03 3.100000000000000000000000000000e+01
7.300000000000000000000000000000e+01 5.800000000000000000000000000000e+01 3.364000000000000000000000000000e+03 3.200000000000000000000000000000e+01
7.900000000000000000000000000000e+01 4.300000000000000000000000000000e+01 1.849000000000000000000000000000e+03 3.300000000000000000000000000000e+01
8.000000000000000000000000000000e+01 1.160000000000000000000000000000e+02 1.345600000000000000000000000000e+04 3.400000000000000000000000000000e+01
8.200000000000000000000000000000e+01 8.700000000000000000000000000000e+01 7.569000000000000000000000000000e+03 3.500000000000000000000000000000e+01
8.300000000000000000000000000000e+01 1.000000000000000000000000000000e+02 1.000000000000000000000000000000e+04 3.600000000000000000000000000000e+01
8.900000000000000000000000000000e+01 1.600000000000000000000000000000e+01 2.560000000000000000000000000000e+02 3.700000000000000000000000000000e+01
9.000000000000000000000000000000e+01 4.000000000000000000000000000000e+00 1.600000000000000000000000000000e+01 3.800000000000000000000000000000e+01
9.500000000000000000000000000000e+01 2.200000000000000000000000000000e+01 4.840000000000000000000000000000e+02 3.900000000000000000000000000000e+01
9.700000000000000000000000000000e+01 8.700000000000000000000000000000e+01 7.569000000000000000000000000000e+03 4.000000000000000000000000000000e+01
9.900000000000000000000000000000e+01 3.000000000000000000000000000000e+01 9.000000000000000000000000000000e+02 4.100000000000000000000000000000e+01
1.020000000000000000000000000000e+02 1.400000000000000000000000000000e+01 1.960000000000000000000000000000e+02 4.200000000000000000000000000000e+01
1.040000000000000000000000000000e+02 1.400000000000000000000000000000e+01 1.960000000000000000000000000000e+02 4.300000000000000000000000000000e+01
1.060000000000000000000000000000e+02 2.400000000000000000000000000000e+01 5.760000000000000000000000000000e+02 4.400000000000000000000000000000e+01
1.080000000000000000000000000000e+02 7.400000000000000000000000000000e+01 5.476000000000000000000000000000e+03 4.500000000000000000000000000000e+01
1.130000000000000000000000000000e+02 3.800000000000000000000000000000e+01 1.444000000000000000000000000000e+03 4.600000000000000000000000000000e+01
1.160000000000000000000000000000e+02 5.000000000000000000000000000000e+01 2.500000000000000000000000000000e+03 4.700000000000000000000000000000e+01
1.170000000000000000000000000000e+02 6.600000000000000000000000000000e+01 4.356000000000000000000000000000e+03 4.800000000000000000000000000000e+01
1.230000000000000000000000000000e+02 1.150000000000000000000000000000e+02 1.322500000000000000000000000000e+04 4.900000000000000000000000000000e+01
1.290000000000000000000000000000e+02 6.400000000000000000000000000000e+01 4.096000000000000000000000000000e+03 5.000000000000000000000000000000e+01
1.300000000000000000000000000000e+02 6.000000000000000000000000000000e+00 3.600000000000000000000000000000e+01 5.100000000000000000000000000000e+01
1.310000000000000000000000000000e+02 2.000000000000000000000000000000e+01 4.000000000000000000000000000000e+02 5.200000000000000000000000000000e+01
1.330000000000000000000000000000e+02 1.040000000000000000000000000000e+02 1.081600000000000000000000000000e+04 5.300000000000000000000000000000e+01
1.340000000000000000000000000000e+02 7.000000000000000000000000000000e+00 4.900000000000000000000000000000e+01 5.400000000000000000000000000000e+01
1.350000000000000000000000000000e+02 1.180000000000000000000000000000e+02 1.392400000000000000000000000000e+04 5.500000000000000000000000000000e+01
1.360000000000000000000000000000e+02 1.400000000000000000000000000000e+01 1.960000000000000000000000000000e+02 5.600000000000000000000000000000e+01
1.370000000000000000000000000000e+02 6.800000000000000000000000000000e+01 4.624000000000000000000000000000e+03 5.700000000000000000000000000000e+01
1.410000000000000000000000000000e+02 7.900000000000000000000000000000e+01 6.241000000000000000000000000000e+03 5.800000000000000000000000000000e+01
1.440000000000000000000000000000e+02 7.000000000000000000000000000000e+01 4.900000000000000000000000000000e+03 5.900000000000000000000000000000e+01
1.450000000000000000000000000000e+02 9.700000000000000000000000000000e+01 9.409000000000000000000000000000e+03 6.000000000000000000000000000000e+01
1.510000000000000000000000000000e+02 8.800000000000000000000000000000e+01 7.744000000000000000000000000000e+03 6.100000000000000000000000000000e+01
1.520000000000000000000000000000e+02 2.000000000000000000000000000000e+00 4.000000000000000000000000000000e+00 6.200000000000000000000000000000e+01
1.530000000000000000000000000000e+02 1.000000000000000000000000000000e+02 1.000000000000000000000000000000e+04 6.300000000000000000000000000000e+01
1.540000000000000000000000000000e+02 3.900000000000000000000000000000e+01 1.521000000000000000000000000000e+03 6.400000000000000000000000000000e+01
1.560000000000000000000000000000e+02 2.900000000000000000000000000000e+01 8.410000000000000000000000000000e+02 6.500000000000000000000000000000e+01
1.590000000000000000000000000000e+02 1.020000000000000000000000000000e+02 1.040400000000000000000000000000e+04 6.600000000000000000000000000000e+01
1.640000000000000000000000000000e+02 5.200000000000000000000000000000e+01 2.704000000000000000000000000000e+03 6.700000000000000000000000000000e+01
1.650000000000000000000000000000e+02 1.000000000000000000000000000000e+02 1.000000000000000000000000000000e+04 6.800000000000000000000000000000e+01
1.680000000000000000000000000000e+02 5.300000000000000000000000000000e+01 2.809000000000000000000000000000e+03 6.900000000000000000000000000000e+01
1.710000000000000000000000000000e+02 1.500000000000000000000000000000e+01 2.250000000000000000000000000000e+02 7.000000000000000000000000000000e+01
1.730000000000000000000000000000e+02 2.800000000000000000000000000000e+01 7.840000000000000000000000000000e+02 7.100000000000000000000000000000e+01
1.740000000000000000000000000000e+02 1.190000000000000000000000000000e+02 1.416100000000000000000000000000e+04 7.200000000000000000000000000000e+01
1.760000000000000000000000000000e+02 6.500000000000000000000000000000e+01 4.225000000000000000000000000000e+03 7.300000000000000000000000000000e+01
1.780000000000000000000000000000e+02 1.400000000000000000000000000000e+01 1.960000000000000000000000000000e+02 7.400000000000000000000000000000e+01
1.820000000000000000000000000000e+02 1.210000000000000000000000000000e+02 1.464100000000000000000000000000e+04 7.500000000000000000000000000000e+01
1.840000000000000000000000000000e+02 3.300000000000000000000000000000e+01 1.089000000000000000000000000000e+03 7.600000000000000000000000000000e+01
1.860000000000000000000000000000e+02 9.100000000000000000000000000000e+01 8.281000000000000000000000000000e+03 7.700000000000000000000000000000e+01
1.880000000000000000000000000000e+02 1.040000000000000000000000000000e+02 1.081600000000000000000000000000e+04 7.800000000000000000000000000000e+01
1.910000000000000000000000000000e+02 5.700000000000000000000000000000e+01 3.249000000000000000000000000000e+03 7.900000000000000000000000000000e+01
1.970000000000000000000000000000e+02 4.200000000000000000000000000000e+01 1.764000000000000000000000000000e+03 8.000000000000000000000000000000e+01
1.980000000000000000000000000000e+02 1.010000000000000000000000000000e+02 1.020100000000000000000000000000e+04 8.100000000000000000000000000000e+01
1.990000000000000000000000000000e+02 1.200000000000000000000000000000e+01 1.440000000000000000000000000000e+02 8.200000000000000000000000000000e+01
2.000000000000000000000000000000e+02 5.500000000000000000000000000000e+01 3.025000000000000000000000000000e+03 8.300000000000000000000000000000e+01
2.020000000000000000000000000000e+02 1.800000000000000000000000000000e+01 3.240000000000000000000000000000e+02 8.400000000000000000000000000000e+01
2.040000000000000000000000000000e+02 9.500000000000000000000000000000e+01 9.025000000000000000000000000000e+03 8.500000000000000000000000000000e+01
2.050000000000000000000000000000e+02 1.160000000000000000000000000000e+02 1.345600000000000000000000000000e+04 8.600000000000000000000000000000e+01
2.060000000000000000000000000000e+02 4.700000000000000000000000000000e+01 2.209000000000000000000000000000e+03 8.700000000000000000000000000000e+01
2.080000000000000000000000000000e+02 3.600000000000000000000000000000e+01 1.296000000000000000000000000000e+03 8.800000000000000000000000000000e+01
2.160000000000000000000000000000e+02 5.500000000000000000000000000000e+01 3.025000000000000000000000000000e+03 8.900000000000000000000000000000e+01
2.190000000000000000000000000000e+02 1.070000000000000000000000000000e+02 1.144900000000000000000000000000e+04 9.000000000000000000000000000000e+01
2.290000000000000000000000000000e+02 4.100000000000000000000000000000e+01 1.681000000000000000000000000000e+03 9.100000000000000000000000000000e+01
2.300000000000000000000000000000e+02 2.700000000000000000000000000000e+01 7.290000000000000000000000000000e+02 9.200000000000000000000000000000e+01
2.320000000000000000000000000000e+02 1.000000000000000000000000000000e+01 1.000000000000000000000000000000e+02 9.300000000000000000000000000000e+01
2.350000000000000000000000000000e+02 7.500000000000000000000000000000e+01 5.625000000000000000000000000000e+03 9.400000000000000000000000000000e+01
2.360000000000000000000000000000e+02 1.230000000000000000000000000000e+02 1.512900000000000000000000000000e+04 9.500000000000000000000000000000e+01
2.370000000000000000000000000000e+02 2.800000000000000000000000000000e+01 7.840000000000000000000000000000e+02 9.600000000000000000000000000000e+01
2.380000000000000000000000000000e+02 3.400000000000000000000000000000e+01 1.156000000000000000000000000000e+03 9.700000000000000000000000000000e+01
2.390000000000000000000000000000e+02 6.200000000000000000000000000000e+01 3.844000000000000000000000000000e+03 9.800000000000000000000000000000e+01
2.400000000000000000000000000000e+02 8.000000000000000000000000000000e+00 6.400000000000000000000000000000e+01 9.900000000000000000000000000000e+01
