0.000000000000000000000000000000e+00 3.000000000000000000000000000000e+01 2.700000000000000000000000000000e+04 0.000000000000000000000000000000e+00
1.000000000000000000000000000000e+00 3.500000000000000000000000000000e+01 4.287500000000000000000000000000e+04 1.000000000000000000000000000000e+00
2.000000000000000000000000000000e+00 3.300000000000000000000000000000e+01 3.593700000000000000000000000000e+04 2.000000000000000000000000000000e+00
7.000000000000000000000000000000e+00 1.000000000000000000000000000000e+00 1.000000000000000000000000000000e+00 3.000000000000000000000000000000e+00
1.200000000000000000000000000000e+01 1.600000000000000000000000000000e+01 4.096000000000000000000000000000e+03 4.000000000000000000000000000000e+00
1.400000000000000000000000000000e+01 6.000000000000000000000000000000e+00 2.160000000000000000000000000000e+02 5.000000000000000000000000000000e+00
1.500000000000000000000000000000e+01 6.000000000000000000000000000000e+00 2.160000000000000000000000000000e+02 6.000000000000000000000000000000e+00
1.600000000000000000000000000000e+01 6.900000000000000000000000000000e+01 3.285090000000000000000000000000e+05 7.000000000000000000000000000000e+00
1.700000000000000000000000000000e+01 2.700000000000000000000000000000e+01 1.968300000000000000000000000000e+04 8.000000000000000000000000000000e+00
1.800000000000000000000000000000e+01 1.800000000000000000000000000000e+01 5.832000000000000000000000000000e+03 9.000000000000000000000000000000e+00
2.300000000000000000000000000000e+01 3.000000000000000000000000000000e+00 2.700000000000000000000000000000e+01 1.000000000000000000000000000000e+01
2.600000000000000000000000000000e+01 3.400000000000000000000000000000e+01 3.930400000000000000000000000000e+04 1.100000000000000000000000000000e+01
2.700000000000000000000000000000e+01 4.000000000000000000000000000000e+00 6.400000000000000000000000000000e+01 1.200000000000000000000000000000e+01
2.800000000000000000000000000000e+01 3.700000000000000000000000000000e+01 5.065300000000000000000000000000e+04 1.300000000000000000000000000000e+01
3.500000000000000000000000000000e+01 3.000000000000000000000000000000e+00 2.700000000000000000000000000000e+01 1.400000000000000000000000000000e+01
3.700000000000000000000000000000e+01 5.200000000000000000000000000000e+01 1.406080000000000000000000000000e+05 1.500000000000000000000000000000e+01
3.900000000000000000000000000000e+01 9.000000000000000000000000000000e+00 7.290000000000000000000000000000e+02 1.600000000000000000000000000000e+01
4.000000000000000000000000000000e+01 2.000000000000000000000000000000e+00 8.000000000000000000000000000000e+00 1.700000000000000000000000000000e+01
4.200000000000000000000000000000e+01 1.300000000000000000000000000000e+01 2.197000000000000000000000000000e+03 1.800000000000000000000000000000e+01
4.600000000000000000000000000000e+01 4.000000000000000000000000000000e+00 6.400000000000000000000000000000e+01 1.900000000000000000000000000000e+01
5.600000000000000000000000000000e+01 1.900000000000000000000000000000e+01 6.859000000000000000000000000000e+03 2.000000000000000000000000000000e+01
5.700000000000000000000000000000e+01 4.500000000000000000000000000000e+01 9.112500000000000000000000000000e+04 2.100000000000000000000000000000e+01
5.800000000000000000000000000000e+01 2.200000000000000000000000000000e+01 1.064800000000000000000000000000e+04 2.200000000000000000000000000000e+01
6.000000000000000000000000000000e+01 5.800000000000000000000000000000e+01 1.951120000000000000000000000000e+05 2.300000000000000000000000000000e+01
6.300000000000000000000000000000e+01 4.400000000000000000000000000000e+01 8.518400000000000000000000000000e+04 2.400000000000000000000000000000e+01
6.800000000000000000000000000000e+01 1.300000000000000000000000000000e+01 2.197000000000000000000000000000e+03 2.500000000000000000000000000000e+01
7.000000000000000000000000000000e+01 6.600000000000000000000000000000e+01 2.874960000000000000000000000000e+05 2.600000000000000000000000000000e+01
7.400000000000000000000000000000e+01 4.000000000000000000000000000000e+00 6.400000000000000000000000000000e+01 2.700000000000000000000000000000e+01
7.600000000000000000000000000000e+01 4.000000000000000000000000000000e+00 6.400000000000000000000000000000e+01 2.800000000000000000000000000000e+01
7.800000000000000000000000000000e+01 1.600000000000000000000000000000e+01 4.096000000000000000000000000000e+03 2.900000000000000000000000000000e+01
8.000000000000000000000000000000e+01 1.000000000000000000000000000000e+01 1.000000000000000000000000000000e+03 3.000000000000000000000000000000e+01
8.200000000000000000000000000000e+01 3.000000000000000000000000000000e+00 2.700000000000000000000000000000e+01 3.100000000000000000000000000000e+01
8.300000000000000000000000000000e+01 6.000000000000000000000000000000e+00 2.160000000000000000000000000000e+02 3.200000000000000000000000000000e+01
8.400000000000000000000000000000e+01 8.000000000000000000000000000000e+00 5.120000000000000000000000000000e+02 3.300000000000000000000000000000e+01
8.800000000000000000000000000000e+01 1.700000000000000000000000000000e+01 4.913000000000000000000000000000e+03 3.400000000000000000000000000000e+01
9.100000000000000000000000000000e+01 3.000000000000000000000000000000e+01 2.700000000000000000000000000000e+04 3.500000000000000000000000000000e+01
9.600000000000000000000000000000e+01 8.000000000000000000000000000000e+00 5.120000000000000000000000000000e+02 3.600000000000000000000000000000e+01
9.800000000000000000000000000000e+01 1.300000000000000000000000000000e+01 2.197000000000000000000000000000e+03 3.700000000000000000000000000000e+01
9.900000000000000000000000000000e+01 6.000000000000000000000000000000e+00 2.160000000000000000000000000000e+02 3.800000000000000000000000000000e+01
1.010000000000000000000000000000e+02 4.000000000000000000000000000000e+00 6.400000000000000000000000000000e+01 3.900000000000000000000000000000e+01
1.020000000000000000000000000000e+02 7.700000000000000000000000000000e+01 4.565330000000000000000000000000e+05 4.000000000000000000000000000000e+01
1.030000000000000000000000000000e+02 6.000000000000000000000000000000e+00 2.160000000000000000000000000000e+02 4.100000000000000000000000000000e+01
1.070000000000000000000000000000e+02 1.300000000000000000000000000000e+01 2.197000000000000000000000000000e+03 4.200000000000000000000000000000e+01
1.110000000000000000000000000000e+02 1.300000000000000000000000000000e+01 2.197000000000000000000000000000e+03 4.300000000000000000000000000000e+01
1.130000000000000000000000000000e+02 7.000000000000000000000000000000e+00 3.430000000000000000000000000000e+02 4.400000000000000000000000000000e+01
1.150000000000000000000000000000e+02 3.000000000000000000000000000000e+00 2.700000000000000000000000000000e+01 4.500000000000000000000000000000e+01
1.180000000000000000000000000000e+02 9.000000000000000000000000000000e+00 7.290000000000000000000000000000e+02 4.600000000000000000000000000000e+01
1.200000000000000000000000000000e+02 1.500000000000000000000000000000e+01 3.375000000000000000000000000000e+03 4.700000000000000000000000000000e+01
1.220000000000000000000000000000e+02 6.600000000000000000000000000000e+01 2.874960000000000000000000000000e+05 4.800000000000000000000000000000e+01
1.250000000000000000000000000000e+02 2.000000000000000000000000000000e+00 8.000000000000000000000000000000e+00 4.900000000000000000000000000000e+01
1.260000000000000000000000000000e+02 1.700000000000000000000000000000e+01 4.913000000000000000000000000000e+03 5.000000000000000000000000000000e+01
1.270000000000000000000000000000e+02 2.700000000000000000000000000000e+01 1.968300000000000000000000000000e+04 5.100000000000000000000000000000e+01
1.290000000000000000000000000000e+02 5.100000000000000000000000000000e+01 1.326510000000000000000000000000e+05 5.200000000000000000000000000000e+01
1.310000000000000000000000000000e+02 2.200000000000000000000000000000e+01 1.064800000000000000000000000000e+04 5.300000000000000000000000000000e+01
1.320000000000000000000000000000e+02 5.200000000000000000000000000000e+01 1.406080000000000000000000000000e+05 5.400000000000000000000000000000e+01
1.330000000000000000000000000000e+02 1.370000000000000000000000000000e+02 2.571353000000000000000000000000e+06 5.500000000000000000000000000000e+01
1.350000000000000000000000000000e+02 3.000000000000000000000000000000e+00 2.700000000000000000000000000000e+01 5.600000000000000000000000000000e+01
1.360000000000000000000000000000e+02 6.500000000000000000000000000000e+01 2.746250000000000000000000000000e+05 5.700000000000000000000000000000e+01
1.390000000000000000000000000000e+02 3.000000000000000000000000000000e+00 2.700000000000000000000000000000e+01 5.800000000000000000000000000000e+01
1.430000000000000000000000000000e+02 3.400000000000000000000000000000e+01 3.930400000000000000000000000000e+04 5.900000000000000000000000000000e+01
1.440000000000000000000000000000e+02 5.100000000000000000000000000000e+01 1.326510000000000000000000000000e+05 6.000000000000000000000000000000e+01
1.460000000000000000000000000000e+02 2.000000000000000000000000000000e+00 8.000000000000000000000000000000e+00 6.100000000000000000000000000000e+01
1.470000000000000000000000000000e+02 1.430000000000000000000000000000e+02 2.924207000000000000000000000000e+06 6.200000000000000000000000000000e+01
1.480000000000000000000000000000e+02 1.400000000000000000000000000000e+01 2.744000000000000000000000000000e+03 6.300000000000000000000000000000e+01
1.490000000000000000000000000000e+02 6.000000000000000000000000000000e+00 2.160000000000000000000000000000e+02 6.400000000000000000000000000000e+01
