0.000000000000000000000000000000e+00 1.000000000000000000000000000000e+03 1.000000000000000000000000000000e+03 0.000000000000000000000000000000e+00
9.990000000000000000000000000000e+02 3.000000000000000000000000000000e+03 3.000000000000000000000000000000e+03 1.000000000000000000000000000000e+00
3.998000000000000000000000000000e+03 9.000000000000000000000000000000e+03 9.000000000000000000000000000000e+03 2.000000000000000000000000000000e+00
1.299700000000000000000000000000e+04 2.700000000000000000000000000000e+04 2.700000000000000000000000000000e+04 3.000000000000000000000000000000e+00
3.999600000000000000000000000000e+04 8.100000000000000000000000000000e+04 8.100000000000000000000000000000e+04 4.000000000000000000000000000000e+00
1.209950000000000000000000000000e+05 2.430000000000000000000000000000e+05 2.430000000000000000000000000000e+05 5.000000000000000000000000000000e+00
3.639940000000000000000000000000e+05 7.290000000000000000000000000000e+05 7.290000000000000000000000000000e+05 6.000000000000000000000000000000e+00
1.092993000000000000000000000000e+06 2.187000000000000000000000000000e+06 2.187000000000000000000000000000e+06 7.000000000000000000000000000000e+00
3.279992000000000000000000000000e+06 6.561000000000000000000000000000e+06 6.561000000000000000000000000000e+06 8.000000000000000000000000000000e+00
9.840991000000000000000000000000e+06 1.968300000000000000000000000000e+07 1.968300000000000000000000000000e+07 9.000000000000000000000000000000e+00
2.952399000000000000000000000000e+07 5.904900000000000000000000000000e+07 5.904900000000000000000000000000e+07 1.000000000000000000000000000000e+01
8.857298900000000000000000000000e+07 1.771470000000000000000000000000e+08 1.771470000000000000000000000000e+08 1.100000000000000000000000000000e+01
2.657199880000000000000000000000e+08 5.314410000000000000000000000000e+08 5.314410000000000000000000000000e+08 1.200000000000000000000000000000e+01
7.971609870000000000000000000000e+08 1.594323000000000000000000000000e+09 1.594323000000000000000000000000e+09 1.300000000000000000000000000000e+01
2.391483986000000000000000000000e+09 4.782969000000000000000000000000e+09 4.782969000000000000000000000000e+09 1.400000000000000000000000000000e+01
1.000000000000000000000000000000e+00 9.990000000000000000000000000000e+02 9.990000000000000000000000000000e+02 1.500000000000000000000000000000e+01
1.000000000000000000000000000000e+03 2.999000000000000000000000000000e+03 2.999000000000000000000000000000e+03 1.600000000000000000000000000000e+01
3.999000000000000000000000000000e+03 8.999000000000000000000000000000e+03 8.999000000000000000000000000000e+03 1.700000000000000000000000000000e+01
1.299800000000000000000000000000e+04 2.699900000000000000000000000000e+04 2.699900000000000000000000000000e+04 1.800000000000000000000000000000e+01
3.999700000000000000000000000000e+04 8.099900000000000000000000000000e+04 8.099900000000000000000000000000e+04 1.900000000000000000000000000000e+01
1.209960000000000000000000000000e+05 2.429990000000000000000000000000e+05 2.429990000000000000000000000000e+05 2.000000000000000000000000000000e+01
3.639950000000000000000000000000e+05 7.289990000000000000000000000000e+05 7.289990000000000000000000000000e+05 2.100000000000000000000000000000e+01
1.092994000000000000000000000000e+06 2.186999000000000000000000000000e+06 2.186999000000000000000000000000e+06 2.200000000000000000000000000000e+01
3.279993000000000000000000000000e+06 6.560999000000000000000000000000e+06 6.560999000000000000000000000000e+06 2.300000000000000000000000000000e+01
9.840992000000000000000000000000e+06 1.968299900000000000000000000000e+07 1.968299900000000000000000000000e+07 2.400000000000000000000000000000e+01
2.952399100000000000000000000000e+07 5.904899900000000000000000000000e+07 5.904899900000000000000000000000e+07 2.500000000000000000000000000000e+01
8.857299000000000000000000000000e+07 1.771469990000000000000000000000e+08 1.771469990000000000000000000000e+08 2.600000000000000000000000000000e+01
2.657199890000000000000000000000e+08 5.314409990000000000000000000000e+08 5.314409990000000000000000000000e+08 2.700000000000000000000000000000e+01
7.971609880000000000000000000000e+08 1.594322999000000000000000000000e+09 1.594322999000000000000000000000e+09 2.800000000000000000000000000000e+01
2.391483987000000000000000000000e+09 4.782968998000000000000000000000e+09 4.782968998000000000000000000000e+09 2.900000000000000000000000000000e+01
7.174452985000000000000000000000e+09 1.434890699900000000000000000000e+10 1.434890699900000000000000000000e+10 3.000000000000000000000000000000e+01
9.991000000000000227373675443232e+02 3.001000000000000000000000000000e+03 3.001000000000000000000000000000e+03 3.100000000000000000000000000000e+01
3.998099999999999909050529822707e+03 9.004000000000000000000000000000e+03 9.004000000000000000000000000000e+03 3.200000000000000000000000000000e+01
1.299710000000000036379788070917e+04 2.701300000000000000000000000000e+04 2.701300000000000000000000000000e+04 3.300000000000000000000000000000e+01
3.999609999999999854480847716331e+04 8.104000000000000000000000000000e+04 8.104000000000000000000000000000e+04 3.400000000000000000000000000000e+01
1.209951000000000058207660913467e+05 2.431210000000000000000000000000e+05 2.431210000000000000000000000000e+05 3.500000000000000000000000000000e+01
3.639940999999999767169356346130e+05 7.293640000000000000000000000000e+05 7.293640000000000000000000000000e+05 3.600000000000000000000000000000e+01
1.092993100000000093132257461548e+06 2.188093000000000000000000000000e+06 2.188093000000000000000000000000e+06 3.700000000000000000000000000000e+01
3.279992100000000093132257461548e+06 6.564280000000000000000000000000e+06 6.564280000000000000000000000000e+06 3.800000000000000000000000000000e+01
9.840991099999999627470970153809e+06 1.969284100000000000000000000000e+07 1.969284100000000000000000000000e+07 3.900000000000000000000000000000e+01
2.952399010000000149011611938477e+07 5.907852400000000000000000000000e+07 5.907852400000000000000000000000e+07 4.000000000000000000000000000000e+01
8.857298909999999403953552246094e+07 1.772355730000000000000000000000e+08 1.772355730000000000000000000000e+08 4.100000000000000000000000000000e+01
2.657199880999999940395355224609e+08 5.317067200000000000000000000000e+08 5.317067200000000000000000000000e+08 4.200000000000000000000000000000e+01
7.971609871000000238418579101562e+08 1.595120161000000000000000000000e+09 1.595120161000000000000000000000e+09 4.300000000000000000000000000000e+01
2.391483986099999904632568359375e+09 4.785360484000000000000000000000e+09 4.785360484000000000000000000000e+09 4.400000000000000000000000000000e+01
9.992000000000000454747350886464e+02 3.001000000000000000000000000000e+03 3.001000000000000000000000000000e+03 4.500000000000000000000000000000e+01
3.998199999999999818101059645414e+03 9.004000000000000000000000000000e+03 9.004000000000000000000000000000e+03 4.600000000000000000000000000000e+01
1.299720000000000072759576141834e+04 2.701300000000000000000000000000e+04 2.701300000000000000000000000000e+04 4.700000000000000000000000000000e+01
3.999619999999999708961695432663e+04 8.104000000000000000000000000000e+04 8.104000000000000000000000000000e+04 4.800000000000000000000000000000e+01
1.209951999999999970896169543266e+05 2.431210000000000000000000000000e+05 2.431210000000000000000000000000e+05 4.900000000000000000000000000000e+01
3.639942000000000116415321826935e+05 7.293640000000000000000000000000e+05 7.293640000000000000000000000000e+05 5.000000000000000000000000000000e+01
1.092993199999999953433871269226e+06 2.188093000000000000000000000000e+06 2.188093000000000000000000000000e+06 5.100000000000000000000000000000e+01
3.279992200000000186264514923096e+06 6.564280000000000000000000000000e+06 6.564280000000000000000000000000e+06 5.200000000000000000000000000000e+01
9.840991199999999254941940307617e+06 1.969284100000000000000000000000e+07 1.969284100000000000000000000000e+07 5.300000000000000000000000000000e+01
2.952399019999999925494194030762e+07 5.907852400000000000000000000000e+07 5.907852400000000000000000000000e+07 5.400000000000000000000000000000e+01
8.857298920000000298023223876953e+07 1.772355730000000000000000000000e+08 1.772355730000000000000000000000e+08 5.500000000000000000000000000000e+01
2.657199881999999880790710449219e+08 5.317067200000000000000000000000e+08 5.317067200000000000000000000000e+08 5.600000000000000000000000000000e+01
7.971609872000000476837158203125e+08 1.595120161000000000000000000000e+09 1.595120161000000000000000000000e+09 5.700000000000000000000000000000e+01
2.391483986199999809265136718750e+09 4.785360484000000000000000000000e+09 4.785360484000000000000000000000e+09 5.800000000000000000000000000000e+01
9.992999999999999545252649113536e+02 3.001000000000000000000000000000e+03 3.001000000000000000000000000000e+03 5.900000000000000000000000000000e+01
3.998300000000000181898940354586e+03 9.004000000000000000000000000000e+03 9.004000000000000000000000000000e+03 6.000000000000000000000000000000e+01
1.299729999999999927240423858166e+04 2.701300000000000000000000000000e+04 2.701300000000000000000000000000e+04 6.100000000000000000000000000000e+01
3.999630000000000291038304567337e+04 8.104000000000000000000000000000e+04 8.104000000000000000000000000000e+04 6.200000000000000000000000000000e+01
1.209953000000000029103830456734e+05 2.431210000000000000000000000000e+05 2.431210000000000000000000000000e+05 6.300000000000000000000000000000e+01
3.639942999999999883584678173065e+05 7.293640000000000000000000000000e+05 7.293640000000000000000000000000e+05 6.400000000000000000000000000000e+01
1.092993300000000046566128730774e+06 2.188093000000000000000000000000e+06 2.188093000000000000000000000000e+06 6.500000000000000000000000000000e+01
3.279992299999999813735485076904e+06 6.564280000000000000000000000000e+06 6.564280000000000000000000000000e+06 6.600000000000000000000000000000e+01
9.840991300000000745058059692383e+06 1.969284100000000000000000000000e+07 1.969284100000000000000000000000e+07 6.700000000000000000000000000000e+01
2.952399030000000074505805969238e+07 5.907852400000000000000000000000e+07 5.907852400000000000000000000000e+07 6.800000000000000000000000000000e+01
8.857298929999999701976776123047e+07 1.772355730000000000000000000000e+08 1.772355730000000000000000000000e+08 6.900000000000000000000000000000e+01
2.657199883000000119209289550781e+08 5.317067200000000000000000000000e+08 5.317067200000000000000000000000e+08 7.000000000000000000000000000000e+01
7.971609872999999523162841796875e+08 1.595120161000000000000000000000e+09 1.595120161000000000000000000000e+09 7.100000000000000000000000000000e+01
2.391483986300000190734863281250e+09 4.785360484000000000000000000000e+09 4.785360484000000000000000000000e+09 7.200000000000000000000000000000e+01
9.993999999999999772626324556768e+02 3.001000000000000000000000000000e+03 3.001000000000000000000000000000e+03 7.300000000000000000000000000000e+01
3.998400000000000090949470177293e+03 9.004000000000000000000000000000e+03 9.004000000000000000000000000000e+03 7.400000000000000000000000000000e+01
1.299739999999999963620211929083e+04 2.701300000000000000000000000000e+04 2.701300000000000000000000000000e+04 7.500000000000000000000000000000e+01
3.999640000000000145519152283669e+04 8.104000000000000000000000000000e+04 8.104000000000000000000000000000e+04 7.600000000000000000000000000000e+01
1.209953999999999941792339086533e+05 2.431210000000000000000000000000e+05 2.431210000000000000000000000000e+05 7.700000000000000000000000000000e+01
3.639944000000000232830643653870e+05 7.293640000000000000000000000000e+05 7.293640000000000000000000000000e+05 7.800000000000000000000000000000e+01
1.092993399999999906867742538452e+06 2.188093000000000000000000000000e+06 2.188093000000000000000000000000e+06 7.900000000000000000000000000000e+01
3.279992399999999906867742538452e+06 6.564280000000000000000000000000e+06 6.564280000000000000000000000000e+06 8.000000000000000000000000000000e+01
9.840991400000000372529029846191e+06 1.969284100000000000000000000000e+07 1.969284100000000000000000000000e+07 8.100000000000000000000000000000e+01
2.952399039999999850988388061523e+07 5.907852400000000000000000000000e+07 5.907852400000000000000000000000e+07 8.200000000000000000000000000000e+01
8.857298940000000596046447753906e+07 1.772355730000000000000000000000e+08 1.772355730000000000000000000000e+08 8.300000000000000000000000000000e+01
2.657199884000000059604644775391e+08 5.317067200000000000000000000000e+08 5.317067200000000000000000000000e+08 8.400000000000000000000000000000e+01
7.971609873999999761581420898438e+08 1.595120161000000000000000000000e+09 1.595120161000000000000000000000e+09 8.500000000000000000000000000000e+01
2.391483986400000095367431640625e+09 4.785360484000000000000000000000e+09 4.785360484000000000000000000000e+09 8.600000000000000000000000000000e+01
9.995000000000000000000000000000e+02 3.001000000000000000000000000000e+03 3.001000000000000000000000000000e+03 8.700000000000000000000000000000e+01
3.998500000000000000000000000000e+03 9.004000000000000000000000000000e+03 9.004000000000000000000000000000e+03 8.800000000000000000000000000000e+01
1.299750000000000000000000000000e+04 2.701300000000000000000000000000e+04 2.701300000000000000000000000000e+04 8.900000000000000000000000000000e+01
3.999650000000000000000000000000e+04 8.104000000000000000000000000000e+04 8.104000000000000000000000000000e+04 9.000000000000000000000000000000e+01
1.209955000000000000000000000000e+05 2.431210000000000000000000000000e+05 2.431210000000000000000000000000e+05 9.100000000000000000000000000000e+01
3.639945000000000000000000000000e+05 7.293640000000000000000000000000e+05 7.293640000000000000000000000000e+05 9.200000000000000000000000000000e+01
1.092993500000000000000000000000e+06 2.188093000000000000000000000000e+06 2.188093000000000000000000000000e+06 9.300000000000000000000000000000e+01
3.279992500000000000000000000000e+06 6.564280000000000000000000000000e+06 6.564280000000000000000000000000e+06 9.400000000000000000000000000000e+01
9.840991500000000000000000000000e+06 1.969284100000000000000000000000e+07 1.969284100000000000000000000000e+07 9.500000000000000000000000000000e+01
2.952399050000000000000000000000e+07 5.907852400000000000000000000000e+07 5.907852400000000000000000000000e+07 9.600000000000000000000000000000e+01
8.857298950000000000000000000000e+07 1.772355730000000000000000000000e+08 1.772355730000000000000000000000e+08 9.700000000000000000000000000000e+01
2.657199885000000000000000000000e+08 5.317067200000000000000000000000e+08 5.317067200000000000000000000000e+08 9.800000000000000000000000000000e+01
7.971609875000000000000000000000e+08 1.595120161000000000000000000000e+09 1.595120161000000000000000000000e+09 9.900000000000000000000000000000e+01
2.391483986500000000000000000000e+09 4.785360484000000000000000000000e+09 4.785360484000000000000000000000e+09 1.000000000000000000000000000000e+02
9.996000000000000227373675443232e+02 3.001000000000000000000000000000e+03 3.001000000000000000000000000000e+03 1.010000000000000000000000000000e+02
3.998599999999999909050529822707e+03 9.004000000000000000000000000000e+03 9.004000000000000000000000000000e+03 1.020000000000000000000000000000e+02
1.299760000000000036379788070917e+04 2.701300000000000000000000000000e+04 2.701300000000000000000000000000e+04 1.030000000000000000000000000000e+02
3.999659999999999854480847716331e+04 8.104000000000000000000000000000e+04 8.104000000000000000000000000000e+04 1.040000000000000000000000000000e+02
1.209956000000000058207660913467e+05 2.431210000000000000000000000000e+05 2.431210000000000000000000000000e+05 1.050000000000000000000000000000e+02
3.639945999999999767169356346130e+05 7.293640000000000000000000000000e+05 7.293640000000000000000000000000e+05 1.060000000000000000000000000000e+02
1.092993600000000093132257461548e+06 2.188093000000000000000000000000e+06 2.188093000000000000000000000000e+06 1.070000000000000000000000000000e+02
3.279992600000000093132257461548e+06 6.564280000000000000000000000000e+06 6.564280000000000000000000000000e+06 1.080000000000000000000000000000e+02
9.840991599999999627470970153809e+06 1.969284100000000000000000000000e+07 1.969284100000000000000000000000e+07 1.090000000000000000000000000000e+02
2.952399060000000149011611938477e+07 5.907852400000000000000000000000e+07 5.907852400000000000000000000000e+07 1.100000000000000000000000000000e+02
8.857298959999999403953552246094e+07 1.772355730000000000000000000000e+08 1.772355730000000000000000000000e+08 1.110000000000000000000000000000e+02
2.657199885999999940395355224609e+08 5.317067200000000000000000000000e+08 5.317067200000000000000000000000e+08 1.120000000000000000000000000000e+02
7.971609876000000238418579101562e+08 1.595120161000000000000000000000e+09 1.595120161000000000000000000000e+09 1.130000000000000000000000000000e+02
2.391483986599999904632568359375e+09 4.785360484000000000000000000000e+09 4.785360484000000000000000000000e+09 1.140000000000000000000000000000e+02
9.997000000000000454747350886464e+02 3.001000000000000000000000000000e+03 3.001000000000000000000000000000e+03 1.150000000000000000000000000000e+02
3.998699999999999818101059645414e+03 9.004000000000000000000000000000e+03 9.004000000000000000000000000000e+03 1.160000000000000000000000000000e+02
1.299770000000000072759576141834e+04 2.701300000000000000000000000000e+04 2.701300000000000000000000000000e+04 1.170000000000000000000000000000e+02
3.999669999999999708961695432663e+04 8.104000000000000000000000000000e+04 8.104000000000000000000000000000e+04 1.180000000000000000000000000000e+02
1.209956999999999970896169543266e+05 2.431210000000000000000000000000e+05 2.431210000000000000000000000000e+05 1.190000000000000000000000000000e+02
3.639947000000000116415321826935e+05 7.293640000000000000000000000000e+05 7.293640000000000000000000000000e+05 1.200000000000000000000000000000e+02
1.092993699999999953433871269226e+06 2.188093000000000000000000000000e+06 2.188093000000000000000000000000e+06 1.210000000000000000000000000000e+02
3.279992700000000186264514923096e+06 6.564280000000000000000000000000e+06 6.564280000000000000000000000000e+06 1.220000000000000000000000000000e+02
9.840991699999999254941940307617e+06 1.969284100000000000000000000000e+07 1.969284100000000000000000000000e+07 1.230000000000000000000000000000e+02
2.952399069999999925494194030762e+07 5.907852400000000000000000000000e+07 5.907852400000000000000000000000e+07 1.240000000000000000000000000000e+02
8.857298970000000298023223876953e+07 1.772355730000000000000000000000e+08 1.772355730000000000000000000000e+08 1.250000000000000000000000000000e+02
2.657199886999999880790710449219e+08 5.317067200000000000000000000000e+08 5.317067200000000000000000000000e+08 1.260000000000000000000000000000e+02
7.971609877000000476837158203125e+08 1.595120161000000000000000000000e+09 1.595120161000000000000000000000e+09 1.270000000000000000000000000000e+02
2.391483986699999809265136718750e+09 4.785360484000000000000000000000e+09 4.785360484000000000000000000000e+09 1.280000000000000000000000000000e+02
9.997999999999999545252649113536e+02 3.001000000000000000000000000000e+03 3.001000000000000000000000000000e+03 1.290000000000000000000000000000e+02
3.998800000000000181898940354586e+03 9.004000000000000000000000000000e+03 9.004000000000000000000000000000e+03 1.300000000000000000000000000000e+02
1.299779999999999927240423858166e+04 2.701300000000000000000000000000e+04 2.701300000000000000000000000000e+04 1.310000000000000000000000000000e+02
3.999680000000000291038304567337e+04 8.104000000000000000000000000000e+04 8.104000000000000000000000000000e+04 1.320000000000000000000000000000e+02
1.209958000000000029103830456734e+05 2.431210000000000000000000000000e+05 2.431210000000000000000000000000e+05 1.330000000000000000000000000000e+02
3.639947999999999883584678173065e+05 7.293640000000000000000000000000e+05 7.293640000000000000000000000000e+05 1.340000000000000000000000000000e+02
1.092993800000000046566128730774e+06 2.188093000000000000000000000000e+06 2.188093000000000000000000000000e+06 1.350000000000000000000000000000e+02
3.279992799999999813735485076904e+06 6.564280000000000000000000000000e+06 6.564280000000000000000000000000e+06 1.360000000000000000000000000000e+02
9.840991800000000745058059692383e+06 1.969284100000000000000000000000e+07 1.969284100000000000000000000000e+07 1.370000000000000000000000000000e+02
2.952399080000000074505805969238e+07 5.907852400000000000000000000000e+07 5.907852400000000000000000000000e+07 1.380000000000000000000000000000e+02
8.857298979999999701976776123047e+07 1.772355730000000000000000000000e+08 1.772355730000000000000000000000e+08 1.390000000000000000000000000000e+02
2.657199888000000119209289550781e+08 5.317067200000000000000000000000e+08 5.317067200000000000000000000000e+08 1.400000000000000000000000000000e+02
7.971609877999999523162841796875e+08 1.595120161000000000000000000000e+09 1.595120161000000000000000000000e+09 1.410000000000000000000000000000e+02
2.391483986800000190734863281250e+09 4.785360484000000000000000000000e+09 4.785360484000000000000000000000e+09 1.420000000000000000000000000000e+02
9.998999999999999772626324556768e+02 3.001000000000000000000000000000e+03 3.001000000000000000000000000000e+03 1.430000000000000000000000000000e+02
3.998900000000000090949470177293e+03 9.004000000000000000000000000000e+03 9.004000000000000000000000000000e+03 1.440000000000000000000000000000e+02
1.299789999999999963620211929083e+04 2.701300000000000000000000000000e+04 2.701300000000000000000000000000e+04 1.450000000000000000000000000000e+02
3.999690000000000145519152283669e+04 8.104000000000000000000000000000e+04 8.104000000000000000000000000000e+04 1.460000000000000000000000000000e+02
1.209958999999999941792339086533e+05 2.431210000000000000000000000000e+05 2.431210000000000000000000000000e+05 1.470000000000000000000000000000e+02
3.639949000000000232830643653870e+05 7.293640000000000000000000000000e+05 7.293640000000000000000000000000e+05 1.480000000000000000000000000000e+02
1.092993899999999906867742538452e+06 2.188093000000000000000000000000e+06 2.188093000000000000000000000000e+06 1.490000000000000000000000000000e+02
3.279992899999999906867742538452e+06 6.564280000000000000000000000000e+06 6.564280000000000000000000000000e+06 1.500000000000000000000000000000e+02
9.840991900000000372529029846191e+06 1.969284100000000000000000000000e+07 1.969284100000000000000000000000e+07 1.510000000000000000000000000000e+02
2.952399089999999850988388061523e+07 5.907852400000000000000000000000e+07 5.907852400000000000000000000000e+07 1.520000000000000000000000000000e+02
8.857298990000000596046447753906e+07 1.772355730000000000000000000000e+08 1.772355730000000000000000000000e+08 1.530000000000000000000000000000e+02
2.657199889000000059604644775391e+08 5.317067200000000000000000000000e+08 5.317067200000000000000000000000e+08 1.540000000000000000000000000000e+02
7.971609878999999761581420898438e+08 1.595120161000000000000000000000e+09 1.595120161000000000000000000000e+09 1.550000000000000000000000000000e+02
2.391483986900000095367431640625e+09 4.785360484000000000000000000000e+09 4.785360484000000000000000000000e+09 1.560000000000000000000000000000e+02
