1.000000000000000000000000000000e+00 2.800000000000000000000000000000e+01 7.840000000000000000000000000000e+02 0.000000000000000000000000000000e+00
4.000000000000000000000000000000e+00 1.320000000000000000000000000000e+02 1.742400000000000000000000000000e+04 1.000000000000000000000000000000e+00
6.000000000000000000000000000000e+00 3.400000000000000000000000000000e+01 1.156000000000000000000000000000e+03 2.000000000000000000000000000000e+00
7.000000000000000000000000000000e+00 2.500000000000000000000000000000e+01 6.250000000000000000000000000000e+02 3.000000000000000000000000000000e+00
8.000000000000000000000000000000e+00 7.200000000000000000000000000000e+01 5.184000000000000000000000000000e+03 4.000000000000000000000000000000e+00
9.000000000000000000000000000000e+00 2.230000000000000000000000000000e+02 4.972900000000000000000000000000e+04 5.000000000000000000000000000000e+00
1.200000000000000000000000000000e+01 9.400000000000000000000000000000e+01 8.836000000000000000000000000000e+03 6.000000000000000000000000000000e+00
1.300000000000000000000000000000e+01 4.100000000000000000000000000000e+01 1.681000000000000000000000000000e+03 7.000000000000000000000000000000e+00
1.400000000000000000000000000000e+01 1.070000000000000000000000000000e+02 1.144900000000000000000000000000e+04 8.000000000000000000000000000000e+00
1.800000000000000000000000000000e+01 1.480000000000000000000000000000e+02 2.190400000000000000000000000000e+04 9.000000000000000000000000000000e+00
2.000000000000000000000000000000e+01 2.310000000000000000000000000000e+02 5.336100000000000000000000000000e+04 1.000000000000000000000000000000e+01
2.200000000000000000000000000000e+01 9.000000000000000000000000000000e+01 8.100000000000000000000000000000e+03 1.100000000000000000000000000000e+01
2.300000000000000000000000000000e+01 1.000000000000000000000000000000e+01 1.000000000000000000000000000000e+02 1.200000000000000000000000000000e+01
2.500000000000000000000000000000e+01 3.000000000000000000000000000000e+00 9.000000000000000000000000000000e+00 1.300000000000000000000000000000e+01
3.000000000000000000000000000000e+01 1.630000000000000000000000000000e+02 2.656900000000000000000000000000e+04 1.400000000000000000000000000000e+01
3.100000000000000000000000000000e+01 7.000000000000000000000000000000e+00 4.900000000000000000000000000000e+01 1.500000000000000000000000000000e+01
3.200000000000000000000000000000e+01 1.100000000000000000000000000000e+01 1.210000000000000000000000000000e+02 1.600000000000000000000000000000e+01
3.300000000000000000000000000000e+01 2.800000000000000000000000000000e+01 7.840000000000000000000000000000e+02 1.700000000000000000000000000000e+01
3.500000000000000000000000000000e+01 2.960000000000000000000000000000e+02 8.761600000000000000000000000000e+04 1.800000000000000000000000000000e+01
4.400000000000000000000000000000e+01 3.000000000000000000000000000000e+00 9.000000000000000000000000000000e+00 1.900000000000000000000000000000e+01
5.000000000000000000000000000000e+01 1.800000000000000000000000000000e+02 3.240000000000000000000000000000e+04 2.000000000000000000000000000000e+01
5.100000000000000000000000000000e+01 1.010000000000000000000000000000e+02 1.020100000000000000000000000000e+04 2.100000000000000000000000000000e+01
5.200000000000000000000000000000e+01 3.500000000000000000000000000000e+01 1.225000000000000000000000000000e+03 2.200000000000000000000000000000e+01
5.300000000000000000000000000000e+01 8.000000000000000000000000000000e+01 6.400000000000000000000000000000e+03 2.300000000000000000000000000000e+01
5.600000000000000000000000000000e+01 3.090000000000000000000000000000e+02 9.548100000000000000000000000000e+04 2.400000000000000000000000000000e+01
5.700000000000000000000000000000e+01 4.500000000000000000000000000000e+01 2.025000000000000000000000000000e+03 2.500000000000000000000000000000e+01
5.800000000000000000000000000000e+01 5.400000000000000000000000000000e+01 2.916000000000000000000000000000e+03 2.600000000000000000000000000000e+01
6.000000000000000000000000000000e+01 4.800000000000000000000000000000e+01 2.304000000000000000000000000000e+03 2.700000000000000000000000000000e+01
6.500000000000000000000000000000e+01 6.200000000000000000000000000000e+01 3.844000000000000000000000000000e+03 2.800000000000000000000000000000e+01
6.600000000000000000000000000000e+01 1.040000000000000000000000000000e+02 1.081600000000000000000000000000e+04 2.900000000000000000000000000000e+01
6.800000000000000000000000000000e+01 8.600000000000000000000000000000e+01 7.396000000000000000000000000000e+03 3.000000000000000000000000000000e+01
6.900000000000000000000000000000e+01 9.700000000000000000000000000000e+01 9.409000000000000000000000000000e+03 3.100000000000000000000000000000e+01
7.000000000000000000000000000000e+01 6.000000000000000000000000000000e+00 3.600000000000000000000000000000e+01 3.200000000000000000000000000000e+01
7.200000000000000000000000000000e+01 1.000000000000000000000000000000e+00 1.000000000000000000000000000000e+00 3.300000000000000000000000000000e+01
7.600000000000000000000000000000e+01 2.150000000000000000000000000000e+02 4.622500000000000000000000000000e+04 3.400000000000000000000000000000e+01
7.800000000000000000000000000000e+01 1.750000000000000000000000000000e+02 3.062500000000000000000000000000e+04 3.500000000000000000000000000000e+01
7.900000000000000000000000000000e+01 1.130000000000000000000000000000e+02 1.276900000000000000000000000000e+04 3.600000000000000000000000000000e+01
8.500000000000000000000000000000e+01 4.800000000000000000000000000000e+01 2.304000000000000000000000000000e+03 3.700000000000000000000000000000e+01
8.700000000000000000000000000000e+01 7.300000000000000000000000000000e+01 5.329000000000000000000000000000e+03 3.800000000000000000000000000000e+01
8.900000000000000000000000000000e+01 1.900000000000000000000000000000e+01 3.610000000000000000000000000000e+02 3.900000000000000000000000000000e+01
9.000000000000000000000000000000e+01 2.050000000000000000000000000000e+02 4.202500000000000000000000000000e+04 4.000000000000000000000000000000e+01
9.400000000000000000000000000000e+01 7.000000000000000000000000000000e+01 4.900000000000000000000000000000e+03 4.100000000000000000000000000000e+01
9.800000000000000000000000000000e+01 1.030000000000000000000000000000e+02 1.060900000000000000000000000000e+04 4.200000000000000000000000000000e+01
1.030000000000000000000000000000e+02 1.060000000000000000000000000000e+02 1.123600000000000000000000000000e+04 4.300000000000000000000000000000e+01
1.040000000000000000000000000000e+02 7.300000000000000000000000000000e+01 5.329000000000000000000000000000e+03 4.400000000000000000000000000000e+01
1.050000000000000000000000000000e+02 7.000000000000000000000000000000e+01 4.900000000000000000000000000000e+03 4.500000000000000000000000000000e+01
1.070000000000000000000000000000e+02 1.660000000000000000000000000000e+02 2.755600000000000000000000000000e+04 4.600000000000000000000000000000e+01
1.080000000000000000000000000000e+02 2.000000000000000000000000000000e+01 4.000000000000000000000000000000e+02 4.700000000000000000000000000000e+01
1.100000000000000000000000000000e+02 6.500000000000000000000000000000e+01 4.225000000000000000000000000000e+03 4.800000000000000000000000000000e+01
1.140000000000000000000000000000e+02 3.740000000000000000000000000000e+02 1.398760000000000000000000000000e+05 4.900000000000000000000000000000e+01
1.150000000000000000000000000000e+02 2.900000000000000000000000000000e+01 8.410000000000000000000000000000e+02 5.000000000000000000000000000000e+01
1.160000000000000000000000000000e+02 6.800000000000000000000000000000e+01 4.624000000000000000000000000000e+03 5.100000000000000000000000000000e+01
1.180000000000000000000000000000e+02 7.400000000000000000000000000000e+01 5.476000000000000000000000000000e+03 5.200000000000000000000000000000e+01
1.200000000000000000000000000000e+02 1.830000000000000000000000000000e+02 3.348900000000000000000000000000e+04 5.300000000000000000000000000000e+01
1.210000000000000000000000000000e+02 3.900000000000000000000000000000e+01 1.521000000000000000000000000000e+03 5.400000000000000000000000000000e+01
1.220000000000000000000000000000e+02 1.010000000000000000000000000000e+02 1.020100000000000000000000000000e+04 5.500000000000000000000000000000e+01
1.230000000000000000000000000000e+02 2.700000000000000000000000000000e+02 7.290000000000000000000000000000e+04 5.600000000000000000000000000000e+01
1.240000000000000000000000000000e+02 1.340000000000000000000000000000e+02 1.795600000000000000000000000000e+04 5.700000000000000000000000000000e+01
1.250000000000000000000000000000e+02 3.000000000000000000000000000000e+01 9.000000000000000000000000000000e+02 5.800000000000000000000000000000e+01
1.290000000000000000000000000000e+02 1.790000000000000000000000000000e+02 3.204100000000000000000000000000e+04 5.900000000000000000000000000000e+01
1.380000000000000000000000000000e+02 1.030000000000000000000000000000e+02 1.060900000000000000000000000000e+04 6.000000000000000000000000000000e+01
1.420000000000000000000000000000e+02 6.200000000000000000000000000000e+01 3.844000000000000000000000000000e+03 6.100000000000000000000000000000e+01
1.450000000000000000000000000000e+02 8.800000000000000000000000000000e+01 7.744000000000000000000000000000e+03 6.200000000000000000000000000000e+01
1.480000000000000000000000000000e+02 2.000000000000000000000000000000e+00 4.000000000000000000000000000000e+00 6.300000000000000000000000000000e+01
1.490000000000000000000000000000e+02 2.400000000000000000000000000000e+01 5.760000000000000000000000000000e+02 6.400000000000000000000000000000e+01
