0.000000000000000000000000000000e+00 3.200000000000000000000000000000e+01 1.024000000000000000000000000000e+03 0.000000000000000000000000000000e+00
1.000000000000000000000000000000e+00 6.000000000000000000000000000000e+01 3.600000000000000000000000000000e+03 1.000000000000000000000000000000e+00
2.000000000000000000000000000000e+00 2.270000000000000000000000000000e+02 5.152900000000000000000000000000e+04 2.000000000000000000000000000000e+00
7.000000000000000000000000000000e+00 8.500000000000000000000000000000e+01 7.225000000000000000000000000000e+03 3.000000000000000000000000000000e+00
8.000000000000000000000000000000e+00 1.360000000000000000000000000000e+02 1.849600000000000000000000000000e+04 4.000000000000000000000000000000e+00
1.100000000000000000000000000000e+01 1.170000000000000000000000000000e+02 1.368900000000000000000000000000e+04 5.000000000000000000000000000000e+00
1.300000000000000000000000000000e+01 4.000000000000000000000000000000e+01 1.600000000000000000000000000000e+03 6.000000000000000000000000000000e+00
1.400000000000000000000000000000e+01 2.500000000000000000000000000000e+01 6.250000000000000000000000000000e+02 7.000000000000000000000000000000e+00
1.600000000000000000000000000000e+01 1.320000000000000000000000000000e+02 1.742400000000000000000000000000e+04 8.000000000000000000000000000000e+00
2.000000000000000000000000000000e+01 6.000000000000000000000000000000e+00 3.600000000000000000000000000000e+01 9.000000000000000000000000000000e+00
2.100000000000000000000000000000e+01 2.300000000000000000000000000000e+01 5.290000000000000000000000000000e+02 1.000000000000000000000000000000e+01
2.300000000000000000000000000000e+01 2.550000000000000000000000000000e+02 6.502500000000000000000000000000e+04 1.100000000000000000000000000000e+01
2.600000000000000000000000000000e+01 3.560000000000000000000000000000e+02 1.267360000000000000000000000000e+05 1.200000000000000000000000000000e+01
2.700000000000000000000000000000e+01 4.400000000000000000000000000000e+01 1.936000000000000000000000000000e+03 1.300000000000000000000000000000e+01
2.800000000000000000000000000000e+01 2.360000000000000000000000000000e+02 5.569600000000000000000000000000e+04 1.400000000000000000000000000000e+01
2.900000000000000000000000000000e+01 5.900000000000000000000000000000e+01 3.481000000000000000000000000000e+03 1.500000000000000000000000000000e+01
3.100000000000000000000000000000e+01 6.700000000000000000000000000000e+01 4.489000000000000000000000000000e+03 1.600000000000000000000000000000e+01
3.200000000000000000000000000000e+01 1.710000000000000000000000000000e+02 2.924100000000000000000000000000e+04 1.700000000000000000000000000000e+01
3.300000000000000000000000000000e+01 1.410000000000000000000000000000e+02 1.988100000000000000000000000000e+04 1.800000000000000000000000000000e+01
3.500000000000000000000000000000e+01 6.400000000000000000000000000000e+01 4.096000000000000000000000000000e+03 1.900000000000000000000000000000e+01
3.700000000000000000000000000000e+01 1.180000000000000000000000000000e+02 1.392400000000000000000000000000e+04 2.000000000000000000000000000000e+01
3.900000000000000000000000000000e+01 9.000000000000000000000000000000e+01 8.100000000000000000000000000000e+03 2.100000000000000000000000000000e+01
4.000000000000000000000000000000e+01 8.400000000000000000000000000000e+01 7.056000000000000000000000000000e+03 2.200000000000000000000000000000e+01
4.100000000000000000000000000000e+01 3.600000000000000000000000000000e+01 1.296000000000000000000000000000e+03 2.300000000000000000000000000000e+01
4.800000000000000000000000000000e+01 1.100000000000000000000000000000e+01 1.210000000000000000000000000000e+02 2.400000000000000000000000000000e+01
5.000000000000000000000000000000e+01 5.000000000000000000000000000000e+01 2.500000000000000000000000000000e+03 2.500000000000000000000000000000e+01
5.600000000000000000000000000000e+01 1.540000000000000000000000000000e+02 2.371600000000000000000000000000e+04 2.600000000000000000000000000000e+01
5.700000000000000000000000000000e+01 9.000000000000000000000000000000e+00 8.100000000000000000000000000000e+01 2.700000000000000000000000000000e+01
5.800000000000000000000000000000e+01 2.280000000000000000000000000000e+02 5.198400000000000000000000000000e+04 2.800000000000000000000000000000e+01
5.900000000000000000000000000000e+01 1.280000000000000000000000000000e+02 1.638400000000000000000000000000e+04 2.900000000000000000000000000000e+01
6.000000000000000000000000000000e+01 3.000000000000000000000000000000e+01 9.000000000000000000000000000000e+02 3.000000000000000000000000000000e+01
6.100000000000000000000000000000e+01 5.200000000000000000000000000000e+01 2.704000000000000000000000000000e+03 3.100000000000000000000000000000e+01
6.200000000000000000000000000000e+01 5.000000000000000000000000000000e+00 2.500000000000000000000000000000e+01 3.200000000000000000000000000000e+01
6.300000000000000000000000000000e+01 1.900000000000000000000000000000e+02 3.610000000000000000000000000000e+04 3.300000000000000000000000000000e+01
6.500000000000000000000000000000e+01 3.700000000000000000000000000000e+01 1.369000000000000000000000000000e+03 3.400000000000000000000000000000e+01
6.600000000000000000000000000000e+01 3.900000000000000000000000000000e+01 1.521000000000000000000000000000e+03 3.500000000000000000000000000000e+01
6.700000000000000000000000000000e+01 2.570000000000000000000000000000e+02 6.604900000000000000000000000000e+04 3.600000000000000000000000000000e+01
7.200000000000000000000000000000e+01 5.700000000000000000000000000000e+01 3.249000000000000000000000000000e+03 3.700000000000000000000000000000e+01
7.500000000000000000000000000000e+01 3.440000000000000000000000000000e+02 1.183360000000000000000000000000e+05 3.800000000000000000000000000000e+01
7.600000000000000000000000000000e+01 2.950000000000000000000000000000e+02 8.702500000000000000000000000000e+04 3.900000000000000000000000000000e+01
7.700000000000000000000000000000e+01 1.200000000000000000000000000000e+01 1.440000000000000000000000000000e+02 4.000000000000000000000000000000e+01
7.800000000000000000000000000000e+01 8.500000000000000000000000000000e+01 7.225000000000000000000000000000e+03 4.100000000000000000000000000000e+01
8.000000000000000000000000000000e+01 2.900000000000000000000000000000e+01 8.410000000000000000000000000000e+02 4.200000000000000000000000000000e+01
8.100000000000000000000000000000e+01 2.900000000000000000000000000000e+01 8.410000000000000000000000000000e+02 4.300000000000000000000000000000e+01
8.200000000000000000000000000000e+01 1.640000000000000000000000000000e+02 2.689600000000000000000000000000e+04 4.400000000000000000000000000000e+01
8.300000000000000000000000000000e+01 5.900000000000000000000000000000e+01 3.481000000000000000000000000000e+03 4.500000000000000000000000000000e+01
8.400000000000000000000000000000e+01 1.000000000000000000000000000000e+01 1.000000000000000000000000000000e+02 4.600000000000000000000000000000e+01
8.500000000000000000000000000000e+01 1.050000000000000000000000000000e+02 1.102500000000000000000000000000e+04 4.700000000000000000000000000000e+01
8.600000000000000000000000000000e+01 5.600000000000000000000000000000e+01 3.136000000000000000000000000000e+03 4.800000000000000000000000000000e+01
9.000000000000000000000000000000e+01 9.400000000000000000000000000000e+01 8.836000000000000000000000000000e+03 4.900000000000000000000000000000e+01
9.100000000000000000000000000000e+01 1.570000000000000000000000000000e+02 2.464900000000000000000000000000e+04 5.000000000000000000000000000000e+01
9.800000000000000000000000000000e+01 8.000000000000000000000000000000e+01 6.400000000000000000000000000000e+03 5.100000000000000000000000000000e+01
1.000000000000000000000000000000e+02 1.840000000000000000000000000000e+02 3.385600000000000000000000000000e+04 5.200000000000000000000000000000e+01
1.010000000000000000000000000000e+02 2.410000000000000000000000000000e+02 5.808100000000000000000000000000e+04 5.300000000000000000000000000000e+01
1.040000000000000000000000000000e+02 9.000000000000000000000000000000e+00 8.100000000000000000000000000000e+01 5.400000000000000000000000000000e+01
1.090000000000000000000000000000e+02 2.600000000000000000000000000000e+01 6.760000000000000000000000000000e+02 5.500000000000000000000000000000e+01
1.140000000000000000000000000000e+02 8.500000000000000000000000000000e+01 7.225000000000000000000000000000e+03 5.600000000000000000000000000000e+01
1.170000000000000000000000000000e+02 4.240000000000000000000000000000e+02 1.797760000000000000000000000000e+05 5.700000000000000000000000000000e+01
1.180000000000000000000000000000e+02 6.000000000000000000000000000000e+00 3.600000000000000000000000000000e+01 5.800000000000000000000000000000e+01
1.210000000000000000000000000000e+02 1.320000000000000000000000000000e+02 1.742400000000000000000000000000e+04 5.900000000000000000000000000000e+01
1.240000000000000000000000000000e+02 6.300000000000000000000000000000e+01 3.969000000000000000000000000000e+03 6.000000000000000000000000000000e+01
1.250000000000000000000000000000e+02 2.460000000000000000000000000000e+02 6.051600000000000000000000000000e+04 6.100000000000000000000000000000e+01
1.290000000000000000000000000000e+02 4.600000000000000000000000000000e+01 2.116000000000000000000000000000e+03 6.200000000000000000000000000000e+01
1.300000000000000000000000000000e+02 6.000000000000000000000000000000e+00 3.600000000000000000000000000000e+01 6.300000000000000000000000000000e+01
1.310000000000000000000000000000e+02 1.610000000000000000000000000000e+02 2.592100000000000000000000000000e+04 6.400000000000000000000000000000e+01
1.320000000000000000000000000000e+02 2.630000000000000000000000000000e+02 6.916900000000000000000000000000e+04 6.500000000000000000000000000000e+01
1.330000000000000000000000000000e+02 1.130000000000000000000000000000e+02 1.276900000000000000000000000000e+04 6.600000000000000000000000000000e+01
1.340000000000000000000000000000e+02 8.000000000000000000000000000000e+01 6.400000000000000000000000000000e+03 6.700000000000000000000000000000e+01
1.380000000000000000000000000000e+02 1.350000000000000000000000000000e+02 1.822500000000000000000000000000e+04 6.800000000000000000000000000000e+01
1.440000000000000000000000000000e+02 8.500000000000000000000000000000e+01 7.225000000000000000000000000000e+03 6.900000000000000000000000000000e+01
1.480000000000000000000000000000e+02 3.300000000000000000000000000000e+01 1.089000000000000000000000000000e+03 7.000000000000000000000000000000e+01
