6.000000000000000000000000000000e+00 2.100000000000000000000000000000e+01 4.410000000000000000000000000000e+02 0.000000000000000000000000000000e+00
7.000000000000000000000000000000e+00 3.900000000000000000000000000000e+01 1.521000000000000000000000000000e+03 1.000000000000000000000000000000e+00
8.000000000000000000000000000000e+00 1.100000000000000000000000000000e+01 1.210000000000000000000000000000e+02 2.000000000000000000000000000000e+00
9.000000000000000000000000000000e+00 2.330000000000000000000000000000e+02 5.428900000000000000000000000000e+04 3.000000000000000000000000000000e+00
1.000000000000000000000000000000e+01 6.700000000000000000000000000000e+01 4.489000000000000000000000000000e+03 4.000000000000000000000000000000e+00
1.300000000000000000000000000000e+01 1.290000000000000000000000000000e+02 1.664100000000000000000000000000e+04 5.000000000000000000000000000000e+00
1.400000000000000000000000000000e+01 3.630000000000000000000000000000e+02 1.317690000000000000000000000000e+05 6.000000000000000000000000000000e+00
1.600000000000000000000000000000e+01 2.480000000000000000000000000000e+02 6.150400000000000000000000000000e+04 7.000000000000000000000000000000e+00
1.900000000000000000000000000000e+01 1.700000000000000000000000000000e+01 2.890000000000000000000000000000e+02 8.000000000000000000000000000000e+00
2.100000000000000000000000000000e+01 2.400000000000000000000000000000e+01 5.760000000000000000000000000000e+02 9.000000000000000000000000000000e+00
2.700000000000000000000000000000e+01 1.300000000000000000000000000000e+01 1.690000000000000000000000000000e+02 1.000000000000000000000000000000e+01
3.100000000000000000000000000000e+01 6.300000000000000000000000000000e+01 3.969000000000000000000000000000e+03 1.100000000000000000000000000000e+01
3.300000000000000000000000000000e+01 8.300000000000000000000000000000e+01 6.889000000000000000000000000000e+03 1.200000000000000000000000000000e+01
3.500000000000000000000000000000e+01 1.900000000000000000000000000000e+01 3.610000000000000000000000000000e+02 1.300000000000000000000000000000e+01
3.600000000000000000000000000000e+01 1.690000000000000000000000000000e+02 2.856100000000000000000000000000e+04 1.400000000000000000000000000000e+01
3.800000000000000000000000000000e+01 2.600000000000000000000000000000e+01 6.760000000000000000000000000000e+02 1.500000000000000000000000000000e+01
3.900000000000000000000000000000e+01 9.400000000000000000000000000000e+01 8.836000000000000000000000000000e+03 1.600000000000000000000000000000e+01
4.000000000000000000000000000000e+01 1.200000000000000000000000000000e+01 1.440000000000000000000000000000e+02 1.700000000000000000000000000000e+01
4.100000000000000000000000000000e+01 1.050000000000000000000000000000e+02 1.102500000000000000000000000000e+04 1.800000000000000000000000000000e+01
4.200000000000000000000000000000e+01 1.110000000000000000000000000000e+02 1.232100000000000000000000000000e+04 1.900000000000000000000000000000e+01
4.300000000000000000000000000000e+01 1.840000000000000000000000000000e+02 3.385600000000000000000000000000e+04 2.000000000000000000000000000000e+01
4.400000000000000000000000000000e+01 9.000000000000000000000000000000e+00 8.100000000000000000000000000000e+01 2.100000000000000000000000000000e+01
4.700000000000000000000000000000e+01 6.100000000000000000000000000000e+01 3.721000000000000000000000000000e+03 2.200000000000000000000000000000e+01
5.100000000000000000000000000000e+01 5.300000000000000000000000000000e+01 2.809000000000000000000000000000e+03 2.300000000000000000000000000000e+01
5.500000000000000000000000000000e+01 2.960000000000000000000000000000e+02 8.761600000000000000000000000000e+04 2.400000000000000000000000000000e+01
5.600000000000000000000000000000e+01 2.700000000000000000000000000000e+02 7.290000000000000000000000000000e+04 2.500000000000000000000000000000e+01
5.700000000000000000000000000000e+01 6.100000000000000000000000000000e+01 3.721000000000000000000000000000e+03 2.600000000000000000000000000000e+01
5.800000000000000000000000000000e+01 7.600000000000000000000000000000e+01 5.776000000000000000000000000000e+03 2.700000000000000000000000000000e+01
6.000000000000000000000000000000e+01 6.000000000000000000000000000000e+01 3.600000000000000000000000000000e+03 2.800000000000000000000000000000e+01
6.200000000000000000000000000000e+01 4.900000000000000000000000000000e+01 2.401000000000000000000000000000e+03 2.900000000000000000000000000000e+01
6.800000000000000000000000000000e+01 3.300000000000000000000000000000e+01 1.089000000000000000000000000000e+03 3.000000000000000000000000000000e+01
7.400000000000000000000000000000e+01 1.870000000000000000000000000000e+02 3.496900000000000000000000000000e+04 3.100000000000000000000000000000e+01
7.500000000000000000000000000000e+01 7.600000000000000000000000000000e+01 5.776000000000000000000000000000e+03 3.200000000000000000000000000000e+01
7.700000000000000000000000000000e+01 3.280000000000000000000000000000e+02 1.075840000000000000000000000000e+05 3.300000000000000000000000000000e+01
8.100000000000000000000000000000e+01 4.700000000000000000000000000000e+01 2.209000000000000000000000000000e+03 3.400000000000000000000000000000e+01
8.200000000000000000000000000000e+01 1.790000000000000000000000000000e+02 3.204100000000000000000000000000e+04 3.500000000000000000000000000000e+01
8.300000000000000000000000000000e+01 8.400000000000000000000000000000e+01 7.056000000000000000000000000000e+03 3.600000000000000000000000000000e+01
8.700000000000000000000000000000e+01 1.900000000000000000000000000000e+02 3.610000000000000000000000000000e+04 3.700000000000000000000000000000e+01
8.800000000000000000000000000000e+01 1.120000000000000000000000000000e+02 1.254400000000000000000000000000e+04 3.800000000000000000000000000000e+01
8.900000000000000000000000000000e+01 2.900000000000000000000000000000e+02 8.410000000000000000000000000000e+04 3.900000000000000000000000000000e+01
9.400000000000000000000000000000e+01 2.690000000000000000000000000000e+02 7.236100000000000000000000000000e+04 4.000000000000000000000000000000e+01
9.700000000000000000000000000000e+01 7.000000000000000000000000000000e+00 4.900000000000000000000000000000e+01 4.100000000000000000000000000000e+01
1.010000000000000000000000000000e+02 1.070000000000000000000000000000e+02 1.144900000000000000000000000000e+04 4.200000000000000000000000000000e+01
1.020000000000000000000000000000e+02 1.330000000000000000000000000000e+02 1.768900000000000000000000000000e+04 4.300000000000000000000000000000e+01
1.030000000000000000000000000000e+02 4.200000000000000000000000000000e+01 1.764000000000000000000000000000e+03 4.400000000000000000000000000000e+01
1.050000000000000000000000000000e+02 2.730000000000000000000000000000e+02 7.452900000000000000000000000000e+04 4.500000000000000000000000000000e+01
1.060000000000000000000000000000e+02 2.100000000000000000000000000000e+01 4.410000000000000000000000000000e+02 4.600000000000000000000000000000e+01
1.070000000000000000000000000000e+02 2.640000000000000000000000000000e+02 6.969600000000000000000000000000e+04 4.700000000000000000000000000000e+01
1.110000000000000000000000000000e+02 2.210000000000000000000000000000e+02 4.884100000000000000000000000000e+04 4.800000000000000000000000000000e+01
1.140000000000000000000000000000e+02 7.000000000000000000000000000000e+00 4.900000000000000000000000000000e+01 4.900000000000000000000000000000e+01
1.160000000000000000000000000000e+02 3.100000000000000000000000000000e+01 9.610000000000000000000000000000e+02 5.000000000000000000000000000000e+01
1.180000000000000000000000000000e+02 2.600000000000000000000000000000e+01 6.760000000000000000000000000000e+02 5.100000000000000000000000000000e+01
1.190000000000000000000000000000e+02 9.500000000000000000000000000000e+01 9.025000000000000000000000000000e+03 5.200000000000000000000000000000e+01
1.200000000000000000000000000000e+02 1.800000000000000000000000000000e+01 3.240000000000000000000000000000e+02 5.300000000000000000000000000000e+01
1.210000000000000000000000000000e+02 1.570000000000000000000000000000e+02 2.464900000000000000000000000000e+04 5.400000000000000000000000000000e+01
1.220000000000000000000000000000e+02 6.800000000000000000000000000000e+01 4.624000000000000000000000000000e+03 5.500000000000000000000000000000e+01
1.240000000000000000000000000000e+02 2.560000000000000000000000000000e+02 6.553600000000000000000000000000e+04 5.600000000000000000000000000000e+01
1.250000000000000000000000000000e+02 6.500000000000000000000000000000e+01 4.225000000000000000000000000000e+03 5.700000000000000000000000000000e+01
1.270000000000000000000000000000e+02 5.200000000000000000000000000000e+01 2.704000000000000000000000000000e+03 5.800000000000000000000000000000e+01
1.280000000000000000000000000000e+02 1.400000000000000000000000000000e+01 1.960000000000000000000000000000e+02 5.900000000000000000000000000000e+01
1.320000000000000000000000000000e+02 1.390000000000000000000000000000e+02 1.932100000000000000000000000000e+04 6.000000000000000000000000000000e+01
1.330000000000000000000000000000e+02 9.900000000000000000000000000000e+01 9.801000000000000000000000000000e+03 6.100000000000000000000000000000e+01
1.360000000000000000000000000000e+02 3.800000000000000000000000000000e+01 1.444000000000000000000000000000e+03 6.200000000000000000000000000000e+01
1.390000000000000000000000000000e+02 1.100000000000000000000000000000e+01 1.210000000000000000000000000000e+02 6.300000000000000000000000000000e+01
1.410000000000000000000000000000e+02 1.450000000000000000000000000000e+02 2.102500000000000000000000000000e+04 6.400000000000000000000000000000e+01
1.420000000000000000000000000000e+02 1.500000000000000000000000000000e+01 2.250000000000000000000000000000e+02 6.500000000000000000000000000000e+01
1.440000000000000000000000000000e+02 5.300000000000000000000000000000e+01 2.809000000000000000000000000000e+03 6.600000000000000000000000000000e+01
1.470000000000000000000000000000e+02 1.800000000000000000000000000000e+02 3.240000000000000000000000000000e+04 6.700000000000000000000000000000e+01
1.490000000000000000000000000000e+02 2.100000000000000000000000000000e+01 4.410000000000000000000000000000e+02 6.800000000000000000000000000000e+01
