0.000000000000000000000000000000e+00 4.000000000000000000000000000000e+00 1.600000000000000000000000000000e+01 0.000000000000000000000000000000e+00
1.000000000000000000000000000000e+00 4.870000000000000000000000000000e+02 2.371690000000000000000000000000e+05 1.000000000000000000000000000000e+00
2.000000000000000000000000000000e+00 1.260000000000000000000000000000e+02 1.587600000000000000000000000000e+04 2.000000000000000000000000000000e+00
5.000000000000000000000000000000e+00 6.100000000000000000000000000000e+01 3.721000000000000000000000000000e+03 3.000000000000000000000000000000e+00
1.200000000000000000000000000000e+01 3.240000000000000000000000000000e+02 1.049760000000000000000000000000e+05 4.000000000000000000000000000000e+00
1.500000000000000000000000000000e+01 4.100000000000000000000000000000e+01 1.681000000000000000000000000000e+03 5.000000000000000000000000000000e+00
1.800000000000000000000000000000e+01 5.000000000000000000000000000000e+00 2.500000000000000000000000000000e+01 6.000000000000000000000000000000e+00
2.000000000000000000000000000000e+01 2.840000000000000000000000000000e+02 8.065600000000000000000000000000e+04 7.000000000000000000000000000000e+00
2.200000000000000000000000000000e+01 1.400000000000000000000000000000e+01 1.960000000000000000000000000000e+02 8.000000000000000000000000000000e+00
2.600000000000000000000000000000e+01 1.020000000000000000000000000000e+02 1.040400000000000000000000000000e+04 9.000000000000000000000000000000e+00
2.700000000000000000000000000000e+01 1.050000000000000000000000000000e+02 1.102500000000000000000000000000e+04 1.000000000000000000000000000000e+01
3.100000000000000000000000000000e+01 1.000000000000000000000000000000e+01 1.000000000000000000000000000000e+02 1.100000000000000000000000000000e+01
3.500000000000000000000000000000e+01 2.100000000000000000000000000000e+01 4.410000000000000000000000000000e+02 1.200000000000000000000000000000e+01
3.700000000000000000000000000000e+01 3.250000000000000000000000000000e+02 1.056250000000000000000000000000e+05 1.300000000000000000000000000000e+01
3.800000000000000000000000000000e+01 8.800000000000000000000000000000e+01 7.744000000000000000000000000000e+03 1.400000000000000000000000000000e+01
4.200000000000000000000000000000e+01 7.300000000000000000000000000000e+01 5.329000000000000000000000000000e+03 1.500000000000000000000000000000e+01
4.300000000000000000000000000000e+01 1.310000000000000000000000000000e+02 1.716100000000000000000000000000e+04 1.600000000000000000000000000000e+01
4.900000000000000000000000000000e+01 1.070000000000000000000000000000e+02 1.144900000000000000000000000000e+04 1.700000000000000000000000000000e+01
5.000000000000000000000000000000e+01 7.400000000000000000000000000000e+01 5.476000000000000000000000000000e+03 1.800000000000000000000000000000e+01
5.100000000000000000000000000000e+01 1.200000000000000000000000000000e+01 1.440000000000000000000000000000e+02 1.900000000000000000000000000000e+01
5.400000000000000000000000000000e+01 1.600000000000000000000000000000e+01 2.560000000000000000000000000000e+02 2.000000000000000000000000000000e+01
5.500000000000000000000000000000e+01 8.100000000000000000000000000000e+01 6.561000000000000000000000000000e+03 2.100000000000000000000000000000e+01
5.600000000000000000000000000000e+01 2.670000000000000000000000000000e+02 7.128900000000000000000000000000e+04 2.200000000000000000000000000000e+01
6.000000000000000000000000000000e+01 1.000000000000000000000000000000e+01 1.000000000000000000000000000000e+02 2.300000000000000000000000000000e+01
6.400000000000000000000000000000e+01 6.600000000000000000000000000000e+01 4.356000000000000000000000000000e+03 2.400000000000000000000000000000e+01
6.500000000000000000000000000000e+01 9.300000000000000000000000000000e+01 8.649000000000000000000000000000e+03 2.500000000000000000000000000000e+01
6.900000000000000000000000000000e+01 1.400000000000000000000000000000e+01 1.960000000000000000000000000000e+02 2.600000000000000000000000000000e+01
7.600000000000000000000000000000e+01 1.200000000000000000000000000000e+01 1.440000000000000000000000000000e+02 2.700000000000000000000000000000e+01
7.700000000000000000000000000000e+01 8.000000000000000000000000000000e+01 6.400000000000000000000000000000e+03 2.800000000000000000000000000000e+01
8.200000000000000000000000000000e+01 2.050000000000000000000000000000e+02 4.202500000000000000000000000000e+04 2.900000000000000000000000000000e+01
8.500000000000000000000000000000e+01 7.200000000000000000000000000000e+01 5.184000000000000000000000000000e+03 3.000000000000000000000000000000e+01
8.600000000000000000000000000000e+01 1.000000000000000000000000000000e+00 1.000000000000000000000000000000e+00 3.100000000000000000000000000000e+01
8.700000000000000000000000000000e+01 1.330000000000000000000000000000e+02 1.768900000000000000000000000000e+04 3.200000000000000000000000000000e+01
8.900000000000000000000000000000e+01 3.790000000000000000000000000000e+02 1.436410000000000000000000000000e+05 3.300000000000000000000000000000e+01
9.000000000000000000000000000000e+01 6.100000000000000000000000000000e+01 3.721000000000000000000000000000e+03 3.400000000000000000000000000000e+01
9.200000000000000000000000000000e+01 1.030000000000000000000000000000e+02 1.060900000000000000000000000000e+04 3.500000000000000000000000000000e+01
9.500000000000000000000000000000e+01 1.000000000000000000000000000000e+02 1.000000000000000000000000000000e+04 3.600000000000000000000000000000e+01
9.700000000000000000000000000000e+01 9.200000000000000000000000000000e+01 8.464000000000000000000000000000e+03 3.700000000000000000000000000000e+01
1.000000000000000000000000000000e+02 1.620000000000000000000000000000e+02 2.624400000000000000000000000000e+04 3.800000000000000000000000000000e+01
1.010000000000000000000000000000e+02 1.250000000000000000000000000000e+02 1.562500000000000000000000000000e+04 3.900000000000000000000000000000e+01
1.020000000000000000000000000000e+02 1.290000000000000000000000000000e+02 1.664100000000000000000000000000e+04 4.000000000000000000000000000000e+01
1.030000000000000000000000000000e+02 1.400000000000000000000000000000e+01 1.960000000000000000000000000000e+02 4.100000000000000000000000000000e+01
1.040000000000000000000000000000e+02 2.500000000000000000000000000000e+01 6.250000000000000000000000000000e+02 4.200000000000000000000000000000e+01
1.050000000000000000000000000000e+02 1.320000000000000000000000000000e+02 1.742400000000000000000000000000e+04 4.300000000000000000000000000000e+01
1.060000000000000000000000000000e+02 1.370000000000000000000000000000e+02 1.876900000000000000000000000000e+04 4.400000000000000000000000000000e+01
1.090000000000000000000000000000e+02 7.800000000000000000000000000000e+01 6.084000000000000000000000000000e+03 4.500000000000000000000000000000e+01
1.100000000000000000000000000000e+02 2.500000000000000000000000000000e+01 6.250000000000000000000000000000e+02 4.600000000000000000000000000000e+01
1.110000000000000000000000000000e+02 2.400000000000000000000000000000e+01 5.760000000000000000000000000000e+02 4.700000000000000000000000000000e+01
1.130000000000000000000000000000e+02 8.300000000000000000000000000000e+01 6.889000000000000000000000000000e+03 4.800000000000000000000000000000e+01
1.140000000000000000000000000000e+02 1.100000000000000000000000000000e+01 1.210000000000000000000000000000e+02 4.900000000000000000000000000000e+01
1.160000000000000000000000000000e+02 1.150000000000000000000000000000e+02 1.322500000000000000000000000000e+04 5.000000000000000000000000000000e+01
1.180000000000000000000000000000e+02 2.200000000000000000000000000000e+02 4.840000000000000000000000000000e+04 5.100000000000000000000000000000e+01
1.200000000000000000000000000000e+02 1.900000000000000000000000000000e+01 3.610000000000000000000000000000e+02 5.200000000000000000000000000000e+01
1.220000000000000000000000000000e+02 2.740000000000000000000000000000e+02 7.507600000000000000000000000000e+04 5.300000000000000000000000000000e+01
1.230000000000000000000000000000e+02 4.700000000000000000000000000000e+01 2.209000000000000000000000000000e+03 5.400000000000000000000000000000e+01
1.250000000000000000000000000000e+02 5.900000000000000000000000000000e+01 3.481000000000000000000000000000e+03 5.500000000000000000000000000000e+01
1.290000000000000000000000000000e+02 1.430000000000000000000000000000e+02 2.044900000000000000000000000000e+04 5.600000000000000000000000000000e+01
1.310000000000000000000000000000e+02 3.530000000000000000000000000000e+02 1.246090000000000000000000000000e+05 5.700000000000000000000000000000e+01
1.320000000000000000000000000000e+02 5.500000000000000000000000000000e+01 3.025000000000000000000000000000e+03 5.800000000000000000000000000000e+01
1.330000000000000000000000000000e+02 3.300000000000000000000000000000e+02 1.089000000000000000000000000000e+05 5.900000000000000000000000000000e+01
1.360000000000000000000000000000e+02 3.690000000000000000000000000000e+02 1.361610000000000000000000000000e+05 6.000000000000000000000000000000e+01
1.370000000000000000000000000000e+02 1.700000000000000000000000000000e+01 2.890000000000000000000000000000e+02 6.100000000000000000000000000000e+01
1.380000000000000000000000000000e+02 1.380000000000000000000000000000e+02 1.904400000000000000000000000000e+04 6.200000000000000000000000000000e+01
1.390000000000000000000000000000e+02 5.500000000000000000000000000000e+01 3.025000000000000000000000000000e+03 6.300000000000000000000000000000e+01
1.400000000000000000000000000000e+02 1.000000000000000000000000000000e+00 1.000000000000000000000000000000e+00 6.400000000000000000000000000000e+01
1.410000000000000000000000000000e+02 1.580000000000000000000000000000e+02 2.496400000000000000000000000000e+04 6.500000000000000000000000000000e+01
1.430000000000000000000000000000e+02 2.200000000000000000000000000000e+01 4.840000000000000000000000000000e+02 6.600000000000000000000000000000e+01
1.440000000000000000000000000000e+02 3.000000000000000000000000000000e+00 9.000000000000000000000000000000e+00 6.700000000000000000000000000000e+01
1.460000000000000000000000000000e+02 7.200000000000000000000000000000e+01 5.184000000000000000000000000000e+03 6.800000000000000000000000000000e+01
1.490000000000000000000000000000e+02 1.400000000000000000000000000000e+01 1.960000000000000000000000000000e+02 6.900000000000000000000000000000e+01
