0.000000000000000000000000000000e+00 3.600000000000000000000000000000e+01 1.296000000000000000000000000000e+03 0.000000000000000000000000000000e+00
2.000000000000000000000000000000e+00 4.700000000000000000000000000000e+01 2.209000000000000000000000000000e+03 1.000000000000000000000000000000e+00
3.000000000000000000000000000000e+00 9.000000000000000000000000000000e+00 8.100000000000000000000000000000e+01 2.000000000000000000000000000000e+00
5.000000000000000000000000000000e+00 4.700000000000000000000000000000e+01 2.209000000000000000000000000000e+03 3.000000000000000000000000000000e+00
1.200000000000000000000000000000e+01 7.000000000000000000000000000000e+00 4.900000000000000000000000000000e+01 4.000000000000000000000000000000e+00
1.600000000000000000000000000000e+01 1.720000000000000000000000000000e+02 2.958400000000000000000000000000e+04 5.000000000000000000000000000000e+00
1.700000000000000000000000000000e+01 2.000000000000000000000000000000e+00 4.000000000000000000000000000000e+00 6.000000000000000000000000000000e+00
1.800000000000000000000000000000e+01 4.300000000000000000000000000000e+01 1.849000000000000000000000000000e+03 7.000000000000000000000000000000e+00
1.900000000000000000000000000000e+01 6.300000000000000000000000000000e+01 3.969000000000000000000000000000e+03 8.000000000000000000000000000000e+00
2.100000000000000000000000000000e+01 7.500000000000000000000000000000e+01 5.625000000000000000000000000000e+03 9.000000000000000000000000000000e+00
2.200000000000000000000000000000e+01 3.400000000000000000000000000000e+01 1.156000000000000000000000000000e+03 1.000000000000000000000000000000e+01
2.300000000000000000000000000000e+01 1.900000000000000000000000000000e+01 3.610000000000000000000000000000e+02 1.100000000000000000000000000000e+01
2.400000000000000000000000000000e+01 1.130000000000000000000000000000e+02 1.276900000000000000000000000000e+04 1.200000000000000000000000000000e+01
2.500000000000000000000000000000e+01 5.300000000000000000000000000000e+01 2.809000000000000000000000000000e+03 1.300000000000000000000000000000e+01
2.600000000000000000000000000000e+01 6.100000000000000000000000000000e+01 3.721000000000000000000000000000e+03 1.400000000000000000000000000000e+01
2.700000000000000000000000000000e+01 1.880000000000000000000000000000e+02 3.534400000000000000000000000000e+04 1.500000000000000000000000000000e+01
2.800000000000000000000000000000e+01 1.590000000000000000000000000000e+02 2.528100000000000000000000000000e+04 1.600000000000000000000000000000e+01
2.900000000000000000000000000000e+01 1.830000000000000000000000000000e+02 3.348900000000000000000000000000e+04 1.700000000000000000000000000000e+01
3.000000000000000000000000000000e+01 1.700000000000000000000000000000e+01 2.890000000000000000000000000000e+02 1.800000000000000000000000000000e+01
3.100000000000000000000000000000e+01 1.440000000000000000000000000000e+02 2.073600000000000000000000000000e+04 1.900000000000000000000000000000e+01
3.500000000000000000000000000000e+01 1.900000000000000000000000000000e+02 3.610000000000000000000000000000e+04 2.000000000000000000000000000000e+01
3.600000000000000000000000000000e+01 5.800000000000000000000000000000e+01 3.364000000000000000000000000000e+03 2.100000000000000000000000000000e+01
4.300000000000000000000000000000e+01 9.900000000000000000000000000000e+01 9.801000000000000000000000000000e+03 2.200000000000000000000000000000e+01
4.400000000000000000000000000000e+01 5.400000000000000000000000000000e+01 2.916000000000000000000000000000e+03 2.300000000000000000000000000000e+01
4.600000000000000000000000000000e+01 3.700000000000000000000000000000e+01 1.369000000000000000000000000000e+03 2.400000000000000000000000000000e+01
4.700000000000000000000000000000e+01 2.060000000000000000000000000000e+02 4.243600000000000000000000000000e+04 2.500000000000000000000000000000e+01
4.800000000000000000000000000000e+01 8.000000000000000000000000000000e+00 6.400000000000000000000000000000e+01 2.600000000000000000000000000000e+01
4.900000000000000000000000000000e+01 4.440000000000000000000000000000e+02 1.971360000000000000000000000000e+05 2.700000000000000000000000000000e+01
5.100000000000000000000000000000e+01 2.420000000000000000000000000000e+02 5.856400000000000000000000000000e+04 2.800000000000000000000000000000e+01
5.200000000000000000000000000000e+01 1.530000000000000000000000000000e+02 2.340900000000000000000000000000e+04 2.900000000000000000000000000000e+01
5.300000000000000000000000000000e+01 4.200000000000000000000000000000e+01 1.764000000000000000000000000000e+03 3.000000000000000000000000000000e+01
5.600000000000000000000000000000e+01 2.010000000000000000000000000000e+02 4.040100000000000000000000000000e+04 3.100000000000000000000000000000e+01
5.700000000000000000000000000000e+01 6.300000000000000000000000000000e+01 3.969000000000000000000000000000e+03 3.200000000000000000000000000000e+01
6.100000000000000000000000000000e+01 1.900000000000000000000000000000e+02 3.610000000000000000000000000000e+04 3.300000000000000000000000000000e+01
6.400000000000000000000000000000e+01 8.300000000000000000000000000000e+01 6.889000000000000000000000000000e+03 3.400000000000000000000000000000e+01
6.500000000000000000000000000000e+01 8.400000000000000000000000000000e+01 7.056000000000000000000000000000e+03 3.500000000000000000000000000000e+01
6.600000000000000000000000000000e+01 4.630000000000000000000000000000e+02 2.143690000000000000000000000000e+05 3.600000000000000000000000000000e+01
6.700000000000000000000000000000e+01 6.900000000000000000000000000000e+01 4.761000000000000000000000000000e+03 3.700000000000000000000000000000e+01
7.700000000000000000000000000000e+01 3.800000000000000000000000000000e+01 1.444000000000000000000000000000e+03 3.800000000000000000000000000000e+01
7.900000000000000000000000000000e+01 1.000000000000000000000000000000e+00 1.000000000000000000000000000000e+00 3.900000000000000000000000000000e+01
8.000000000000000000000000000000e+01 1.700000000000000000000000000000e+01 2.890000000000000000000000000000e+02 4.000000000000000000000000000000e+01
8.100000000000000000000000000000e+01 8.900000000000000000000000000000e+01 7.921000000000000000000000000000e+03 4.100000000000000000000000000000e+01
8.200000000000000000000000000000e+01 2.000000000000000000000000000000e+01 4.000000000000000000000000000000e+02 4.200000000000000000000000000000e+01
8.500000000000000000000000000000e+01 1.460000000000000000000000000000e+02 2.131600000000000000000000000000e+04 4.300000000000000000000000000000e+01
9.100000000000000000000000000000e+01 5.800000000000000000000000000000e+01 3.364000000000000000000000000000e+03 4.400000000000000000000000000000e+01
9.600000000000000000000000000000e+01 1.650000000000000000000000000000e+02 2.722500000000000000000000000000e+04 4.500000000000000000000000000000e+01
9.700000000000000000000000000000e+01 3.000000000000000000000000000000e+00 9.000000000000000000000000000000e+00 4.600000000000000000000000000000e+01
9.800000000000000000000000000000e+01 7.000000000000000000000000000000e+00 4.900000000000000000000000000000e+01 4.700000000000000000000000000000e+01
9.900000000000000000000000000000e+01 1.210000000000000000000000000000e+02 1.464100000000000000000000000000e+04 4.800000000000000000000000000000e+01
1.020000000000000000000000000000e+02 2.100000000000000000000000000000e+01 4.410000000000000000000000000000e+02 4.900000000000000000000000000000e+01
1.040000000000000000000000000000e+02 2.960000000000000000000000000000e+02 8.761600000000000000000000000000e+04 5.000000000000000000000000000000e+01
1.060000000000000000000000000000e+02 5.400000000000000000000000000000e+01 2.916000000000000000000000000000e+03 5.100000000000000000000000000000e+01
1.090000000000000000000000000000e+02 9.700000000000000000000000000000e+01 9.409000000000000000000000000000e+03 5.200000000000000000000000000000e+01
1.100000000000000000000000000000e+02 1.670000000000000000000000000000e+02 2.788900000000000000000000000000e+04 5.300000000000000000000000000000e+01
1.110000000000000000000000000000e+02 1.140000000000000000000000000000e+02 1.299600000000000000000000000000e+04 5.400000000000000000000000000000e+01
1.130000000000000000000000000000e+02 2.400000000000000000000000000000e+01 5.760000000000000000000000000000e+02 5.500000000000000000000000000000e+01
1.150000000000000000000000000000e+02 9.000000000000000000000000000000e+00 8.100000000000000000000000000000e+01 5.600000000000000000000000000000e+01
1.160000000000000000000000000000e+02 1.660000000000000000000000000000e+02 2.755600000000000000000000000000e+04 5.700000000000000000000000000000e+01
1.180000000000000000000000000000e+02 1.450000000000000000000000000000e+02 2.102500000000000000000000000000e+04 5.800000000000000000000000000000e+01
1.190000000000000000000000000000e+02 1.300000000000000000000000000000e+02 1.690000000000000000000000000000e+04 5.900000000000000000000000000000e+01
1.200000000000000000000000000000e+02 2.210000000000000000000000000000e+02 4.884100000000000000000000000000e+04 6.000000000000000000000000000000e+01
1.230000000000000000000000000000e+02 1.070000000000000000000000000000e+02 1.144900000000000000000000000000e+04 6.100000000000000000000000000000e+01
1.250000000000000000000000000000e+02 3.700000000000000000000000000000e+01 1.369000000000000000000000000000e+03 6.200000000000000000000000000000e+01
1.300000000000000000000000000000e+02 1.620000000000000000000000000000e+02 2.624400000000000000000000000000e+04 6.300000000000000000000000000000e+01
1.330000000000000000000000000000e+02 1.500000000000000000000000000000e+01 2.250000000000000000000000000000e+02 6.400000000000000000000000000000e+01
1.380000000000000000000000000000e+02 3.950000000000000000000000000000e+02 1.560250000000000000000000000000e+05 6.500000000000000000000000000000e+01
1.410000000000000000000000000000e+02 2.300000000000000000000000000000e+01 5.290000000000000000000000000000e+02 6.600000000000000000000000000000e+01
1.430000000000000000000000000000e+02 3.700000000000000000000000000000e+01 1.369000000000000000000000000000e+03 6.700000000000000000000000000000e+01
1.440000000000000000000000000000e+02 4.080000000000000000000000000000e+02 1.664640000000000000000000000000e+05 6.800000000000000000000000000000e+01
1.460000000000000000000000000000e+02 2.600000000000000000000000000000e+01 6.760000000000000000000000000000e+02 6.900000000000000000000000000000e+01
1.470000000000000000000000000000e+02 5.100000000000000000000000000000e+01 2.601000000000000000000000000000e+03 7.000000000000000000000000000000e+01
