0.000000000000000000000000000000e+00 4.110000000000000000000000000000e+02 1.689210000000000000000000000000e+05 0.000000000000000000000000000000e+00
2.000000000000000000000000000000e+00 1.500000000000000000000000000000e+01 2.250000000000000000000000000000e+02 1.000000000000000000000000000000e+00
3.000000000000000000000000000000e+00 1.400000000000000000000000000000e+02 1.960000000000000000000000000000e+04 2.000000000000000000000000000000e+00
4.000000000000000000000000000000e+00 2.600000000000000000000000000000e+01 6.760000000000000000000000000000e+02 3.000000000000000000000000000000e+00
5.000000000000000000000000000000e+00 1.250000000000000000000000000000e+02 1.562500000000000000000000000000e+04 4.000000000000000000000000000000e+00
6.000000000000000000000000000000e+00 8.000000000000000000000000000000e+00 6.400000000000000000000000000000e+01 5.000000000000000000000000000000e+00
7.000000000000000000000000000000e+00 7.000000000000000000000000000000e+01 4.900000000000000000000000000000e+03 6.000000000000000000000000000000e+00
9.000000000000000000000000000000e+00 3.000000000000000000000000000000e+00 9.000000000000000000000000000000e+00 7.000000000000000000000000000000e+00
1.200000000000000000000000000000e+01 1.040000000000000000000000000000e+02 1.081600000000000000000000000000e+04 8.000000000000000000000000000000e+00
1.300000000000000000000000000000e+01 8.000000000000000000000000000000e+00 6.400000000000000000000000000000e+01 9.000000000000000000000000000000e+00
1.400000000000000000000000000000e+01 3.200000000000000000000000000000e+01 1.024000000000000000000000000000e+03 1.000000000000000000000000000000e+01
1.500000000000000000000000000000e+01 1.200000000000000000000000000000e+01 1.440000000000000000000000000000e+02 1.100000000000000000000000000000e+01
1.600000000000000000000000000000e+01 6.200000000000000000000000000000e+01 3.844000000000000000000000000000e+03 1.200000000000000000000000000000e+01
1.700000000000000000000000000000e+01 2.300000000000000000000000000000e+01 5.290000000000000000000000000000e+02 1.300000000000000000000000000000e+01
1.800000000000000000000000000000e+01 1.700000000000000000000000000000e+02 2.890000000000000000000000000000e+04 1.400000000000000000000000000000e+01
2.000000000000000000000000000000e+01 1.660000000000000000000000000000e+02 2.755600000000000000000000000000e+04 1.500000000000000000000000000000e+01
2.100000000000000000000000000000e+01 5.400000000000000000000000000000e+01 2.916000000000000000000000000000e+03 1.600000000000000000000000000000e+01
2.300000000000000000000000000000e+01 2.700000000000000000000000000000e+01 7.290000000000000000000000000000e+02 1.700000000000000000000000000000e+01
2.800000000000000000000000000000e+01 7.000000000000000000000000000000e+01 4.900000000000000000000000000000e+03 1.800000000000000000000000000000e+01
2.900000000000000000000000000000e+01 6.400000000000000000000000000000e+01 4.096000000000000000000000000000e+03 1.900000000000000000000000000000e+01
3.300000000000000000000000000000e+01 1.460000000000000000000000000000e+02 2.131600000000000000000000000000e+04 2.000000000000000000000000000000e+01
3.500000000000000000000000000000e+01 4.000000000000000000000000000000e+00 1.600000000000000000000000000000e+01 2.100000000000000000000000000000e+01
3.600000000000000000000000000000e+01 8.000000000000000000000000000000e+00 6.400000000000000000000000000000e+01 2.200000000000000000000000000000e+01
3.700000000000000000000000000000e+01 4.900000000000000000000000000000e+01 2.401000000000000000000000000000e+03 2.300000000000000000000000000000e+01
3.900000000000000000000000000000e+01 1.040000000000000000000000000000e+02 1.081600000000000000000000000000e+04 2.400000000000000000000000000000e+01
4.100000000000000000000000000000e+01 5.000000000000000000000000000000e+00 2.500000000000000000000000000000e+01 2.500000000000000000000000000000e+01
4.400000000000000000000000000000e+01 6.900000000000000000000000000000e+01 4.761000000000000000000000000000e+03 2.600000000000000000000000000000e+01
4.700000000000000000000000000000e+01 1.780000000000000000000000000000e+02 3.168400000000000000000000000000e+04 2.700000000000000000000000000000e+01
4.800000000000000000000000000000e+01 9.000000000000000000000000000000e+00 8.100000000000000000000000000000e+01 2.800000000000000000000000000000e+01
4.900000000000000000000000000000e+01 1.090000000000000000000000000000e+02 1.188100000000000000000000000000e+04 2.900000000000000000000000000000e+01
5.000000000000000000000000000000e+01 1.700000000000000000000000000000e+01 2.890000000000000000000000000000e+02 3.000000000000000000000000000000e+01
5.100000000000000000000000000000e+01 3.800000000000000000000000000000e+01 1.444000000000000000000000000000e+03 3.100000000000000000000000000000e+01
5.300000000000000000000000000000e+01 1.900000000000000000000000000000e+01 3.610000000000000000000000000000e+02 3.200000000000000000000000000000e+01
5.500000000000000000000000000000e+01 4.400000000000000000000000000000e+01 1.936000000000000000000000000000e+03 3.300000000000000000000000000000e+01
5.700000000000000000000000000000e+01 3.010000000000000000000000000000e+02 9.060100000000000000000000000000e+04 3.400000000000000000000000000000e+01
6.000000000000000000000000000000e+01 2.700000000000000000000000000000e+01 7.290000000000000000000000000000e+02 3.500000000000000000000000000000e+01
6.100000000000000000000000000000e+01 1.820000000000000000000000000000e+02 3.312400000000000000000000000000e+04 3.600000000000000000000000000000e+01
6.200000000000000000000000000000e+01 9.000000000000000000000000000000e+00 8.100000000000000000000000000000e+01 3.700000000000000000000000000000e+01
6.500000000000000000000000000000e+01 1.100000000000000000000000000000e+01 1.210000000000000000000000000000e+02 3.800000000000000000000000000000e+01
6.600000000000000000000000000000e+01 5.100000000000000000000000000000e+01 2.601000000000000000000000000000e+03 3.900000000000000000000000000000e+01
6.700000000000000000000000000000e+01 4.200000000000000000000000000000e+01 1.764000000000000000000000000000e+03 4.000000000000000000000000000000e+01
6.800000000000000000000000000000e+01 2.600000000000000000000000000000e+01 6.760000000000000000000000000000e+02 4.100000000000000000000000000000e+01
7.100000000000000000000000000000e+01 2.920000000000000000000000000000e+02 8.526400000000000000000000000000e+04 4.200000000000000000000000000000e+01
7.500000000000000000000000000000e+01 8.200000000000000000000000000000e+01 6.724000000000000000000000000000e+03 4.300000000000000000000000000000e+01
7.600000000000000000000000000000e+01 3.600000000000000000000000000000e+01 1.296000000000000000000000000000e+03 4.400000000000000000000000000000e+01
7.800000000000000000000000000000e+01 1.890000000000000000000000000000e+02 3.572100000000000000000000000000e+04 4.500000000000000000000000000000e+01
8.000000000000000000000000000000e+01 1.560000000000000000000000000000e+02 2.433600000000000000000000000000e+04 4.600000000000000000000000000000e+01
8.200000000000000000000000000000e+01 1.060000000000000000000000000000e+02 1.123600000000000000000000000000e+04 4.700000000000000000000000000000e+01
8.300000000000000000000000000000e+01 2.100000000000000000000000000000e+01 4.410000000000000000000000000000e+02 4.800000000000000000000000000000e+01
8.400000000000000000000000000000e+01 3.300000000000000000000000000000e+01 1.089000000000000000000000000000e+03 4.900000000000000000000000000000e+01
8.500000000000000000000000000000e+01 1.600000000000000000000000000000e+02 2.560000000000000000000000000000e+04 5.000000000000000000000000000000e+01
8.800000000000000000000000000000e+01 2.590000000000000000000000000000e+02 6.708100000000000000000000000000e+04 5.100000000000000000000000000000e+01
8.900000000000000000000000000000e+01 2.400000000000000000000000000000e+02 5.760000000000000000000000000000e+04 5.200000000000000000000000000000e+01
9.000000000000000000000000000000e+01 2.830000000000000000000000000000e+02 8.008900000000000000000000000000e+04 5.300000000000000000000000000000e+01
9.100000000000000000000000000000e+01 3.580000000000000000000000000000e+02 1.281640000000000000000000000000e+05 5.400000000000000000000000000000e+01
9.300000000000000000000000000000e+01 3.900000000000000000000000000000e+01 1.521000000000000000000000000000e+03 5.500000000000000000000000000000e+01
9.800000000000000000000000000000e+01 4.000000000000000000000000000000e+00 1.600000000000000000000000000000e+01 5.600000000000000000000000000000e+01
1.000000000000000000000000000000e+02 7.000000000000000000000000000000e+01 4.900000000000000000000000000000e+03 5.700000000000000000000000000000e+01
1.010000000000000000000000000000e+02 1.300000000000000000000000000000e+01 1.690000000000000000000000000000e+02 5.800000000000000000000000000000e+01
1.020000000000000000000000000000e+02 2.300000000000000000000000000000e+01 5.290000000000000000000000000000e+02 5.900000000000000000000000000000e+01
1.050000000000000000000000000000e+02 1.830000000000000000000000000000e+02 3.348900000000000000000000000000e+04 6.000000000000000000000000000000e+01
1.060000000000000000000000000000e+02 1.150000000000000000000000000000e+02 1.322500000000000000000000000000e+04 6.100000000000000000000000000000e+01
1.070000000000000000000000000000e+02 8.600000000000000000000000000000e+01 7.396000000000000000000000000000e+03 6.200000000000000000000000000000e+01
1.080000000000000000000000000000e+02 4.800000000000000000000000000000e+01 2.304000000000000000000000000000e+03 6.300000000000000000000000000000e+01
1.120000000000000000000000000000e+02 3.500000000000000000000000000000e+01 1.225000000000000000000000000000e+03 6.400000000000000000000000000000e+01
1.130000000000000000000000000000e+02 6.000000000000000000000000000000e+00 3.600000000000000000000000000000e+01 6.500000000000000000000000000000e+01
1.140000000000000000000000000000e+02 6.100000000000000000000000000000e+01 3.721000000000000000000000000000e+03 6.600000000000000000000000000000e+01
1.160000000000000000000000000000e+02 5.660000000000000000000000000000e+02 3.203560000000000000000000000000e+05 6.700000000000000000000000000000e+01
1.190000000000000000000000000000e+02 3.000000000000000000000000000000e+00 9.000000000000000000000000000000e+00 6.800000000000000000000000000000e+01
1.220000000000000000000000000000e+02 3.300000000000000000000000000000e+01 1.089000000000000000000000000000e+03 6.900000000000000000000000000000e+01
1.250000000000000000000000000000e+02 3.000000000000000000000000000000e+01 9.000000000000000000000000000000e+02 7.000000000000000000000000000000e+01
1.270000000000000000000000000000e+02 3.400000000000000000000000000000e+02 1.156000000000000000000000000000e+05 7.100000000000000000000000000000e+01
1.280000000000000000000000000000e+02 1.160000000000000000000000000000e+02 1.345600000000000000000000000000e+04 7.200000000000000000000000000000e+01
1.290000000000000000000000000000e+02 1.290000000000000000000000000000e+02 1.664100000000000000000000000000e+04 7.300000000000000000000000000000e+01
1.300000000000000000000000000000e+02 8.000000000000000000000000000000e+01 6.400000000000000000000000000000e+03 7.400000000000000000000000000000e+01
1.310000000000000000000000000000e+02 6.600000000000000000000000000000e+01 4.356000000000000000000000000000e+03 7.500000000000000000000000000000e+01
1.330000000000000000000000000000e+02 2.300000000000000000000000000000e+01 5.290000000000000000000000000000e+02 7.600000000000000000000000000000e+01
1.340000000000000000000000000000e+02 4.520000000000000000000000000000e+02 2.043040000000000000000000000000e+05 7.700000000000000000000000000000e+01
1.360000000000000000000000000000e+02 1.500000000000000000000000000000e+01 2.250000000000000000000000000000e+02 7.800000000000000000000000000000e+01
1.370000000000000000000000000000e+02 1.720000000000000000000000000000e+02 2.958400000000000000000000000000e+04 7.900000000000000000000000000000e+01
1.420000000000000000000000000000e+02 1.820000000000000000000000000000e+02 3.312400000000000000000000000000e+04 8.000000000000000000000000000000e+01
1.440000000000000000000000000000e+02 1.420000000000000000000000000000e+02 2.016400000000000000000000000000e+04 8.100000000000000000000000000000e+01
1.480000000000000000000000000000e+02 1.610000000000000000000000000000e+02 2.592100000000000000000000000000e+04 8.200000000000000000000000000000e+01
