0.000000000000000000000000000000e+00 3.000000000000000000000000000000e+00 9.000000000000000000000000000000e+00 0.000000000000000000000000000000e+00
4.000000000000000000000000000000e+00 1.100000000000000000000000000000e+01 1.210000000000000000000000000000e+02 1.000000000000000000000000000000e+00
7.000000000000000000000000000000e+00 3.200000000000000000000000000000e+01 1.024000000000000000000000000000e+03 2.000000000000000000000000000000e+00
8.000000000000000000000000000000e+00 1.630000000000000000000000000000e+02 2.656900000000000000000000000000e+04 3.000000000000000000000000000000e+00
1.100000000000000000000000000000e+01 8.600000000000000000000000000000e+01 7.396000000000000000000000000000e+03 4.000000000000000000000000000000e+00
1.200000000000000000000000000000e+01 4.000000000000000000000000000000e+00 1.600000000000000000000000000000e+01 5.000000000000000000000000000000e+00
1.300000000000000000000000000000e+01 5.200000000000000000000000000000e+01 2.704000000000000000000000000000e+03 6.000000000000000000000000000000e+00
1.400000000000000000000000000000e+01 3.390000000000000000000000000000e+02 1.149210000000000000000000000000e+05 7.000000000000000000000000000000e+00
1.500000000000000000000000000000e+01 7.000000000000000000000000000000e+00 4.900000000000000000000000000000e+01 8.000000000000000000000000000000e+00
1.800000000000000000000000000000e+01 1.760000000000000000000000000000e+02 3.097600000000000000000000000000e+04 9.000000000000000000000000000000e+00
2.100000000000000000000000000000e+01 2.280000000000000000000000000000e+02 5.198400000000000000000000000000e+04 1.000000000000000000000000000000e+01
2.200000000000000000000000000000e+01 2.030000000000000000000000000000e+02 4.120900000000000000000000000000e+04 1.100000000000000000000000000000e+01
2.400000000000000000000000000000e+01 7.800000000000000000000000000000e+01 6.084000000000000000000000000000e+03 1.200000000000000000000000000000e+01
2.700000000000000000000000000000e+01 2.000000000000000000000000000000e+00 4.000000000000000000000000000000e+00 1.300000000000000000000000000000e+01
2.900000000000000000000000000000e+01 3.000000000000000000000000000000e+01 9.000000000000000000000000000000e+02 1.400000000000000000000000000000e+01
3.100000000000000000000000000000e+01 7.800000000000000000000000000000e+01 6.084000000000000000000000000000e+03 1.500000000000000000000000000000e+01
3.200000000000000000000000000000e+01 9.200000000000000000000000000000e+01 8.464000000000000000000000000000e+03 1.600000000000000000000000000000e+01
3.400000000000000000000000000000e+01 3.080000000000000000000000000000e+02 9.486400000000000000000000000000e+04 1.700000000000000000000000000000e+01
3.800000000000000000000000000000e+01 4.300000000000000000000000000000e+01 1.849000000000000000000000000000e+03 1.800000000000000000000000000000e+01
4.200000000000000000000000000000e+01 1.000000000000000000000000000000e+00 1.000000000000000000000000000000e+00 1.900000000000000000000000000000e+01
4.500000000000000000000000000000e+01 5.820000000000000000000000000000e+02 3.387240000000000000000000000000e+05 2.000000000000000000000000000000e+01
4.900000000000000000000000000000e+01 1.530000000000000000000000000000e+02 2.340900000000000000000000000000e+04 2.100000000000000000000000000000e+01
5.200000000000000000000000000000e+01 3.400000000000000000000000000000e+01 1.156000000000000000000000000000e+03 2.200000000000000000000000000000e+01
5.300000000000000000000000000000e+01 3.030000000000000000000000000000e+02 9.180900000000000000000000000000e+04 2.300000000000000000000000000000e+01
5.400000000000000000000000000000e+01 1.580000000000000000000000000000e+02 2.496400000000000000000000000000e+04 2.400000000000000000000000000000e+01
5.700000000000000000000000000000e+01 1.150000000000000000000000000000e+02 1.322500000000000000000000000000e+04 2.500000000000000000000000000000e+01
6.200000000000000000000000000000e+01 1.600000000000000000000000000000e+01 2.560000000000000000000000000000e+02 2.600000000000000000000000000000e+01
6.500000000000000000000000000000e+01 4.300000000000000000000000000000e+01 1.849000000000000000000000000000e+03 2.700000000000000000000000000000e+01
6.700000000000000000000000000000e+01 2.000000000000000000000000000000e+00 4.000000000000000000000000000000e+00 2.800000000000000000000000000000e+01
6.800000000000000000000000000000e+01 2.200000000000000000000000000000e+01 4.840000000000000000000000000000e+02 2.900000000000000000000000000000e+01
6.900000000000000000000000000000e+01 1.850000000000000000000000000000e+02 3.422500000000000000000000000000e+04 3.000000000000000000000000000000e+01
7.000000000000000000000000000000e+01 6.000000000000000000000000000000e+00 3.600000000000000000000000000000e+01 3.100000000000000000000000000000e+01
7.400000000000000000000000000000e+01 1.900000000000000000000000000000e+01 3.610000000000000000000000000000e+02 3.200000000000000000000000000000e+01
7.600000000000000000000000000000e+01 7.100000000000000000000000000000e+01 5.041000000000000000000000000000e+03 3.300000000000000000000000000000e+01
7.700000000000000000000000000000e+01 3.300000000000000000000000000000e+01 1.089000000000000000000000000000e+03 3.400000000000000000000000000000e+01
7.800000000000000000000000000000e+01 5.680000000000000000000000000000e+02 3.226240000000000000000000000000e+05 3.500000000000000000000000000000e+01
7.900000000000000000000000000000e+01 3.600000000000000000000000000000e+02 1.296000000000000000000000000000e+05 3.600000000000000000000000000000e+01
8.100000000000000000000000000000e+01 3.300000000000000000000000000000e+01 1.089000000000000000000000000000e+03 3.700000000000000000000000000000e+01
8.200000000000000000000000000000e+01 4.000000000000000000000000000000e+00 1.600000000000000000000000000000e+01 3.800000000000000000000000000000e+01
8.500000000000000000000000000000e+01 2.940000000000000000000000000000e+02 8.643600000000000000000000000000e+04 3.900000000000000000000000000000e+01
8.700000000000000000000000000000e+01 6.300000000000000000000000000000e+01 3.969000000000000000000000000000e+03 4.000000000000000000000000000000e+01
8.800000000000000000000000000000e+01 6.800000000000000000000000000000e+01 4.624000000000000000000000000000e+03 4.100000000000000000000000000000e+01
8.900000000000000000000000000000e+01 3.550000000000000000000000000000e+02 1.260250000000000000000000000000e+05 4.200000000000000000000000000000e+01
9.100000000000000000000000000000e+01 3.400000000000000000000000000000e+01 1.156000000000000000000000000000e+03 4.300000000000000000000000000000e+01
9.500000000000000000000000000000e+01 1.120000000000000000000000000000e+02 1.254400000000000000000000000000e+04 4.400000000000000000000000000000e+01
9.600000000000000000000000000000e+01 2.480000000000000000000000000000e+02 6.150400000000000000000000000000e+04 4.500000000000000000000000000000e+01
9.700000000000000000000000000000e+01 1.770000000000000000000000000000e+02 3.132900000000000000000000000000e+04 4.600000000000000000000000000000e+01
9.800000000000000000000000000000e+01 3.600000000000000000000000000000e+01 1.296000000000000000000000000000e+03 4.700000000000000000000000000000e+01
9.900000000000000000000000000000e+01 3.600000000000000000000000000000e+01 1.296000000000000000000000000000e+03 4.800000000000000000000000000000e+01
1.000000000000000000000000000000e+02 8.500000000000000000000000000000e+01 7.225000000000000000000000000000e+03 4.900000000000000000000000000000e+01
1.010000000000000000000000000000e+02 2.790000000000000000000000000000e+02 7.784100000000000000000000000000e+04 5.000000000000000000000000000000e+01
1.020000000000000000000000000000e+02 4.500000000000000000000000000000e+01 2.025000000000000000000000000000e+03 5.100000000000000000000000000000e+01
1.040000000000000000000000000000e+02 1.800000000000000000000000000000e+01 3.240000000000000000000000000000e+02 5.200000000000000000000000000000e+01
1.070000000000000000000000000000e+02 2.700000000000000000000000000000e+01 7.290000000000000000000000000000e+02 5.300000000000000000000000000000e+01
1.080000000000000000000000000000e+02 1.450000000000000000000000000000e+02 2.102500000000000000000000000000e+04 5.400000000000000000000000000000e+01
1.130000000000000000000000000000e+02 1.700000000000000000000000000000e+01 2.890000000000000000000000000000e+02 5.500000000000000000000000000000e+01
1.140000000000000000000000000000e+02 9.800000000000000000000000000000e+01 9.604000000000000000000000000000e+03 5.600000000000000000000000000000e+01
1.160000000000000000000000000000e+02 2.280000000000000000000000000000e+02 5.198400000000000000000000000000e+04 5.700000000000000000000000000000e+01
1.180000000000000000000000000000e+02 3.300000000000000000000000000000e+01 1.089000000000000000000000000000e+03 5.800000000000000000000000000000e+01
1.190000000000000000000000000000e+02 6.000000000000000000000000000000e+00 3.600000000000000000000000000000e+01 5.900000000000000000000000000000e+01
1.200000000000000000000000000000e+02 6.000000000000000000000000000000e+00 3.600000000000000000000000000000e+01 6.000000000000000000000000000000e+01
1.220000000000000000000000000000e+02 2.400000000000000000000000000000e+01 5.760000000000000000000000000000e+02 6.100000000000000000000000000000e+01
1.260000000000000000000000000000e+02 7.400000000000000000000000000000e+01 5.476000000000000000000000000000e+03 6.200000000000000000000000000000e+01
1.280000000000000000000000000000e+02 1.400000000000000000000000000000e+01 1.960000000000000000000000000000e+02 6.300000000000000000000000000000e+01
1.350000000000000000000000000000e+02 2.500000000000000000000000000000e+01 6.250000000000000000000000000000e+02 6.400000000000000000000000000000e+01
1.370000000000000000000000000000e+02 2.490000000000000000000000000000e+02 6.200100000000000000000000000000e+04 6.500000000000000000000000000000e+01
1.380000000000000000000000000000e+02 1.660000000000000000000000000000e+02 2.755600000000000000000000000000e+04 6.600000000000000000000000000000e+01
1.390000000000000000000000000000e+02 2.600000000000000000000000000000e+02 6.760000000000000000000000000000e+04 6.700000000000000000000000000000e+01
1.400000000000000000000000000000e+02 1.000000000000000000000000000000e+01 1.000000000000000000000000000000e+02 6.800000000000000000000000000000e+01
1.440000000000000000000000000000e+02 8.000000000000000000000000000000e+00 6.400000000000000000000000000000e+01 6.900000000000000000000000000000e+01
1.450000000000000000000000000000e+02 4.600000000000000000000000000000e+01 2.116000000000000000000000000000e+03 7.000000000000000000000000000000e+01
1.460000000000000000000000000000e+02 3.400000000000000000000000000000e+01 1.156000000000000000000000000000e+03 7.100000000000000000000000000000e+01
1.490000000000000000000000000000e+02 3.830000000000000000000000000000e+02 1.466890000000000000000000000000e+05 7.200000000000000000000000000000e+01
