1.000000000000000000000000000000e+00 1.320000000000000000000000000000e+02 1.742400000000000000000000000000e+04 0.000000000000000000000000000000e+00
4.000000000000000000000000000000e+00 5.000000000000000000000000000000e+00 2.500000000000000000000000000000e+01 1.000000000000000000000000000000e+00
1.200000000000000000000000000000e+01 1.280000000000000000000000000000e+02 1.638400000000000000000000000000e+04 2.000000000000000000000000000000e+00
1.700000000000000000000000000000e+01 3.300000000000000000000000000000e+01 1.089000000000000000000000000000e+03 3.000000000000000000000000000000e+00
1.800000000000000000000000000000e+01 1.200000000000000000000000000000e+02 1.440000000000000000000000000000e+04 4.000000000000000000000000000000e+00
2.200000000000000000000000000000e+01 5.800000000000000000000000000000e+01 3.364000000000000000000000000000e+03 5.000000000000000000000000000000e+00
2.400000000000000000000000000000e+01 1.030000000000000000000000000000e+02 1.060900000000000000000000000000e+04 6.000000000000000000000000000000e+00
2.500000000000000000000000000000e+01 1.800000000000000000000000000000e+01 3.240000000000000000000000000000e+02 7.000000000000000000000000000000e+00
2.800000000000000000000000000000e+01 1.500000000000000000000000000000e+01 2.250000000000000000000000000000e+02 8.000000000000000000000000000000e+00
3.300000000000000000000000000000e+01 1.370000000000000000000000000000e+02 1.876900000000000000000000000000e+04 9.000000000000000000000000000000e+00
3.500000000000000000000000000000e+01 3.080000000000000000000000000000e+02 9.486400000000000000000000000000e+04 1.000000000000000000000000000000e+01
3.600000000000000000000000000000e+01 3.100000000000000000000000000000e+01 9.610000000000000000000000000000e+02 1.100000000000000000000000000000e+01
3.900000000000000000000000000000e+01 9.700000000000000000000000000000e+01 9.409000000000000000000000000000e+03 1.200000000000000000000000000000e+01
4.000000000000000000000000000000e+01 1.540000000000000000000000000000e+02 2.371600000000000000000000000000e+04 1.300000000000000000000000000000e+01
4.100000000000000000000000000000e+01 3.900000000000000000000000000000e+01 1.521000000000000000000000000000e+03 1.400000000000000000000000000000e+01
4.200000000000000000000000000000e+01 2.000000000000000000000000000000e+00 4.000000000000000000000000000000e+00 1.500000000000000000000000000000e+01
4.300000000000000000000000000000e+01 1.710000000000000000000000000000e+02 2.924100000000000000000000000000e+04 1.600000000000000000000000000000e+01
4.400000000000000000000000000000e+01 3.300000000000000000000000000000e+01 1.089000000000000000000000000000e+03 1.700000000000000000000000000000e+01
4.500000000000000000000000000000e+01 1.210000000000000000000000000000e+02 1.464100000000000000000000000000e+04 1.800000000000000000000000000000e+01
5.200000000000000000000000000000e+01 4.000000000000000000000000000000e+01 1.600000000000000000000000000000e+03 1.900000000000000000000000000000e+01
5.400000000000000000000000000000e+01 3.800000000000000000000000000000e+01 1.444000000000000000000000000000e+03 2.000000000000000000000000000000e+01
5.500000000000000000000000000000e+01 5.490000000000000000000000000000e+02 3.014010000000000000000000000000e+05 2.100000000000000000000000000000e+01
5.800000000000000000000000000000e+01 8.500000000000000000000000000000e+01 7.225000000000000000000000000000e+03 2.200000000000000000000000000000e+01
5.900000000000000000000000000000e+01 3.600000000000000000000000000000e+01 1.296000000000000000000000000000e+03 2.300000000000000000000000000000e+01
6.000000000000000000000000000000e+01 9.100000000000000000000000000000e+01 8.281000000000000000000000000000e+03 2.400000000000000000000000000000e+01
6.200000000000000000000000000000e+01 3.900000000000000000000000000000e+01 1.521000000000000000000000000000e+03 2.500000000000000000000000000000e+01
6.400000000000000000000000000000e+01 1.500000000000000000000000000000e+02 2.250000000000000000000000000000e+04 2.600000000000000000000000000000e+01
6.500000000000000000000000000000e+01 6.400000000000000000000000000000e+01 4.096000000000000000000000000000e+03 2.700000000000000000000000000000e+01
7.600000000000000000000000000000e+01 7.100000000000000000000000000000e+01 5.041000000000000000000000000000e+03 2.800000000000000000000000000000e+01
7.700000000000000000000000000000e+01 3.200000000000000000000000000000e+01 1.024000000000000000000000000000e+03 2.900000000000000000000000000000e+01
7.900000000000000000000000000000e+01 9.900000000000000000000000000000e+01 9.801000000000000000000000000000e+03 3.000000000000000000000000000000e+01
8.000000000000000000000000000000e+01 1.200000000000000000000000000000e+01 1.440000000000000000000000000000e+02 3.100000000000000000000000000000e+01
8.100000000000000000000000000000e+01 3.060000000000000000000000000000e+02 9.363600000000000000000000000000e+04 3.200000000000000000000000000000e+01
8.300000000000000000000000000000e+01 8.500000000000000000000000000000e+01 7.225000000000000000000000000000e+03 3.300000000000000000000000000000e+01
8.500000000000000000000000000000e+01 4.800000000000000000000000000000e+01 2.304000000000000000000000000000e+03 3.400000000000000000000000000000e+01
8.600000000000000000000000000000e+01 4.800000000000000000000000000000e+01 2.304000000000000000000000000000e+03 3.500000000000000000000000000000e+01
8.700000000000000000000000000000e+01 2.530000000000000000000000000000e+02 6.400900000000000000000000000000e+04 3.600000000000000000000000000000e+01
8.800000000000000000000000000000e+01 2.800000000000000000000000000000e+01 7.840000000000000000000000000000e+02 3.700000000000000000000000000000e+01
8.900000000000000000000000000000e+01 1.710000000000000000000000000000e+02 2.924100000000000000000000000000e+04 3.800000000000000000000000000000e+01
9.100000000000000000000000000000e+01 9.400000000000000000000000000000e+01 8.836000000000000000000000000000e+03 3.900000000000000000000000000000e+01
9.200000000000000000000000000000e+01 7.700000000000000000000000000000e+01 5.929000000000000000000000000000e+03 4.000000000000000000000000000000e+01
9.300000000000000000000000000000e+01 2.760000000000000000000000000000e+02 7.617600000000000000000000000000e+04 4.100000000000000000000000000000e+01
9.600000000000000000000000000000e+01 1.900000000000000000000000000000e+01 3.610000000000000000000000000000e+02 4.200000000000000000000000000000e+01
9.700000000000000000000000000000e+01 9.800000000000000000000000000000e+01 9.604000000000000000000000000000e+03 4.300000000000000000000000000000e+01
9.800000000000000000000000000000e+01 1.170000000000000000000000000000e+02 1.368900000000000000000000000000e+04 4.400000000000000000000000000000e+01
9.900000000000000000000000000000e+01 1.790000000000000000000000000000e+02 3.204100000000000000000000000000e+04 4.500000000000000000000000000000e+01
1.010000000000000000000000000000e+02 4.300000000000000000000000000000e+01 1.849000000000000000000000000000e+03 4.600000000000000000000000000000e+01
1.020000000000000000000000000000e+02 1.400000000000000000000000000000e+01 1.960000000000000000000000000000e+02 4.700000000000000000000000000000e+01
1.030000000000000000000000000000e+02 7.700000000000000000000000000000e+01 5.929000000000000000000000000000e+03 4.800000000000000000000000000000e+01
1.050000000000000000000000000000e+02 1.190000000000000000000000000000e+02 1.416100000000000000000000000000e+04 4.900000000000000000000000000000e+01
1.060000000000000000000000000000e+02 5.000000000000000000000000000000e+00 2.500000000000000000000000000000e+01 5.000000000000000000000000000000e+01
1.090000000000000000000000000000e+02 1.080000000000000000000000000000e+02 1.166400000000000000000000000000e+04 5.100000000000000000000000000000e+01
1.110000000000000000000000000000e+02 1.380000000000000000000000000000e+02 1.904400000000000000000000000000e+04 5.200000000000000000000000000000e+01
1.130000000000000000000000000000e+02 4.430000000000000000000000000000e+02 1.962490000000000000000000000000e+05 5.300000000000000000000000000000e+01
1.140000000000000000000000000000e+02 1.260000000000000000000000000000e+02 1.587600000000000000000000000000e+04 5.400000000000000000000000000000e+01
1.160000000000000000000000000000e+02 8.900000000000000000000000000000e+01 7.921000000000000000000000000000e+03 5.500000000000000000000000000000e+01
1.180000000000000000000000000000e+02 3.000000000000000000000000000000e+00 9.000000000000000000000000000000e+00 5.600000000000000000000000000000e+01
1.190000000000000000000000000000e+02 6.100000000000000000000000000000e+01 3.721000000000000000000000000000e+03 5.700000000000000000000000000000e+01
1.220000000000000000000000000000e+02 2.070000000000000000000000000000e+02 4.284900000000000000000000000000e+04 5.800000000000000000000000000000e+01
1.230000000000000000000000000000e+02 5.600000000000000000000000000000e+01 3.136000000000000000000000000000e+03 5.900000000000000000000000000000e+01
1.240000000000000000000000000000e+02 5.400000000000000000000000000000e+01 2.916000000000000000000000000000e+03 6.000000000000000000000000000000e+01
1.270000000000000000000000000000e+02 2.740000000000000000000000000000e+02 7.507600000000000000000000000000e+04 6.100000000000000000000000000000e+01
1.290000000000000000000000000000e+02 2.340000000000000000000000000000e+02 5.475600000000000000000000000000e+04 6.200000000000000000000000000000e+01
1.340000000000000000000000000000e+02 5.900000000000000000000000000000e+01 3.481000000000000000000000000000e+03 6.300000000000000000000000000000e+01
1.350000000000000000000000000000e+02 3.510000000000000000000000000000e+02 1.232010000000000000000000000000e+05 6.400000000000000000000000000000e+01
1.390000000000000000000000000000e+02 6.300000000000000000000000000000e+01 3.969000000000000000000000000000e+03 6.500000000000000000000000000000e+01
1.470000000000000000000000000000e+02 2.380000000000000000000000000000e+02 5.664400000000000000000000000000e+04 6.600000000000000000000000000000e+01
