1.000000000000000000000000000000e+00 5.400000000000000000000000000000e+01 2.916000000000000000000000000000e+03 0.000000000000000000000000000000e+00
2.000000000000000000000000000000e+00 4.000000000000000000000000000000e+01 1.600000000000000000000000000000e+03 1.000000000000000000000000000000e+00
4.000000000000000000000000000000e+00 1.300000000000000000000000000000e+01 1.690000000000000000000000000000e+02 2.000000000000000000000000000000e+00
8.000000000000000000000000000000e+00 1.690000000000000000000000000000e+02 2.856100000000000000000000000000e+04 3.000000000000000000000000000000e+00
1.000000000000000000000000000000e+01 7.000000000000000000000000000000e+00 4.900000000000000000000000000000e+01 4.000000000000000000000000000000e+00
1.300000000000000000000000000000e+01 1.680000000000000000000000000000e+02 2.822400000000000000000000000000e+04 5.000000000000000000000000000000e+00
1.400000000000000000000000000000e+01 4.910000000000000000000000000000e+02 2.410810000000000000000000000000e+05 6.000000000000000000000000000000e+00
1.600000000000000000000000000000e+01 1.240000000000000000000000000000e+02 1.537600000000000000000000000000e+04 7.000000000000000000000000000000e+00
1.800000000000000000000000000000e+01 6.200000000000000000000000000000e+01 3.844000000000000000000000000000e+03 8.000000000000000000000000000000e+00
2.000000000000000000000000000000e+01 6.000000000000000000000000000000e+00 3.600000000000000000000000000000e+01 9.000000000000000000000000000000e+00
2.100000000000000000000000000000e+01 7.500000000000000000000000000000e+01 5.625000000000000000000000000000e+03 1.000000000000000000000000000000e+01
2.200000000000000000000000000000e+01 6.000000000000000000000000000000e+01 3.600000000000000000000000000000e+03 1.100000000000000000000000000000e+01
2.500000000000000000000000000000e+01 1.300000000000000000000000000000e+02 1.690000000000000000000000000000e+04 1.200000000000000000000000000000e+01
2.800000000000000000000000000000e+01 5.300000000000000000000000000000e+01 2.809000000000000000000000000000e+03 1.300000000000000000000000000000e+01
3.800000000000000000000000000000e+01 9.700000000000000000000000000000e+01 9.409000000000000000000000000000e+03 1.400000000000000000000000000000e+01
3.900000000000000000000000000000e+01 1.390000000000000000000000000000e+02 1.932100000000000000000000000000e+04 1.500000000000000000000000000000e+01
4.700000000000000000000000000000e+01 3.220000000000000000000000000000e+02 1.036840000000000000000000000000e+05 1.600000000000000000000000000000e+01
5.200000000000000000000000000000e+01 2.930000000000000000000000000000e+02 8.584900000000000000000000000000e+04 1.700000000000000000000000000000e+01
5.400000000000000000000000000000e+01 1.260000000000000000000000000000e+02 1.587600000000000000000000000000e+04 1.800000000000000000000000000000e+01
5.600000000000000000000000000000e+01 5.000000000000000000000000000000e+01 2.500000000000000000000000000000e+03 1.900000000000000000000000000000e+01
5.800000000000000000000000000000e+01 1.600000000000000000000000000000e+01 2.560000000000000000000000000000e+02 2.000000000000000000000000000000e+01
6.100000000000000000000000000000e+01 4.100000000000000000000000000000e+01 1.681000000000000000000000000000e+03 2.100000000000000000000000000000e+01
6.200000000000000000000000000000e+01 1.600000000000000000000000000000e+02 2.560000000000000000000000000000e+04 2.200000000000000000000000000000e+01
6.400000000000000000000000000000e+01 9.900000000000000000000000000000e+01 9.801000000000000000000000000000e+03 2.300000000000000000000000000000e+01
6.500000000000000000000000000000e+01 7.400000000000000000000000000000e+01 5.476000000000000000000000000000e+03 2.400000000000000000000000000000e+01
6.800000000000000000000000000000e+01 2.200000000000000000000000000000e+01 4.840000000000000000000000000000e+02 2.500000000000000000000000000000e+01
6.900000000000000000000000000000e+01 6.000000000000000000000000000000e+00 3.600000000000000000000000000000e+01 2.600000000000000000000000000000e+01
7.200000000000000000000000000000e+01 3.000000000000000000000000000000e+01 9.000000000000000000000000000000e+02 2.700000000000000000000000000000e+01
7.300000000000000000000000000000e+01 2.220000000000000000000000000000e+02 4.928400000000000000000000000000e+04 2.800000000000000000000000000000e+01
7.400000000000000000000000000000e+01 5.000000000000000000000000000000e+01 2.500000000000000000000000000000e+03 2.900000000000000000000000000000e+01
7.700000000000000000000000000000e+01 4.000000000000000000000000000000e+01 1.600000000000000000000000000000e+03 3.000000000000000000000000000000e+01
8.000000000000000000000000000000e+01 3.150000000000000000000000000000e+02 9.922500000000000000000000000000e+04 3.100000000000000000000000000000e+01
8.200000000000000000000000000000e+01 3.200000000000000000000000000000e+01 1.024000000000000000000000000000e+03 3.200000000000000000000000000000e+01
8.400000000000000000000000000000e+01 8.200000000000000000000000000000e+01 6.724000000000000000000000000000e+03 3.300000000000000000000000000000e+01
8.500000000000000000000000000000e+01 1.300000000000000000000000000000e+01 1.690000000000000000000000000000e+02 3.400000000000000000000000000000e+01
8.600000000000000000000000000000e+01 1.250000000000000000000000000000e+02 1.562500000000000000000000000000e+04 3.500000000000000000000000000000e+01
8.800000000000000000000000000000e+01 4.000000000000000000000000000000e+00 1.600000000000000000000000000000e+01 3.600000000000000000000000000000e+01
8.900000000000000000000000000000e+01 3.800000000000000000000000000000e+01 1.444000000000000000000000000000e+03 3.700000000000000000000000000000e+01
9.100000000000000000000000000000e+01 5.100000000000000000000000000000e+01 2.601000000000000000000000000000e+03 3.800000000000000000000000000000e+01
9.300000000000000000000000000000e+01 1.700000000000000000000000000000e+01 2.890000000000000000000000000000e+02 3.900000000000000000000000000000e+01
9.400000000000000000000000000000e+01 5.100000000000000000000000000000e+01 2.601000000000000000000000000000e+03 4.000000000000000000000000000000e+01
9.700000000000000000000000000000e+01 4.800000000000000000000000000000e+01 2.304000000000000000000000000000e+03 4.100000000000000000000000000000e+01
1.000000000000000000000000000000e+02 1.800000000000000000000000000000e+02 3.240000000000000000000000000000e+04 4.200000000000000000000000000000e+01
1.050000000000000000000000000000e+02 7.200000000000000000000000000000e+01 5.184000000000000000000000000000e+03 4.300000000000000000000000000000e+01
1.080000000000000000000000000000e+02 1.170000000000000000000000000000e+02 1.368900000000000000000000000000e+04 4.400000000000000000000000000000e+01
1.090000000000000000000000000000e+02 6.000000000000000000000000000000e+00 3.600000000000000000000000000000e+01 4.500000000000000000000000000000e+01
1.100000000000000000000000000000e+02 1.000000000000000000000000000000e+01 1.000000000000000000000000000000e+02 4.600000000000000000000000000000e+01
1.130000000000000000000000000000e+02 2.000000000000000000000000000000e+02 4.000000000000000000000000000000e+04 4.700000000000000000000000000000e+01
1.180000000000000000000000000000e+02 2.340000000000000000000000000000e+02 5.475600000000000000000000000000e+04 4.800000000000000000000000000000e+01
1.200000000000000000000000000000e+02 1.000000000000000000000000000000e+00 1.000000000000000000000000000000e+00 4.900000000000000000000000000000e+01
1.210000000000000000000000000000e+02 2.920000000000000000000000000000e+02 8.526400000000000000000000000000e+04 5.000000000000000000000000000000e+01
1.240000000000000000000000000000e+02 2.000000000000000000000000000000e+00 4.000000000000000000000000000000e+00 5.100000000000000000000000000000e+01
1.250000000000000000000000000000e+02 1.250000000000000000000000000000e+02 1.562500000000000000000000000000e+04 5.200000000000000000000000000000e+01
1.260000000000000000000000000000e+02 1.270000000000000000000000000000e+02 1.612900000000000000000000000000e+04 5.300000000000000000000000000000e+01
1.270000000000000000000000000000e+02 3.170000000000000000000000000000e+02 1.004890000000000000000000000000e+05 5.400000000000000000000000000000e+01
1.280000000000000000000000000000e+02 1.320000000000000000000000000000e+02 1.742400000000000000000000000000e+04 5.500000000000000000000000000000e+01
1.310000000000000000000000000000e+02 3.100000000000000000000000000000e+01 9.610000000000000000000000000000e+02 5.600000000000000000000000000000e+01
1.340000000000000000000000000000e+02 1.000000000000000000000000000000e+00 1.000000000000000000000000000000e+00 5.700000000000000000000000000000e+01
1.360000000000000000000000000000e+02 1.060000000000000000000000000000e+02 1.123600000000000000000000000000e+04 5.800000000000000000000000000000e+01
1.410000000000000000000000000000e+02 2.400000000000000000000000000000e+01 5.760000000000000000000000000000e+02 5.900000000000000000000000000000e+01
1.430000000000000000000000000000e+02 1.170000000000000000000000000000e+02 1.368900000000000000000000000000e+04 6.000000000000000000000000000000e+01
1.440000000000000000000000000000e+02 1.980000000000000000000000000000e+02 3.920400000000000000000000000000e+04 6.100000000000000000000000000000e+01
1.480000000000000000000000000000e+02 1.740000000000000000000000000000e+02 3.027600000000000000000000000000e+04 6.200000000000000000000000000000e+01
