2.000000000000000000000000000000e+00 1.400000000000000000000000000000e+01 1.960000000000000000000000000000e+02 0.000000000000000000000000000000e+00
4.000000000000000000000000000000e+00 1.400000000000000000000000000000e+02 1.960000000000000000000000000000e+04 1.000000000000000000000000000000e+00
7.000000000000000000000000000000e+00 2.280000000000000000000000000000e+02 5.198400000000000000000000000000e+04 2.000000000000000000000000000000e+00
8.000000000000000000000000000000e+00 3.900000000000000000000000000000e+01 1.521000000000000000000000000000e+03 3.000000000000000000000000000000e+00
1.900000000000000000000000000000e+01 2.800000000000000000000000000000e+01 7.840000000000000000000000000000e+02 4.000000000000000000000000000000e+00
2.000000000000000000000000000000e+01 1.520000000000000000000000000000e+02 2.310400000000000000000000000000e+04 5.000000000000000000000000000000e+00
2.100000000000000000000000000000e+01 1.670000000000000000000000000000e+02 2.788900000000000000000000000000e+04 6.000000000000000000000000000000e+00
2.200000000000000000000000000000e+01 1.430000000000000000000000000000e+02 2.044900000000000000000000000000e+04 7.000000000000000000000000000000e+00
2.300000000000000000000000000000e+01 3.200000000000000000000000000000e+01 1.024000000000000000000000000000e+03 8.000000000000000000000000000000e+00
2.400000000000000000000000000000e+01 3.100000000000000000000000000000e+01 9.610000000000000000000000000000e+02 9.000000000000000000000000000000e+00
3.000000000000000000000000000000e+01 5.000000000000000000000000000000e+00 2.500000000000000000000000000000e+01 1.000000000000000000000000000000e+01
3.500000000000000000000000000000e+01 3.700000000000000000000000000000e+02 1.369000000000000000000000000000e+05 1.100000000000000000000000000000e+01
3.600000000000000000000000000000e+01 1.590000000000000000000000000000e+02 2.528100000000000000000000000000e+04 1.200000000000000000000000000000e+01
3.700000000000000000000000000000e+01 1.170000000000000000000000000000e+02 1.368900000000000000000000000000e+04 1.300000000000000000000000000000e+01
3.900000000000000000000000000000e+01 2.350000000000000000000000000000e+02 5.522500000000000000000000000000e+04 1.400000000000000000000000000000e+01
4.000000000000000000000000000000e+01 4.000000000000000000000000000000e+00 1.600000000000000000000000000000e+01 1.500000000000000000000000000000e+01
4.500000000000000000000000000000e+01 4.700000000000000000000000000000e+01 2.209000000000000000000000000000e+03 1.600000000000000000000000000000e+01
4.800000000000000000000000000000e+01 7.500000000000000000000000000000e+01 5.625000000000000000000000000000e+03 1.700000000000000000000000000000e+01
4.900000000000000000000000000000e+01 1.560000000000000000000000000000e+02 2.433600000000000000000000000000e+04 1.800000000000000000000000000000e+01
5.000000000000000000000000000000e+01 7.000000000000000000000000000000e+01 4.900000000000000000000000000000e+03 1.900000000000000000000000000000e+01
5.100000000000000000000000000000e+01 3.000000000000000000000000000000e+01 9.000000000000000000000000000000e+02 2.000000000000000000000000000000e+01
5.200000000000000000000000000000e+01 1.090000000000000000000000000000e+02 1.188100000000000000000000000000e+04 2.100000000000000000000000000000e+01
5.400000000000000000000000000000e+01 2.230000000000000000000000000000e+02 4.972900000000000000000000000000e+04 2.200000000000000000000000000000e+01
5.500000000000000000000000000000e+01 2.200000000000000000000000000000e+01 4.840000000000000000000000000000e+02 2.300000000000000000000000000000e+01
5.600000000000000000000000000000e+01 3.600000000000000000000000000000e+01 1.296000000000000000000000000000e+03 2.400000000000000000000000000000e+01
5.700000000000000000000000000000e+01 5.720000000000000000000000000000e+02 3.271840000000000000000000000000e+05 2.500000000000000000000000000000e+01
5.800000000000000000000000000000e+01 2.200000000000000000000000000000e+01 4.840000000000000000000000000000e+02 2.600000000000000000000000000000e+01
5.900000000000000000000000000000e+01 2.100000000000000000000000000000e+01 4.410000000000000000000000000000e+02 2.700000000000000000000000000000e+01
6.500000000000000000000000000000e+01 1.550000000000000000000000000000e+02 2.402500000000000000000000000000e+04 2.800000000000000000000000000000e+01
7.000000000000000000000000000000e+01 1.000000000000000000000000000000e+01 1.000000000000000000000000000000e+02 2.900000000000000000000000000000e+01
7.200000000000000000000000000000e+01 6.100000000000000000000000000000e+01 3.721000000000000000000000000000e+03 3.000000000000000000000000000000e+01
7.300000000000000000000000000000e+01 2.600000000000000000000000000000e+02 6.760000000000000000000000000000e+04 3.100000000000000000000000000000e+01
7.400000000000000000000000000000e+01 4.200000000000000000000000000000e+01 1.764000000000000000000000000000e+03 3.200000000000000000000000000000e+01
7.500000000000000000000000000000e+01 1.000000000000000000000000000000e+01 1.000000000000000000000000000000e+02 3.300000000000000000000000000000e+01
7.600000000000000000000000000000e+01 1.140000000000000000000000000000e+02 1.299600000000000000000000000000e+04 3.400000000000000000000000000000e+01
7.700000000000000000000000000000e+01 1.550000000000000000000000000000e+02 2.402500000000000000000000000000e+04 3.500000000000000000000000000000e+01
7.900000000000000000000000000000e+01 1.260000000000000000000000000000e+02 1.587600000000000000000000000000e+04 3.600000000000000000000000000000e+01
8.000000000000000000000000000000e+01 1.280000000000000000000000000000e+02 1.638400000000000000000000000000e+04 3.700000000000000000000000000000e+01
8.300000000000000000000000000000e+01 3.200000000000000000000000000000e+01 1.024000000000000000000000000000e+03 3.800000000000000000000000000000e+01
8.400000000000000000000000000000e+01 2.070000000000000000000000000000e+02 4.284900000000000000000000000000e+04 3.900000000000000000000000000000e+01
8.500000000000000000000000000000e+01 2.600000000000000000000000000000e+01 6.760000000000000000000000000000e+02 4.000000000000000000000000000000e+01
8.600000000000000000000000000000e+01 1.390000000000000000000000000000e+02 1.932100000000000000000000000000e+04 4.100000000000000000000000000000e+01
8.700000000000000000000000000000e+01 1.360000000000000000000000000000e+02 1.849600000000000000000000000000e+04 4.200000000000000000000000000000e+01
8.900000000000000000000000000000e+01 6.500000000000000000000000000000e+01 4.225000000000000000000000000000e+03 4.300000000000000000000000000000e+01
9.000000000000000000000000000000e+01 4.000000000000000000000000000000e+01 1.600000000000000000000000000000e+03 4.400000000000000000000000000000e+01
9.200000000000000000000000000000e+01 2.820000000000000000000000000000e+02 7.952400000000000000000000000000e+04 4.500000000000000000000000000000e+01
9.300000000000000000000000000000e+01 1.690000000000000000000000000000e+02 2.856100000000000000000000000000e+04 4.600000000000000000000000000000e+01
9.700000000000000000000000000000e+01 4.100000000000000000000000000000e+01 1.681000000000000000000000000000e+03 4.700000000000000000000000000000e+01
9.800000000000000000000000000000e+01 1.240000000000000000000000000000e+02 1.537600000000000000000000000000e+04 4.800000000000000000000000000000e+01
9.900000000000000000000000000000e+01 1.000000000000000000000000000000e+01 1.000000000000000000000000000000e+02 4.900000000000000000000000000000e+01
1.030000000000000000000000000000e+02 1.800000000000000000000000000000e+01 3.240000000000000000000000000000e+02 5.000000000000000000000000000000e+01
1.050000000000000000000000000000e+02 2.500000000000000000000000000000e+01 6.250000000000000000000000000000e+02 5.100000000000000000000000000000e+01
1.100000000000000000000000000000e+02 1.470000000000000000000000000000e+02 2.160900000000000000000000000000e+04 5.200000000000000000000000000000e+01
1.120000000000000000000000000000e+02 2.500000000000000000000000000000e+02 6.250000000000000000000000000000e+04 5.300000000000000000000000000000e+01
1.140000000000000000000000000000e+02 5.700000000000000000000000000000e+02 3.249000000000000000000000000000e+05 5.400000000000000000000000000000e+01
1.160000000000000000000000000000e+02 7.600000000000000000000000000000e+01 5.776000000000000000000000000000e+03 5.500000000000000000000000000000e+01
1.170000000000000000000000000000e+02 2.100000000000000000000000000000e+01 4.410000000000000000000000000000e+02 5.600000000000000000000000000000e+01
1.210000000000000000000000000000e+02 1.600000000000000000000000000000e+01 2.560000000000000000000000000000e+02 5.700000000000000000000000000000e+01
1.230000000000000000000000000000e+02 1.280000000000000000000000000000e+02 1.638400000000000000000000000000e+04 5.800000000000000000000000000000e+01
1.240000000000000000000000000000e+02 2.400000000000000000000000000000e+01 5.760000000000000000000000000000e+02 5.900000000000000000000000000000e+01
1.250000000000000000000000000000e+02 2.890000000000000000000000000000e+02 8.352100000000000000000000000000e+04 6.000000000000000000000000000000e+01
1.260000000000000000000000000000e+02 3.600000000000000000000000000000e+01 1.296000000000000000000000000000e+03 6.100000000000000000000000000000e+01
1.320000000000000000000000000000e+02 2.390000000000000000000000000000e+02 5.712100000000000000000000000000e+04 6.200000000000000000000000000000e+01
1.350000000000000000000000000000e+02 1.170000000000000000000000000000e+02 1.368900000000000000000000000000e+04 6.300000000000000000000000000000e+01
1.370000000000000000000000000000e+02 7.000000000000000000000000000000e+01 4.900000000000000000000000000000e+03 6.400000000000000000000000000000e+01
1.400000000000000000000000000000e+02 1.150000000000000000000000000000e+02 1.322500000000000000000000000000e+04 6.500000000000000000000000000000e+01
1.410000000000000000000000000000e+02 3.400000000000000000000000000000e+01 1.156000000000000000000000000000e+03 6.600000000000000000000000000000e+01
1.430000000000000000000000000000e+02 5.000000000000000000000000000000e+01 2.500000000000000000000000000000e+03 6.700000000000000000000000000000e+01
1.440000000000000000000000000000e+02 3.200000000000000000000000000000e+01 1.024000000000000000000000000000e+03 6.800000000000000000000000000000e+01
1.450000000000000000000000000000e+02 3.830000000000000000000000000000e+02 1.466890000000000000000000000000e+05 6.900000000000000000000000000000e+01
1.460000000000000000000000000000e+02 1.790000000000000000000000000000e+02 3.204100000000000000000000000000e+04 7.000000000000000000000000000000e+01
1.470000000000000000000000000000e+02 4.560000000000000000000000000000e+02 2.079360000000000000000000000000e+05 7.100000000000000000000000000000e+01
1.480000000000000000000000000000e+02 1.780000000000000000000000000000e+02 3.168400000000000000000000000000e+04 7.200000000000000000000000000000e+01
1.490000000000000000000000000000e+02 1.100000000000000000000000000000e+01 1.210000000000000000000000000000e+02 7.300000000000000000000000000000e+01
