1.000000000000000000000000000000e+00 9.400000000000000000000000000000e+01 8.836000000000000000000000000000e+03 0.000000000000000000000000000000e+00
3.000000000000000000000000000000e+00 6.000000000000000000000000000000e+00 3.600000000000000000000000000000e+01 1.000000000000000000000000000000e+00
5.000000000000000000000000000000e+00 1.310000000000000000000000000000e+02 1.716100000000000000000000000000e+04 2.000000000000000000000000000000e+00
6.000000000000000000000000000000e+00 1.260000000000000000000000000000e+02 1.587600000000000000000000000000e+04 3.000000000000000000000000000000e+00
8.000000000000000000000000000000e+00 5.600000000000000000000000000000e+01 3.136000000000000000000000000000e+03 4.000000000000000000000000000000e+00
1.100000000000000000000000000000e+01 2.740000000000000000000000000000e+02 7.507600000000000000000000000000e+04 5.000000000000000000000000000000e+00
1.400000000000000000000000000000e+01 3.000000000000000000000000000000e+01 9.000000000000000000000000000000e+02 6.000000000000000000000000000000e+00
1.600000000000000000000000000000e+01 9.200000000000000000000000000000e+01 8.464000000000000000000000000000e+03 7.000000000000000000000000000000e+00
1.700000000000000000000000000000e+01 1.100000000000000000000000000000e+01 1.210000000000000000000000000000e+02 8.000000000000000000000000000000e+00
1.900000000000000000000000000000e+01 2.700000000000000000000000000000e+01 7.290000000000000000000000000000e+02 9.000000000000000000000000000000e+00
2.000000000000000000000000000000e+01 1.900000000000000000000000000000e+01 3.610000000000000000000000000000e+02 1.000000000000000000000000000000e+01
2.100000000000000000000000000000e+01 4.300000000000000000000000000000e+01 1.849000000000000000000000000000e+03 1.100000000000000000000000000000e+01
2.200000000000000000000000000000e+01 1.850000000000000000000000000000e+02 3.422500000000000000000000000000e+04 1.200000000000000000000000000000e+01
2.300000000000000000000000000000e+01 5.900000000000000000000000000000e+01 3.481000000000000000000000000000e+03 1.300000000000000000000000000000e+01
2.400000000000000000000000000000e+01 8.500000000000000000000000000000e+01 7.225000000000000000000000000000e+03 1.400000000000000000000000000000e+01
2.600000000000000000000000000000e+01 1.180000000000000000000000000000e+02 1.392400000000000000000000000000e+04 1.500000000000000000000000000000e+01
3.100000000000000000000000000000e+01 6.400000000000000000000000000000e+01 4.096000000000000000000000000000e+03 1.600000000000000000000000000000e+01
3.300000000000000000000000000000e+01 1.800000000000000000000000000000e+01 3.240000000000000000000000000000e+02 1.700000000000000000000000000000e+01
3.400000000000000000000000000000e+01 9.000000000000000000000000000000e+00 8.100000000000000000000000000000e+01 1.800000000000000000000000000000e+01
3.600000000000000000000000000000e+01 3.750000000000000000000000000000e+02 1.406250000000000000000000000000e+05 1.900000000000000000000000000000e+01
3.900000000000000000000000000000e+01 2.520000000000000000000000000000e+02 6.350400000000000000000000000000e+04 2.000000000000000000000000000000e+01
4.300000000000000000000000000000e+01 9.000000000000000000000000000000e+00 8.100000000000000000000000000000e+01 2.100000000000000000000000000000e+01
4.500000000000000000000000000000e+01 4.000000000000000000000000000000e+00 1.600000000000000000000000000000e+01 2.200000000000000000000000000000e+01
4.600000000000000000000000000000e+01 2.210000000000000000000000000000e+02 4.884100000000000000000000000000e+04 2.300000000000000000000000000000e+01
4.700000000000000000000000000000e+01 1.430000000000000000000000000000e+02 2.044900000000000000000000000000e+04 2.400000000000000000000000000000e+01
5.100000000000000000000000000000e+01 3.940000000000000000000000000000e+02 1.552360000000000000000000000000e+05 2.500000000000000000000000000000e+01
5.200000000000000000000000000000e+01 5.500000000000000000000000000000e+01 3.025000000000000000000000000000e+03 2.600000000000000000000000000000e+01
5.300000000000000000000000000000e+01 1.900000000000000000000000000000e+01 3.610000000000000000000000000000e+02 2.700000000000000000000000000000e+01
5.600000000000000000000000000000e+01 1.700000000000000000000000000000e+01 2.890000000000000000000000000000e+02 2.800000000000000000000000000000e+01
6.000000000000000000000000000000e+01 2.600000000000000000000000000000e+01 6.760000000000000000000000000000e+02 2.900000000000000000000000000000e+01
6.300000000000000000000000000000e+01 1.630000000000000000000000000000e+02 2.656900000000000000000000000000e+04 3.000000000000000000000000000000e+01
6.400000000000000000000000000000e+01 1.090000000000000000000000000000e+02 1.188100000000000000000000000000e+04 3.100000000000000000000000000000e+01
6.500000000000000000000000000000e+01 3.000000000000000000000000000000e+00 9.000000000000000000000000000000e+00 3.200000000000000000000000000000e+01
6.800000000000000000000000000000e+01 1.700000000000000000000000000000e+01 2.890000000000000000000000000000e+02 3.300000000000000000000000000000e+01
7.200000000000000000000000000000e+01 1.170000000000000000000000000000e+02 1.368900000000000000000000000000e+04 3.400000000000000000000000000000e+01
7.300000000000000000000000000000e+01 1.770000000000000000000000000000e+02 3.132900000000000000000000000000e+04 3.500000000000000000000000000000e+01
7.400000000000000000000000000000e+01 4.900000000000000000000000000000e+01 2.401000000000000000000000000000e+03 3.600000000000000000000000000000e+01
7.700000000000000000000000000000e+01 3.480000000000000000000000000000e+02 1.211040000000000000000000000000e+05 3.700000000000000000000000000000e+01
8.000000000000000000000000000000e+01 3.830000000000000000000000000000e+02 1.466890000000000000000000000000e+05 3.800000000000000000000000000000e+01
8.100000000000000000000000000000e+01 1.900000000000000000000000000000e+01 3.610000000000000000000000000000e+02 3.900000000000000000000000000000e+01
8.200000000000000000000000000000e+01 4.700000000000000000000000000000e+01 2.209000000000000000000000000000e+03 4.000000000000000000000000000000e+01
8.500000000000000000000000000000e+01 6.500000000000000000000000000000e+01 4.225000000000000000000000000000e+03 4.100000000000000000000000000000e+01
8.800000000000000000000000000000e+01 1.080000000000000000000000000000e+02 1.166400000000000000000000000000e+04 4.200000000000000000000000000000e+01
9.000000000000000000000000000000e+01 2.590000000000000000000000000000e+02 6.708100000000000000000000000000e+04 4.300000000000000000000000000000e+01
9.100000000000000000000000000000e+01 2.100000000000000000000000000000e+01 4.410000000000000000000000000000e+02 4.400000000000000000000000000000e+01
9.200000000000000000000000000000e+01 8.900000000000000000000000000000e+01 7.921000000000000000000000000000e+03 4.500000000000000000000000000000e+01
9.400000000000000000000000000000e+01 8.000000000000000000000000000000e+00 6.400000000000000000000000000000e+01 4.600000000000000000000000000000e+01
9.500000000000000000000000000000e+01 3.800000000000000000000000000000e+01 1.444000000000000000000000000000e+03 4.700000000000000000000000000000e+01
9.700000000000000000000000000000e+01 1.250000000000000000000000000000e+02 1.562500000000000000000000000000e+04 4.800000000000000000000000000000e+01
1.000000000000000000000000000000e+02 1.470000000000000000000000000000e+02 2.160900000000000000000000000000e+04 4.900000000000000000000000000000e+01
1.010000000000000000000000000000e+02 1.100000000000000000000000000000e+01 1.210000000000000000000000000000e+02 5.000000000000000000000000000000e+01
1.020000000000000000000000000000e+02 8.100000000000000000000000000000e+01 6.561000000000000000000000000000e+03 5.100000000000000000000000000000e+01
1.030000000000000000000000000000e+02 8.000000000000000000000000000000e+01 6.400000000000000000000000000000e+03 5.200000000000000000000000000000e+01
1.080000000000000000000000000000e+02 4.000000000000000000000000000000e+00 1.600000000000000000000000000000e+01 5.300000000000000000000000000000e+01
1.120000000000000000000000000000e+02 5.060000000000000000000000000000e+02 2.560360000000000000000000000000e+05 5.400000000000000000000000000000e+01
1.130000000000000000000000000000e+02 3.000000000000000000000000000000e+00 9.000000000000000000000000000000e+00 5.500000000000000000000000000000e+01
1.140000000000000000000000000000e+02 5.900000000000000000000000000000e+01 3.481000000000000000000000000000e+03 5.600000000000000000000000000000e+01
1.160000000000000000000000000000e+02 8.100000000000000000000000000000e+01 6.561000000000000000000000000000e+03 5.700000000000000000000000000000e+01
1.180000000000000000000000000000e+02 1.480000000000000000000000000000e+02 2.190400000000000000000000000000e+04 5.800000000000000000000000000000e+01
1.190000000000000000000000000000e+02 9.800000000000000000000000000000e+01 9.604000000000000000000000000000e+03 5.900000000000000000000000000000e+01
1.200000000000000000000000000000e+02 5.000000000000000000000000000000e+01 2.500000000000000000000000000000e+03 6.000000000000000000000000000000e+01
1.220000000000000000000000000000e+02 1.990000000000000000000000000000e+02 3.960100000000000000000000000000e+04 6.100000000000000000000000000000e+01
1.240000000000000000000000000000e+02 1.000000000000000000000000000000e+00 1.000000000000000000000000000000e+00 6.200000000000000000000000000000e+01
1.280000000000000000000000000000e+02 1.350000000000000000000000000000e+02 1.822500000000000000000000000000e+04 6.300000000000000000000000000000e+01
1.300000000000000000000000000000e+02 4.200000000000000000000000000000e+01 1.764000000000000000000000000000e+03 6.400000000000000000000000000000e+01
1.320000000000000000000000000000e+02 1.310000000000000000000000000000e+02 1.716100000000000000000000000000e+04 6.500000000000000000000000000000e+01
1.330000000000000000000000000000e+02 9.700000000000000000000000000000e+01 9.409000000000000000000000000000e+03 6.600000000000000000000000000000e+01
1.340000000000000000000000000000e+02 9.400000000000000000000000000000e+01 8.836000000000000000000000000000e+03 6.700000000000000000000000000000e+01
1.350000000000000000000000000000e+02 2.230000000000000000000000000000e+02 4.972900000000000000000000000000e+04 6.800000000000000000000000000000e+01
1.360000000000000000000000000000e+02 6.000000000000000000000000000000e+00 3.600000000000000000000000000000e+01 6.900000000000000000000000000000e+01
1.390000000000000000000000000000e+02 1.580000000000000000000000000000e+02 2.496400000000000000000000000000e+04 7.000000000000000000000000000000e+01
1.400000000000000000000000000000e+02 1.100000000000000000000000000000e+01 1.210000000000000000000000000000e+02 7.100000000000000000000000000000e+01
1.410000000000000000000000000000e+02 3.700000000000000000000000000000e+02 1.369000000000000000000000000000e+05 7.200000000000000000000000000000e+01
1.420000000000000000000000000000e+02 3.100000000000000000000000000000e+01 9.610000000000000000000000000000e+02 7.300000000000000000000000000000e+01
1.440000000000000000000000000000e+02 7.000000000000000000000000000000e+00 4.900000000000000000000000000000e+01 7.400000000000000000000000000000e+01
1.490000000000000000000000000000e+02 3.400000000000000000000000000000e+01 1.156000000000000000000000000000e+03 7.500000000000000000000000000000e+01
