0.000000000000000000000000000000e+00 2.030000000000000000000000000000e+02 4.120900000000000000000000000000e+04 0.000000000000000000000000000000e+00
1.000000000000000000000000000000e+00 1.870000000000000000000000000000e+02 3.496900000000000000000000000000e+04 1.000000000000000000000000000000e+00
2.000000000000000000000000000000e+00 1.870000000000000000000000000000e+02 3.496900000000000000000000000000e+04 2.000000000000000000000000000000e+00
4.000000000000000000000000000000e+00 6.000000000000000000000000000000e+00 3.600000000000000000000000000000e+01 3.000000000000000000000000000000e+00
5.000000000000000000000000000000e+00 7.200000000000000000000000000000e+01 5.184000000000000000000000000000e+03 4.000000000000000000000000000000e+00
7.000000000000000000000000000000e+00 1.100000000000000000000000000000e+01 1.210000000000000000000000000000e+02 5.000000000000000000000000000000e+00
1.000000000000000000000000000000e+01 3.900000000000000000000000000000e+01 1.521000000000000000000000000000e+03 6.000000000000000000000000000000e+00
1.100000000000000000000000000000e+01 5.700000000000000000000000000000e+01 3.249000000000000000000000000000e+03 7.000000000000000000000000000000e+00
1.700000000000000000000000000000e+01 1.300000000000000000000000000000e+01 1.690000000000000000000000000000e+02 8.000000000000000000000000000000e+00
2.500000000000000000000000000000e+01 5.300000000000000000000000000000e+01 2.809000000000000000000000000000e+03 9.000000000000000000000000000000e+00
2.600000000000000000000000000000e+01 1.700000000000000000000000000000e+01 2.890000000000000000000000000000e+02 1.000000000000000000000000000000e+01
2.700000000000000000000000000000e+01 1.180000000000000000000000000000e+02 1.392400000000000000000000000000e+04 1.100000000000000000000000000000e+01
2.800000000000000000000000000000e+01 1.320000000000000000000000000000e+02 1.742400000000000000000000000000e+04 1.200000000000000000000000000000e+01
3.300000000000000000000000000000e+01 1.110000000000000000000000000000e+02 1.232100000000000000000000000000e+04 1.300000000000000000000000000000e+01
3.400000000000000000000000000000e+01 1.900000000000000000000000000000e+01 3.610000000000000000000000000000e+02 1.400000000000000000000000000000e+01
3.500000000000000000000000000000e+01 3.300000000000000000000000000000e+01 1.089000000000000000000000000000e+03 1.500000000000000000000000000000e+01
3.700000000000000000000000000000e+01 1.570000000000000000000000000000e+02 2.464900000000000000000000000000e+04 1.600000000000000000000000000000e+01
3.800000000000000000000000000000e+01 1.500000000000000000000000000000e+01 2.250000000000000000000000000000e+02 1.700000000000000000000000000000e+01
4.000000000000000000000000000000e+01 1.000000000000000000000000000000e+00 1.000000000000000000000000000000e+00 1.800000000000000000000000000000e+01
4.400000000000000000000000000000e+01 1.440000000000000000000000000000e+02 2.073600000000000000000000000000e+04 1.900000000000000000000000000000e+01
4.600000000000000000000000000000e+01 3.400000000000000000000000000000e+01 1.156000000000000000000000000000e+03 2.000000000000000000000000000000e+01
4.700000000000000000000000000000e+01 2.200000000000000000000000000000e+01 4.840000000000000000000000000000e+02 2.100000000000000000000000000000e+01
4.800000000000000000000000000000e+01 4.500000000000000000000000000000e+01 2.025000000000000000000000000000e+03 2.200000000000000000000000000000e+01
5.300000000000000000000000000000e+01 4.200000000000000000000000000000e+01 1.764000000000000000000000000000e+03 2.300000000000000000000000000000e+01
5.400000000000000000000000000000e+01 1.210000000000000000000000000000e+02 1.464100000000000000000000000000e+04 2.400000000000000000000000000000e+01
5.600000000000000000000000000000e+01 5.900000000000000000000000000000e+01 3.481000000000000000000000000000e+03 2.500000000000000000000000000000e+01
6.000000000000000000000000000000e+01 1.030000000000000000000000000000e+02 1.060900000000000000000000000000e+04 2.600000000000000000000000000000e+01
6.200000000000000000000000000000e+01 1.040000000000000000000000000000e+02 1.081600000000000000000000000000e+04 2.700000000000000000000000000000e+01
6.300000000000000000000000000000e+01 3.700000000000000000000000000000e+01 1.369000000000000000000000000000e+03 2.800000000000000000000000000000e+01
6.700000000000000000000000000000e+01 1.820000000000000000000000000000e+02 3.312400000000000000000000000000e+04 2.900000000000000000000000000000e+01
6.800000000000000000000000000000e+01 3.930000000000000000000000000000e+02 1.544490000000000000000000000000e+05 3.000000000000000000000000000000e+01
6.900000000000000000000000000000e+01 2.300000000000000000000000000000e+01 5.290000000000000000000000000000e+02 3.100000000000000000000000000000e+01
7.100000000000000000000000000000e+01 1.670000000000000000000000000000e+02 2.788900000000000000000000000000e+04 3.200000000000000000000000000000e+01
7.400000000000000000000000000000e+01 1.410000000000000000000000000000e+02 1.988100000000000000000000000000e+04 3.300000000000000000000000000000e+01
7.700000000000000000000000000000e+01 1.000000000000000000000000000000e+01 1.000000000000000000000000000000e+02 3.400000000000000000000000000000e+01
7.800000000000000000000000000000e+01 3.300000000000000000000000000000e+01 1.089000000000000000000000000000e+03 3.500000000000000000000000000000e+01
7.900000000000000000000000000000e+01 4.400000000000000000000000000000e+01 1.936000000000000000000000000000e+03 3.600000000000000000000000000000e+01
8.000000000000000000000000000000e+01 1.120000000000000000000000000000e+02 1.254400000000000000000000000000e+04 3.700000000000000000000000000000e+01
8.100000000000000000000000000000e+01 5.800000000000000000000000000000e+01 3.364000000000000000000000000000e+03 3.800000000000000000000000000000e+01
8.500000000000000000000000000000e+01 4.400000000000000000000000000000e+01 1.936000000000000000000000000000e+03 3.900000000000000000000000000000e+01
8.600000000000000000000000000000e+01 2.900000000000000000000000000000e+01 8.410000000000000000000000000000e+02 4.000000000000000000000000000000e+01
8.700000000000000000000000000000e+01 1.520000000000000000000000000000e+02 2.310400000000000000000000000000e+04 4.100000000000000000000000000000e+01
8.800000000000000000000000000000e+01 7.100000000000000000000000000000e+01 5.041000000000000000000000000000e+03 4.200000000000000000000000000000e+01
8.900000000000000000000000000000e+01 1.250000000000000000000000000000e+02 1.562500000000000000000000000000e+04 4.300000000000000000000000000000e+01
9.000000000000000000000000000000e+01 8.900000000000000000000000000000e+01 7.921000000000000000000000000000e+03 4.400000000000000000000000000000e+01
9.500000000000000000000000000000e+01 3.000000000000000000000000000000e+01 9.000000000000000000000000000000e+02 4.500000000000000000000000000000e+01
9.600000000000000000000000000000e+01 2.830000000000000000000000000000e+02 8.008900000000000000000000000000e+04 4.600000000000000000000000000000e+01
1.000000000000000000000000000000e+02 2.360000000000000000000000000000e+02 5.569600000000000000000000000000e+04 4.700000000000000000000000000000e+01
1.040000000000000000000000000000e+02 3.700000000000000000000000000000e+01 1.369000000000000000000000000000e+03 4.800000000000000000000000000000e+01
1.060000000000000000000000000000e+02 3.800000000000000000000000000000e+01 1.444000000000000000000000000000e+03 4.900000000000000000000000000000e+01
1.070000000000000000000000000000e+02 3.900000000000000000000000000000e+01 1.521000000000000000000000000000e+03 5.000000000000000000000000000000e+01
1.100000000000000000000000000000e+02 5.900000000000000000000000000000e+01 3.481000000000000000000000000000e+03 5.100000000000000000000000000000e+01
1.110000000000000000000000000000e+02 2.500000000000000000000000000000e+01 6.250000000000000000000000000000e+02 5.200000000000000000000000000000e+01
1.120000000000000000000000000000e+02 1.210000000000000000000000000000e+02 1.464100000000000000000000000000e+04 5.300000000000000000000000000000e+01
1.140000000000000000000000000000e+02 5.500000000000000000000000000000e+01 3.025000000000000000000000000000e+03 5.400000000000000000000000000000e+01
1.150000000000000000000000000000e+02 7.400000000000000000000000000000e+01 5.476000000000000000000000000000e+03 5.500000000000000000000000000000e+01
1.160000000000000000000000000000e+02 1.030000000000000000000000000000e+02 1.060900000000000000000000000000e+04 5.600000000000000000000000000000e+01
1.170000000000000000000000000000e+02 7.600000000000000000000000000000e+01 5.776000000000000000000000000000e+03 5.700000000000000000000000000000e+01
1.180000000000000000000000000000e+02 1.090000000000000000000000000000e+02 1.188100000000000000000000000000e+04 5.800000000000000000000000000000e+01
1.190000000000000000000000000000e+02 1.470000000000000000000000000000e+02 2.160900000000000000000000000000e+04 5.900000000000000000000000000000e+01
1.200000000000000000000000000000e+02 2.050000000000000000000000000000e+02 4.202500000000000000000000000000e+04 6.000000000000000000000000000000e+01
1.220000000000000000000000000000e+02 5.200000000000000000000000000000e+01 2.704000000000000000000000000000e+03 6.100000000000000000000000000000e+01
1.240000000000000000000000000000e+02 7.800000000000000000000000000000e+01 6.084000000000000000000000000000e+03 6.200000000000000000000000000000e+01
1.270000000000000000000000000000e+02 5.000000000000000000000000000000e+00 2.500000000000000000000000000000e+01 6.300000000000000000000000000000e+01
1.300000000000000000000000000000e+02 9.400000000000000000000000000000e+01 8.836000000000000000000000000000e+03 6.400000000000000000000000000000e+01
1.330000000000000000000000000000e+02 2.000000000000000000000000000000e+00 4.000000000000000000000000000000e+00 6.500000000000000000000000000000e+01
1.340000000000000000000000000000e+02 6.100000000000000000000000000000e+01 3.721000000000000000000000000000e+03 6.600000000000000000000000000000e+01
1.370000000000000000000000000000e+02 1.580000000000000000000000000000e+02 2.496400000000000000000000000000e+04 6.700000000000000000000000000000e+01
1.400000000000000000000000000000e+02 2.400000000000000000000000000000e+01 5.760000000000000000000000000000e+02 6.800000000000000000000000000000e+01
1.410000000000000000000000000000e+02 3.000000000000000000000000000000e+02 9.000000000000000000000000000000e+04 6.900000000000000000000000000000e+01
1.420000000000000000000000000000e+02 1.740000000000000000000000000000e+02 3.027600000000000000000000000000e+04 7.000000000000000000000000000000e+01
1.460000000000000000000000000000e+02 3.400000000000000000000000000000e+01 1.156000000000000000000000000000e+03 7.100000000000000000000000000000e+01
1.480000000000000000000000000000e+02 1.760000000000000000000000000000e+02 3.097600000000000000000000000000e+04 7.200000000000000000000000000000e+01
