2.000000000000000000000000000000e+00 9.600000000000000000000000000000e+01 9.216000000000000000000000000000e+03 0.000000000000000000000000000000e+00
3.000000000000000000000000000000e+00 3.200000000000000000000000000000e+01 1.024000000000000000000000000000e+03 1.000000000000000000000000000000e+00
4.000000000000000000000000000000e+00 1.690000000000000000000000000000e+02 2.856100000000000000000000000000e+04 2.000000000000000000000000000000e+00
5.000000000000000000000000000000e+00 2.100000000000000000000000000000e+01 4.410000000000000000000000000000e+02 3.000000000000000000000000000000e+00
8.000000000000000000000000000000e+00 4.200000000000000000000000000000e+01 1.764000000000000000000000000000e+03 4.000000000000000000000000000000e+00
1.000000000000000000000000000000e+01 3.500000000000000000000000000000e+01 1.225000000000000000000000000000e+03 5.000000000000000000000000000000e+00
1.700000000000000000000000000000e+01 8.600000000000000000000000000000e+01 7.396000000000000000000000000000e+03 6.000000000000000000000000000000e+00
2.300000000000000000000000000000e+01 1.010000000000000000000000000000e+02 1.020100000000000000000000000000e+04 7.000000000000000000000000000000e+00
2.400000000000000000000000000000e+01 1.000000000000000000000000000000e+01 1.000000000000000000000000000000e+02 8.000000000000000000000000000000e+00
2.500000000000000000000000000000e+01 9.000000000000000000000000000000e+00 8.100000000000000000000000000000e+01 9.000000000000000000000000000000e+00
3.000000000000000000000000000000e+01 9.300000000000000000000000000000e+01 8.649000000000000000000000000000e+03 1.000000000000000000000000000000e+01
3.100000000000000000000000000000e+01 2.260000000000000000000000000000e+02 5.107600000000000000000000000000e+04 1.100000000000000000000000000000e+01
3.200000000000000000000000000000e+01 5.900000000000000000000000000000e+01 3.481000000000000000000000000000e+03 1.200000000000000000000000000000e+01
3.300000000000000000000000000000e+01 4.300000000000000000000000000000e+01 1.849000000000000000000000000000e+03 1.300000000000000000000000000000e+01
3.600000000000000000000000000000e+01 1.400000000000000000000000000000e+01 1.960000000000000000000000000000e+02 1.400000000000000000000000000000e+01
3.700000000000000000000000000000e+01 2.570000000000000000000000000000e+02 6.604900000000000000000000000000e+04 1.500000000000000000000000000000e+01
3.900000000000000000000000000000e+01 2.260000000000000000000000000000e+02 5.107600000000000000000000000000e+04 1.600000000000000000000000000000e+01
4.500000000000000000000000000000e+01 3.250000000000000000000000000000e+02 1.056250000000000000000000000000e+05 1.700000000000000000000000000000e+01
4.700000000000000000000000000000e+01 1.600000000000000000000000000000e+01 2.560000000000000000000000000000e+02 1.800000000000000000000000000000e+01
4.900000000000000000000000000000e+01 2.340000000000000000000000000000e+02 5.475600000000000000000000000000e+04 1.900000000000000000000000000000e+01
5.500000000000000000000000000000e+01 5.000000000000000000000000000000e+01 2.500000000000000000000000000000e+03 2.000000000000000000000000000000e+01
5.600000000000000000000000000000e+01 3.800000000000000000000000000000e+01 1.444000000000000000000000000000e+03 2.100000000000000000000000000000e+01
5.700000000000000000000000000000e+01 1.650000000000000000000000000000e+02 2.722500000000000000000000000000e+04 2.200000000000000000000000000000e+01
5.800000000000000000000000000000e+01 5.100000000000000000000000000000e+01 2.601000000000000000000000000000e+03 2.300000000000000000000000000000e+01
5.900000000000000000000000000000e+01 1.130000000000000000000000000000e+02 1.276900000000000000000000000000e+04 2.400000000000000000000000000000e+01
6.100000000000000000000000000000e+01 1.120000000000000000000000000000e+02 1.254400000000000000000000000000e+04 2.500000000000000000000000000000e+01
6.400000000000000000000000000000e+01 1.300000000000000000000000000000e+01 1.690000000000000000000000000000e+02 2.600000000000000000000000000000e+01
6.700000000000000000000000000000e+01 5.390000000000000000000000000000e+02 2.905210000000000000000000000000e+05 2.700000000000000000000000000000e+01
7.300000000000000000000000000000e+01 1.290000000000000000000000000000e+02 1.664100000000000000000000000000e+04 2.800000000000000000000000000000e+01
7.400000000000000000000000000000e+01 7.000000000000000000000000000000e+00 4.900000000000000000000000000000e+01 2.900000000000000000000000000000e+01
7.600000000000000000000000000000e+01 1.000000000000000000000000000000e+00 1.000000000000000000000000000000e+00 3.000000000000000000000000000000e+01
7.700000000000000000000000000000e+01 1.660000000000000000000000000000e+02 2.755600000000000000000000000000e+04 3.100000000000000000000000000000e+01
7.800000000000000000000000000000e+01 1.530000000000000000000000000000e+02 2.340900000000000000000000000000e+04 3.200000000000000000000000000000e+01
8.200000000000000000000000000000e+01 5.900000000000000000000000000000e+01 3.481000000000000000000000000000e+03 3.300000000000000000000000000000e+01
8.500000000000000000000000000000e+01 3.400000000000000000000000000000e+01 1.156000000000000000000000000000e+03 3.400000000000000000000000000000e+01
9.100000000000000000000000000000e+01 1.790000000000000000000000000000e+02 3.204100000000000000000000000000e+04 3.500000000000000000000000000000e+01
9.300000000000000000000000000000e+01 1.400000000000000000000000000000e+02 1.960000000000000000000000000000e+04 3.600000000000000000000000000000e+01
9.500000000000000000000000000000e+01 2.500000000000000000000000000000e+02 6.250000000000000000000000000000e+04 3.700000000000000000000000000000e+01
9.600000000000000000000000000000e+01 7.100000000000000000000000000000e+01 5.041000000000000000000000000000e+03 3.800000000000000000000000000000e+01
9.700000000000000000000000000000e+01 2.400000000000000000000000000000e+01 5.760000000000000000000000000000e+02 3.900000000000000000000000000000e+01
9.900000000000000000000000000000e+01 1.920000000000000000000000000000e+02 3.686400000000000000000000000000e+04 4.000000000000000000000000000000e+01
1.000000000000000000000000000000e+02 2.500000000000000000000000000000e+01 6.250000000000000000000000000000e+02 4.100000000000000000000000000000e+01
1.010000000000000000000000000000e+02 1.180000000000000000000000000000e+02 1.392400000000000000000000000000e+04 4.200000000000000000000000000000e+01
1.020000000000000000000000000000e+02 5.700000000000000000000000000000e+01 3.249000000000000000000000000000e+03 4.300000000000000000000000000000e+01
1.050000000000000000000000000000e+02 1.950000000000000000000000000000e+02 3.802500000000000000000000000000e+04 4.400000000000000000000000000000e+01
1.060000000000000000000000000000e+02 3.380000000000000000000000000000e+02 1.142440000000000000000000000000e+05 4.500000000000000000000000000000e+01
1.080000000000000000000000000000e+02 1.210000000000000000000000000000e+02 1.464100000000000000000000000000e+04 4.600000000000000000000000000000e+01
1.090000000000000000000000000000e+02 9.100000000000000000000000000000e+01 8.281000000000000000000000000000e+03 4.700000000000000000000000000000e+01
1.100000000000000000000000000000e+02 6.300000000000000000000000000000e+01 3.969000000000000000000000000000e+03 4.800000000000000000000000000000e+01
1.120000000000000000000000000000e+02 9.800000000000000000000000000000e+01 9.604000000000000000000000000000e+03 4.900000000000000000000000000000e+01
1.150000000000000000000000000000e+02 9.100000000000000000000000000000e+01 8.281000000000000000000000000000e+03 5.000000000000000000000000000000e+01
1.170000000000000000000000000000e+02 2.200000000000000000000000000000e+01 4.840000000000000000000000000000e+02 5.100000000000000000000000000000e+01
1.180000000000000000000000000000e+02 1.800000000000000000000000000000e+02 3.240000000000000000000000000000e+04 5.200000000000000000000000000000e+01
1.210000000000000000000000000000e+02 3.990000000000000000000000000000e+02 1.592010000000000000000000000000e+05 5.300000000000000000000000000000e+01
1.220000000000000000000000000000e+02 3.000000000000000000000000000000e+01 9.000000000000000000000000000000e+02 5.400000000000000000000000000000e+01
1.240000000000000000000000000000e+02 5.220000000000000000000000000000e+02 2.724840000000000000000000000000e+05 5.500000000000000000000000000000e+01
1.270000000000000000000000000000e+02 1.130000000000000000000000000000e+02 1.276900000000000000000000000000e+04 5.600000000000000000000000000000e+01
1.290000000000000000000000000000e+02 2.200000000000000000000000000000e+01 4.840000000000000000000000000000e+02 5.700000000000000000000000000000e+01
1.300000000000000000000000000000e+02 1.150000000000000000000000000000e+02 1.322500000000000000000000000000e+04 5.800000000000000000000000000000e+01
1.320000000000000000000000000000e+02 5.300000000000000000000000000000e+01 2.809000000000000000000000000000e+03 5.900000000000000000000000000000e+01
1.330000000000000000000000000000e+02 1.160000000000000000000000000000e+02 1.345600000000000000000000000000e+04 6.000000000000000000000000000000e+01
1.340000000000000000000000000000e+02 4.020000000000000000000000000000e+02 1.616040000000000000000000000000e+05 6.100000000000000000000000000000e+01
1.360000000000000000000000000000e+02 3.100000000000000000000000000000e+01 9.610000000000000000000000000000e+02 6.200000000000000000000000000000e+01
1.390000000000000000000000000000e+02 7.000000000000000000000000000000e+01 4.900000000000000000000000000000e+03 6.300000000000000000000000000000e+01
1.400000000000000000000000000000e+02 3.000000000000000000000000000000e+01 9.000000000000000000000000000000e+02 6.400000000000000000000000000000e+01
1.410000000000000000000000000000e+02 2.200000000000000000000000000000e+01 4.840000000000000000000000000000e+02 6.500000000000000000000000000000e+01
1.450000000000000000000000000000e+02 3.400000000000000000000000000000e+01 1.156000000000000000000000000000e+03 6.600000000000000000000000000000e+01
1.460000000000000000000000000000e+02 1.920000000000000000000000000000e+02 3.686400000000000000000000000000e+04 6.700000000000000000000000000000e+01
1.480000000000000000000000000000e+02 7.700000000000000000000000000000e+01 5.929000000000000000000000000000e+03 6.800000000000000000000000000000e+01
1.490000000000000000000000000000e+02 9.200000000000000000000000000000e+01 8.464000000000000000000000000000e+03 6.900000000000000000000000000000e+01
