2.000000000000000000000000000000e+00 2.920000000000000000000000000000e+02 2.498264400000000000000000000000e+07 0.000000000000000000000000000000e+00
4.000000000000000000000000000000e+00 4.400000000000000000000000000000e+01 8.716400000000000000000000000000e+04 1.000000000000000000000000000000e+00
6.000000000000000000000000000000e+00 1.660000000000000000000000000000e+02 4.602018000000000000000000000000e+06 2.000000000000000000000000000000e+00
7.000000000000000000000000000000e+00 8.100000000000000000000000000000e+01 5.380830000000000000000000000000e+05 3.000000000000000000000000000000e+00
8.000000000000000000000000000000e+00 2.640000000000000000000000000000e+02 1.846970400000000000000000000000e+07 4.000000000000000000000000000000e+00
1.100000000000000000000000000000e+01 1.300000000000000000000000000000e+02 2.214030000000000000000000000000e+06 5.000000000000000000000000000000e+00
1.200000000000000000000000000000e+01 4.700000000000000000000000000000e+01 1.060790000000000000000000000000e+05 6.000000000000000000000000000000e+00
1.300000000000000000000000000000e+01 3.000000000000000000000000000000e+01 2.793000000000000000000000000000e+04 7.000000000000000000000000000000e+00
1.700000000000000000000000000000e+01 3.000000000000000000000000000000e+01 2.793000000000000000000000000000e+04 8.000000000000000000000000000000e+00
2.000000000000000000000000000000e+01 2.400000000000000000000000000000e+01 1.442400000000000000000000000000e+04 9.000000000000000000000000000000e+00
2.100000000000000000000000000000e+01 1.680000000000000000000000000000e+02 4.770024000000000000000000000000e+06 1.000000000000000000000000000000e+01
2.200000000000000000000000000000e+01 1.000000000000000000000000000000e+00 3.000000000000000000000000000000e+00 1.100000000000000000000000000000e+01
2.500000000000000000000000000000e+01 4.800000000000000000000000000000e+01 1.129440000000000000000000000000e+05 1.200000000000000000000000000000e+01
2.600000000000000000000000000000e+01 3.200000000000000000000000000000e+01 3.382400000000000000000000000000e+04 1.300000000000000000000000000000e+01
2.700000000000000000000000000000e+01 1.080000000000000000000000000000e+02 1.271484000000000000000000000000e+06 1.400000000000000000000000000000e+01
3.000000000000000000000000000000e+01 5.500000000000000000000000000000e+01 1.694550000000000000000000000000e+05 1.500000000000000000000000000000e+01
3.100000000000000000000000000000e+01 9.200000000000000000000000000000e+01 7.872440000000000000000000000000e+05 1.600000000000000000000000000000e+01
3.200000000000000000000000000000e+01 5.900000000000000000000000000000e+01 2.089190000000000000000000000000e+05 1.700000000000000000000000000000e+01
3.300000000000000000000000000000e+01 4.000000000000000000000000000000e+00 8.400000000000000000000000000000e+01 1.800000000000000000000000000000e+01
3.400000000000000000000000000000e+01 3.500000000000000000000000000000e+01 4.413500000000000000000000000000e+04 1.900000000000000000000000000000e+01
3.800000000000000000000000000000e+01 3.100000000000000000000000000000e+01 3.078300000000000000000000000000e+04 2.000000000000000000000000000000e+01
3.900000000000000000000000000000e+01 9.000000000000000000000000000000e+00 8.190000000000000000000000000000e+02 2.100000000000000000000000000000e+01
4.000000000000000000000000000000e+01 1.780000000000000000000000000000e+02 5.671614000000000000000000000000e+06 2.200000000000000000000000000000e+01
4.500000000000000000000000000000e+01 8.200000000000000000000000000000e+01 5.581740000000000000000000000000e+05 2.300000000000000000000000000000e+01
4.700000000000000000000000000000e+01 5.070000000000000000000000000000e+02 1.305813990000000000000000000000e+08 2.400000000000000000000000000000e+01
5.000000000000000000000000000000e+01 3.300000000000000000000000000000e+01 3.705900000000000000000000000000e+04 2.500000000000000000000000000000e+01
5.100000000000000000000000000000e+01 6.900000000000000000000000000000e+01 3.333390000000000000000000000000e+05 2.600000000000000000000000000000e+01
5.200000000000000000000000000000e+01 4.500000000000000000000000000000e+02 9.132795000000000000000000000000e+07 2.700000000000000000000000000000e+01
5.400000000000000000000000000000e+01 2.700000000000000000000000000000e+01 2.043900000000000000000000000000e+04 2.800000000000000000000000000000e+01
5.600000000000000000000000000000e+01 2.010000000000000000000000000000e+02 8.161203000000000000000000000000e+06 2.900000000000000000000000000000e+01
5.700000000000000000000000000000e+01 1.640000000000000000000000000000e+02 4.438004000000000000000000000000e+06 3.000000000000000000000000000000e+01
5.900000000000000000000000000000e+01 1.100000000000000000000000000000e+01 1.463000000000000000000000000000e+03 3.100000000000000000000000000000e+01
6.300000000000000000000000000000e+01 5.100000000000000000000000000000e+01 1.353030000000000000000000000000e+05 3.200000000000000000000000000000e+01
6.500000000000000000000000000000e+01 2.500000000000000000000000000000e+01 1.627500000000000000000000000000e+04 3.300000000000000000000000000000e+01
7.200000000000000000000000000000e+01 4.400000000000000000000000000000e+01 8.716400000000000000000000000000e+04 3.400000000000000000000000000000e+01
7.400000000000000000000000000000e+01 6.500000000000000000000000000000e+01 2.789150000000000000000000000000e+05 3.500000000000000000000000000000e+01
7.700000000000000000000000000000e+01 8.500000000000000000000000000000e+01 6.214350000000000000000000000000e+05 3.600000000000000000000000000000e+01
7.800000000000000000000000000000e+01 2.470000000000000000000000000000e+02 1.513047900000000000000000000000e+07 3.700000000000000000000000000000e+01
7.900000000000000000000000000000e+01 1.500000000000000000000000000000e+01 3.615000000000000000000000000000e+03 3.800000000000000000000000000000e+01
8.000000000000000000000000000000e+01 4.300000000000000000000000000000e+01 8.139900000000000000000000000000e+04 3.900000000000000000000000000000e+01
8.100000000000000000000000000000e+01 4.700000000000000000000000000000e+01 1.060790000000000000000000000000e+05 4.000000000000000000000000000000e+01
8.200000000000000000000000000000e+01 2.100000000000000000000000000000e+01 9.723000000000000000000000000000e+03 4.100000000000000000000000000000e+01
8.300000000000000000000000000000e+01 1.240000000000000000000000000000e+02 1.922124000000000000000000000000e+06 4.200000000000000000000000000000e+01
8.400000000000000000000000000000e+01 9.000000000000000000000000000000e+01 7.371900000000000000000000000000e+05 4.300000000000000000000000000000e+01
8.800000000000000000000000000000e+01 8.600000000000000000000000000000e+01 6.435380000000000000000000000000e+05 4.400000000000000000000000000000e+01
8.900000000000000000000000000000e+01 1.700000000000000000000000000000e+01 5.219000000000000000000000000000e+03 4.500000000000000000000000000000e+01
9.000000000000000000000000000000e+01 3.900000000000000000000000000000e+01 6.087900000000000000000000000000e+04 4.600000000000000000000000000000e+01
9.100000000000000000000000000000e+01 2.100000000000000000000000000000e+02 9.305310000000000000000000000000e+06 4.700000000000000000000000000000e+01
9.200000000000000000000000000000e+01 1.900000000000000000000000000000e+01 7.239000000000000000000000000000e+03 4.800000000000000000000000000000e+01
9.400000000000000000000000000000e+01 8.100000000000000000000000000000e+01 5.380830000000000000000000000000e+05 4.900000000000000000000000000000e+01
9.500000000000000000000000000000e+01 6.000000000000000000000000000000e+01 2.196600000000000000000000000000e+05 5.000000000000000000000000000000e+01
9.600000000000000000000000000000e+01 4.000000000000000000000000000000e+00 8.400000000000000000000000000000e+01 5.100000000000000000000000000000e+01
9.700000000000000000000000000000e+01 3.600000000000000000000000000000e+01 4.798800000000000000000000000000e+04 5.200000000000000000000000000000e+01
9.800000000000000000000000000000e+01 1.500000000000000000000000000000e+02 3.397650000000000000000000000000e+06 5.300000000000000000000000000000e+01
1.000000000000000000000000000000e+02 1.630000000000000000000000000000e+02 4.357479000000000000000000000000e+06 5.400000000000000000000000000000e+01
1.010000000000000000000000000000e+02 5.320000000000000000000000000000e+02 1.508523240000000000000000000000e+08 5.500000000000000000000000000000e+01
1.040000000000000000000000000000e+02 7.900000000000000000000000000000e+01 4.993590000000000000000000000000e+05 5.600000000000000000000000000000e+01
1.050000000000000000000000000000e+02 7.000000000000000000000000000000e+01 3.479700000000000000000000000000e+05 5.700000000000000000000000000000e+01
1.060000000000000000000000000000e+02 1.480000000000000000000000000000e+02 3.263844000000000000000000000000e+06 5.800000000000000000000000000000e+01
1.070000000000000000000000000000e+02 1.200000000000000000000000000000e+01 1.884000000000000000000000000000e+03 5.900000000000000000000000000000e+01
1.080000000000000000000000000000e+02 1.900000000000000000000000000000e+02 6.895290000000000000000000000000e+06 6.000000000000000000000000000000e+01
1.090000000000000000000000000000e+02 1.180000000000000000000000000000e+02 1.657074000000000000000000000000e+06 6.100000000000000000000000000000e+01
1.110000000000000000000000000000e+02 8.100000000000000000000000000000e+01 5.380830000000000000000000000000e+05 6.200000000000000000000000000000e+01
1.130000000000000000000000000000e+02 5.400000000000000000000000000000e+01 1.604340000000000000000000000000e+05 6.300000000000000000000000000000e+01
1.170000000000000000000000000000e+02 1.910000000000000000000000000000e+02 7.004543000000000000000000000000e+06 6.400000000000000000000000000000e+01
1.200000000000000000000000000000e+02 3.500000000000000000000000000000e+02 4.299785000000000000000000000000e+07 6.500000000000000000000000000000e+01
1.220000000000000000000000000000e+02 9.600000000000000000000000000000e+01 8.940480000000000000000000000000e+05 6.600000000000000000000000000000e+01
1.250000000000000000000000000000e+02 3.470000000000000000000000000000e+02 4.190267900000000000000000000000e+07 6.700000000000000000000000000000e+01
1.290000000000000000000000000000e+02 1.040000000000000000000000000000e+02 1.135784000000000000000000000000e+06 6.800000000000000000000000000000e+01
1.330000000000000000000000000000e+02 2.400000000000000000000000000000e+01 1.442400000000000000000000000000e+04 6.900000000000000000000000000000e+01
1.350000000000000000000000000000e+02 1.400000000000000000000000000000e+01 2.954000000000000000000000000000e+03 7.000000000000000000000000000000e+01
1.360000000000000000000000000000e+02 1.380000000000000000000000000000e+02 2.647254000000000000000000000000e+06 7.100000000000000000000000000000e+01
1.390000000000000000000000000000e+02 2.800000000000000000000000000000e+01 2.276400000000000000000000000000e+04 7.200000000000000000000000000000e+01
1.420000000000000000000000000000e+02 6.500000000000000000000000000000e+01 2.789150000000000000000000000000e+05 7.300000000000000000000000000000e+01
1.450000000000000000000000000000e+02 2.690000000000000000000000000000e+02 1.953773900000000000000000000000e+07 7.400000000000000000000000000000e+01
1.490000000000000000000000000000e+02 1.190000000000000000000000000000e+02 1.699439000000000000000000000000e+06 7.500000000000000000000000000000e+01
