0.000000000000000000000000000000e+00 6.000000000000000000000000000000e+01 2.196600000000000000000000000000e+05 0.000000000000000000000000000000e+00
2.000000000000000000000000000000e+00 1.900000000000000000000000000000e+01 7.239000000000000000000000000000e+03 1.000000000000000000000000000000e+00
6.000000000000000000000000000000e+00 3.800000000000000000000000000000e+01 5.635400000000000000000000000000e+04 2.000000000000000000000000000000e+00
7.000000000000000000000000000000e+00 1.200000000000000000000000000000e+02 1.742520000000000000000000000000e+06 3.000000000000000000000000000000e+00
8.000000000000000000000000000000e+00 3.000000000000000000000000000000e+00 3.900000000000000000000000000000e+01 4.000000000000000000000000000000e+00
1.000000000000000000000000000000e+01 3.200000000000000000000000000000e+01 3.382400000000000000000000000000e+04 5.000000000000000000000000000000e+00
1.100000000000000000000000000000e+01 3.300000000000000000000000000000e+01 3.705900000000000000000000000000e+04 6.000000000000000000000000000000e+00
1.200000000000000000000000000000e+01 3.800000000000000000000000000000e+01 5.635400000000000000000000000000e+04 7.000000000000000000000000000000e+00
1.400000000000000000000000000000e+01 6.300000000000000000000000000000e+01 2.540790000000000000000000000000e+05 8.000000000000000000000000000000e+00
1.600000000000000000000000000000e+01 1.200000000000000000000000000000e+01 1.884000000000000000000000000000e+03 9.000000000000000000000000000000e+00
1.900000000000000000000000000000e+01 2.900000000000000000000000000000e+01 2.525900000000000000000000000000e+04 1.000000000000000000000000000000e+01
2.100000000000000000000000000000e+01 9.700000000000000000000000000000e+01 9.221790000000000000000000000000e+05 1.100000000000000000000000000000e+01
2.400000000000000000000000000000e+01 1.300000000000000000000000000000e+01 2.379000000000000000000000000000e+03 1.200000000000000000000000000000e+01
2.700000000000000000000000000000e+01 3.600000000000000000000000000000e+01 4.798800000000000000000000000000e+04 1.300000000000000000000000000000e+01
2.800000000000000000000000000000e+01 2.250000000000000000000000000000e+02 1.144147500000000000000000000000e+07 1.400000000000000000000000000000e+01
3.100000000000000000000000000000e+01 7.400000000000000000000000000000e+01 4.107740000000000000000000000000e+05 1.500000000000000000000000000000e+01
3.200000000000000000000000000000e+01 9.000000000000000000000000000000e+00 8.190000000000000000000000000000e+02 1.600000000000000000000000000000e+01
3.400000000000000000000000000000e+01 9.800000000000000000000000000000e+01 9.508940000000000000000000000000e+05 1.700000000000000000000000000000e+01
3.700000000000000000000000000000e+01 3.200000000000000000000000000000e+01 3.382400000000000000000000000000e+04 1.800000000000000000000000000000e+01
3.800000000000000000000000000000e+01 1.620000000000000000000000000000e+02 4.277934000000000000000000000000e+06 1.900000000000000000000000000000e+01
4.400000000000000000000000000000e+01 5.900000000000000000000000000000e+01 2.089190000000000000000000000000e+05 2.000000000000000000000000000000e+01
4.700000000000000000000000000000e+01 4.600000000000000000000000000000e+01 9.949800000000000000000000000000e+04 2.100000000000000000000000000000e+01
4.800000000000000000000000000000e+01 3.800000000000000000000000000000e+02 5.501678000000000000000000000000e+07 2.200000000000000000000000000000e+01
4.900000000000000000000000000000e+01 1.040000000000000000000000000000e+02 1.135784000000000000000000000000e+06 2.300000000000000000000000000000e+01
5.200000000000000000000000000000e+01 3.300000000000000000000000000000e+01 3.705900000000000000000000000000e+04 2.400000000000000000000000000000e+01
5.300000000000000000000000000000e+01 5.000000000000000000000000000000e+00 1.550000000000000000000000000000e+02 2.500000000000000000000000000000e+01
5.600000000000000000000000000000e+01 9.800000000000000000000000000000e+01 9.508940000000000000000000000000e+05 2.600000000000000000000000000000e+01
5.700000000000000000000000000000e+01 7.100000000000000000000000000000e+01 3.630230000000000000000000000000e+05 2.700000000000000000000000000000e+01
5.900000000000000000000000000000e+01 2.600000000000000000000000000000e+02 1.764386000000000000000000000000e+07 2.800000000000000000000000000000e+01
6.600000000000000000000000000000e+01 6.500000000000000000000000000000e+01 2.789150000000000000000000000000e+05 2.900000000000000000000000000000e+01
6.800000000000000000000000000000e+01 1.330000000000000000000000000000e+02 2.370459000000000000000000000000e+06 3.000000000000000000000000000000e+01
7.300000000000000000000000000000e+01 1.330000000000000000000000000000e+02 2.370459000000000000000000000000e+06 3.100000000000000000000000000000e+01
7.500000000000000000000000000000e+01 9.000000000000000000000000000000e+00 8.190000000000000000000000000000e+02 3.200000000000000000000000000000e+01
8.100000000000000000000000000000e+01 3.000000000000000000000000000000e+01 2.793000000000000000000000000000e+04 3.300000000000000000000000000000e+01
8.400000000000000000000000000000e+01 2.180000000000000000000000000000e+02 1.040797400000000000000000000000e+07 3.400000000000000000000000000000e+01
8.700000000000000000000000000000e+01 1.790000000000000000000000000000e+02 5.767559000000000000000000000000e+06 3.500000000000000000000000000000e+01
8.800000000000000000000000000000e+01 3.600000000000000000000000000000e+01 4.798800000000000000000000000000e+04 3.600000000000000000000000000000e+01
8.900000000000000000000000000000e+01 1.280000000000000000000000000000e+02 2.113664000000000000000000000000e+06 3.700000000000000000000000000000e+01
9.200000000000000000000000000000e+01 3.700000000000000000000000000000e+01 5.205900000000000000000000000000e+04 3.800000000000000000000000000000e+01
9.300000000000000000000000000000e+01 1.470000000000000000000000000000e+02 3.198279000000000000000000000000e+06 3.900000000000000000000000000000e+01
9.400000000000000000000000000000e+01 9.100000000000000000000000000000e+01 7.619430000000000000000000000000e+05 4.000000000000000000000000000000e+01
9.500000000000000000000000000000e+01 2.230000000000000000000000000000e+02 1.113951900000000000000000000000e+07 4.100000000000000000000000000000e+01
9.800000000000000000000000000000e+01 2.220000000000000000000000000000e+02 1.099055400000000000000000000000e+07 4.200000000000000000000000000000e+01
1.000000000000000000000000000000e+02 2.300000000000000000000000000000e+01 1.271900000000000000000000000000e+04 4.300000000000000000000000000000e+01
1.010000000000000000000000000000e+02 3.800000000000000000000000000000e+01 5.635400000000000000000000000000e+04 4.400000000000000000000000000000e+01
1.060000000000000000000000000000e+02 2.300000000000000000000000000000e+01 1.271900000000000000000000000000e+04 4.500000000000000000000000000000e+01
1.110000000000000000000000000000e+02 7.200000000000000000000000000000e+01 3.785040000000000000000000000000e+05 4.600000000000000000000000000000e+01
1.120000000000000000000000000000e+02 6.600000000000000000000000000000e+01 2.919180000000000000000000000000e+05 4.700000000000000000000000000000e+01
1.140000000000000000000000000000e+02 1.730000000000000000000000000000e+02 5.207819000000000000000000000000e+06 4.800000000000000000000000000000e+01
1.150000000000000000000000000000e+02 1.170000000000000000000000000000e+02 1.615419000000000000000000000000e+06 4.900000000000000000000000000000e+01
1.160000000000000000000000000000e+02 7.400000000000000000000000000000e+01 4.107740000000000000000000000000e+05 5.000000000000000000000000000000e+01
1.190000000000000000000000000000e+02 1.220000000000000000000000000000e+02 1.830854000000000000000000000000e+06 5.100000000000000000000000000000e+01
1.220000000000000000000000000000e+02 4.000000000000000000000000000000e+01 6.564000000000000000000000000000e+04 5.200000000000000000000000000000e+01
1.250000000000000000000000000000e+02 4.900000000000000000000000000000e+01 1.200990000000000000000000000000e+05 5.300000000000000000000000000000e+01
1.270000000000000000000000000000e+02 1.760000000000000000000000000000e+02 5.482928000000000000000000000000e+06 5.400000000000000000000000000000e+01
1.280000000000000000000000000000e+02 3.700000000000000000000000000000e+01 5.205900000000000000000000000000e+04 5.500000000000000000000000000000e+01
1.310000000000000000000000000000e+02 1.060000000000000000000000000000e+02 1.202358000000000000000000000000e+06 5.600000000000000000000000000000e+01
1.320000000000000000000000000000e+02 1.020000000000000000000000000000e+02 1.071714000000000000000000000000e+06 5.700000000000000000000000000000e+01
1.330000000000000000000000000000e+02 5.700000000000000000000000000000e+01 1.884990000000000000000000000000e+05 5.800000000000000000000000000000e+01
1.350000000000000000000000000000e+02 2.250000000000000000000000000000e+02 1.144147500000000000000000000000e+07 5.900000000000000000000000000000e+01
1.360000000000000000000000000000e+02 1.300000000000000000000000000000e+01 2.379000000000000000000000000000e+03 6.000000000000000000000000000000e+01
1.370000000000000000000000000000e+02 1.920000000000000000000000000000e+02 7.114944000000000000000000000000e+06 6.100000000000000000000000000000e+01
1.430000000000000000000000000000e+02 6.100000000000000000000000000000e+01 2.307630000000000000000000000000e+05 6.200000000000000000000000000000e+01
1.460000000000000000000000000000e+02 1.070000000000000000000000000000e+02 1.236599000000000000000000000000e+06 6.300000000000000000000000000000e+01
1.480000000000000000000000000000e+02 5.800000000000000000000000000000e+01 1.985340000000000000000000000000e+05 6.400000000000000000000000000000e+01
1.490000000000000000000000000000e+02 6.000000000000000000000000000000e+00 2.580000000000000000000000000000e+02 6.500000000000000000000000000000e+01
