0.000000000000000000000000000000e+00 8.100000000000000000000000000000e+01 5.380830000000000000000000000000e+05 0.000000000000000000000000000000e+00
1.000000000000000000000000000000e+00 5.300000000000000000000000000000e+01 1.517390000000000000000000000000e+05 1.000000000000000000000000000000e+00
2.000000000000000000000000000000e+00 4.160000000000000000000000000000e+02 7.216476800000000000000000000000e+07 2.000000000000000000000000000000e+00
4.000000000000000000000000000000e+00 3.300000000000000000000000000000e+01 3.705900000000000000000000000000e+04 3.000000000000000000000000000000e+00
8.000000000000000000000000000000e+00 1.800000000000000000000000000000e+01 6.174000000000000000000000000000e+03 4.000000000000000000000000000000e+00
1.000000000000000000000000000000e+01 6.600000000000000000000000000000e+01 2.919180000000000000000000000000e+05 5.000000000000000000000000000000e+00
1.100000000000000000000000000000e+01 8.200000000000000000000000000000e+01 5.581740000000000000000000000000e+05 6.000000000000000000000000000000e+00
1.600000000000000000000000000000e+01 2.400000000000000000000000000000e+01 1.442400000000000000000000000000e+04 7.000000000000000000000000000000e+00
2.000000000000000000000000000000e+01 6.600000000000000000000000000000e+01 2.919180000000000000000000000000e+05 8.000000000000000000000000000000e+00
2.100000000000000000000000000000e+01 8.000000000000000000000000000000e+00 5.840000000000000000000000000000e+02 9.000000000000000000000000000000e+00
2.300000000000000000000000000000e+01 2.200000000000000000000000000000e+01 1.115400000000000000000000000000e+04 1.000000000000000000000000000000e+01
2.400000000000000000000000000000e+01 5.200000000000000000000000000000e+01 1.433640000000000000000000000000e+05 1.100000000000000000000000000000e+01
2.500000000000000000000000000000e+01 3.800000000000000000000000000000e+01 5.635400000000000000000000000000e+04 1.200000000000000000000000000000e+01
2.800000000000000000000000000000e+01 1.800000000000000000000000000000e+01 6.174000000000000000000000000000e+03 1.300000000000000000000000000000e+01
3.000000000000000000000000000000e+01 8.100000000000000000000000000000e+01 5.380830000000000000000000000000e+05 1.400000000000000000000000000000e+01
3.200000000000000000000000000000e+01 6.200000000000000000000000000000e+01 2.422340000000000000000000000000e+05 1.500000000000000000000000000000e+01
3.300000000000000000000000000000e+01 1.050000000000000000000000000000e+02 1.168755000000000000000000000000e+06 1.600000000000000000000000000000e+01
3.500000000000000000000000000000e+01 2.200000000000000000000000000000e+01 1.115400000000000000000000000000e+04 1.700000000000000000000000000000e+01
3.600000000000000000000000000000e+01 5.100000000000000000000000000000e+01 1.353030000000000000000000000000e+05 1.800000000000000000000000000000e+01
3.700000000000000000000000000000e+01 9.600000000000000000000000000000e+01 8.940480000000000000000000000000e+05 1.900000000000000000000000000000e+01
3.800000000000000000000000000000e+01 3.040000000000000000000000000000e+02 2.818718400000000000000000000000e+07 2.000000000000000000000000000000e+01
3.900000000000000000000000000000e+01 1.050000000000000000000000000000e+02 1.168755000000000000000000000000e+06 2.100000000000000000000000000000e+01
4.000000000000000000000000000000e+01 4.700000000000000000000000000000e+01 1.060790000000000000000000000000e+05 2.200000000000000000000000000000e+01
4.500000000000000000000000000000e+01 7.500000000000000000000000000000e+01 4.275750000000000000000000000000e+05 2.300000000000000000000000000000e+01
4.600000000000000000000000000000e+01 8.000000000000000000000000000000e+01 5.184800000000000000000000000000e+05 2.400000000000000000000000000000e+01
4.700000000000000000000000000000e+01 1.320000000000000000000000000000e+02 2.317524000000000000000000000000e+06 2.500000000000000000000000000000e+01
4.800000000000000000000000000000e+01 1.460000000000000000000000000000e+02 3.133598000000000000000000000000e+06 2.600000000000000000000000000000e+01
4.900000000000000000000000000000e+01 6.500000000000000000000000000000e+01 2.789150000000000000000000000000e+05 2.700000000000000000000000000000e+01
5.000000000000000000000000000000e+01 4.600000000000000000000000000000e+01 9.949800000000000000000000000000e+04 2.800000000000000000000000000000e+01
5.300000000000000000000000000000e+01 1.410000000000000000000000000000e+02 2.823243000000000000000000000000e+06 2.900000000000000000000000000000e+01
5.500000000000000000000000000000e+01 1.500000000000000000000000000000e+01 3.615000000000000000000000000000e+03 3.000000000000000000000000000000e+01
5.600000000000000000000000000000e+01 1.240000000000000000000000000000e+02 1.922124000000000000000000000000e+06 3.100000000000000000000000000000e+01
5.700000000000000000000000000000e+01 9.100000000000000000000000000000e+01 7.619430000000000000000000000000e+05 3.200000000000000000000000000000e+01
5.800000000000000000000000000000e+01 3.000000000000000000000000000000e+00 3.900000000000000000000000000000e+01 3.300000000000000000000000000000e+01
5.900000000000000000000000000000e+01 3.600000000000000000000000000000e+01 4.798800000000000000000000000000e+04 3.400000000000000000000000000000e+01
6.000000000000000000000000000000e+01 1.000000000000000000000000000000e+00 3.000000000000000000000000000000e+00 3.500000000000000000000000000000e+01
6.100000000000000000000000000000e+01 2.500000000000000000000000000000e+02 1.568775000000000000000000000000e+07 3.600000000000000000000000000000e+01
6.800000000000000000000000000000e+01 3.790000000000000000000000000000e+02 5.458395900000000000000000000000e+07 3.700000000000000000000000000000e+01
7.100000000000000000000000000000e+01 1.400000000000000000000000000000e+01 2.954000000000000000000000000000e+03 3.800000000000000000000000000000e+01
7.200000000000000000000000000000e+01 5.400000000000000000000000000000e+01 1.604340000000000000000000000000e+05 3.900000000000000000000000000000e+01
7.400000000000000000000000000000e+01 1.690000000000000000000000000000e+02 4.855539000000000000000000000000e+06 4.000000000000000000000000000000e+01
7.700000000000000000000000000000e+01 2.380000000000000000000000000000e+02 1.353815400000000000000000000000e+07 4.100000000000000000000000000000e+01
8.000000000000000000000000000000e+01 3.430000000000000000000000000000e+02 4.047159900000000000000000000000e+07 4.200000000000000000000000000000e+01
8.200000000000000000000000000000e+01 2.000000000000000000000000000000e+01 8.420000000000000000000000000000e+03 4.300000000000000000000000000000e+01
8.300000000000000000000000000000e+01 1.390000000000000000000000000000e+02 2.705079000000000000000000000000e+06 4.400000000000000000000000000000e+01
8.700000000000000000000000000000e+01 2.310000000000000000000000000000e+02 1.237998300000000000000000000000e+07 4.500000000000000000000000000000e+01
9.300000000000000000000000000000e+01 3.000000000000000000000000000000e+01 2.793000000000000000000000000000e+04 4.600000000000000000000000000000e+01
9.400000000000000000000000000000e+01 5.300000000000000000000000000000e+01 1.517390000000000000000000000000e+05 4.700000000000000000000000000000e+01
9.700000000000000000000000000000e+01 1.000000000000000000000000000000e+00 3.000000000000000000000000000000e+00 4.800000000000000000000000000000e+01
9.900000000000000000000000000000e+01 8.400000000000000000000000000000e+01 5.998440000000000000000000000000e+05 4.900000000000000000000000000000e+01
1.000000000000000000000000000000e+02 7.700000000000000000000000000000e+01 4.625390000000000000000000000000e+05 5.000000000000000000000000000000e+01
1.010000000000000000000000000000e+02 1.830000000000000000000000000000e+02 6.162159000000000000000000000000e+06 5.100000000000000000000000000000e+01
1.040000000000000000000000000000e+02 3.210000000000000000000000000000e+02 3.317952300000000000000000000000e+07 5.200000000000000000000000000000e+01
1.050000000000000000000000000000e+02 2.500000000000000000000000000000e+01 1.627500000000000000000000000000e+04 5.300000000000000000000000000000e+01
1.080000000000000000000000000000e+02 1.300000000000000000000000000000e+01 2.379000000000000000000000000000e+03 5.400000000000000000000000000000e+01
1.090000000000000000000000000000e+02 3.700000000000000000000000000000e+01 5.205900000000000000000000000000e+04 5.500000000000000000000000000000e+01
1.110000000000000000000000000000e+02 1.740000000000000000000000000000e+02 5.298474000000000000000000000000e+06 5.600000000000000000000000000000e+01
1.120000000000000000000000000000e+02 3.100000000000000000000000000000e+01 3.078300000000000000000000000000e+04 5.700000000000000000000000000000e+01
1.130000000000000000000000000000e+02 1.410000000000000000000000000000e+02 2.823243000000000000000000000000e+06 5.800000000000000000000000000000e+01
1.150000000000000000000000000000e+02 2.940000000000000000000000000000e+02 2.549891400000000000000000000000e+07 5.900000000000000000000000000000e+01
1.170000000000000000000000000000e+02 1.070000000000000000000000000000e+02 1.236599000000000000000000000000e+06 6.000000000000000000000000000000e+01
1.220000000000000000000000000000e+02 3.800000000000000000000000000000e+01 5.635400000000000000000000000000e+04 6.100000000000000000000000000000e+01
1.230000000000000000000000000000e+02 7.700000000000000000000000000000e+01 4.625390000000000000000000000000e+05 6.200000000000000000000000000000e+01
1.280000000000000000000000000000e+02 2.690000000000000000000000000000e+02 1.953773900000000000000000000000e+07 6.300000000000000000000000000000e+01
1.300000000000000000000000000000e+02 9.100000000000000000000000000000e+01 7.619430000000000000000000000000e+05 6.400000000000000000000000000000e+01
1.310000000000000000000000000000e+02 1.100000000000000000000000000000e+01 1.463000000000000000000000000000e+03 6.500000000000000000000000000000e+01
1.340000000000000000000000000000e+02 7.500000000000000000000000000000e+01 4.275750000000000000000000000000e+05 6.600000000000000000000000000000e+01
1.350000000000000000000000000000e+02 1.000000000000000000000000000000e+00 3.000000000000000000000000000000e+00 6.700000000000000000000000000000e+01
1.370000000000000000000000000000e+02 3.150000000000000000000000000000e+02 3.135541500000000000000000000000e+07 6.800000000000000000000000000000e+01
1.380000000000000000000000000000e+02 6.400000000000000000000000000000e+01 2.663040000000000000000000000000e+05 6.900000000000000000000000000000e+01
1.390000000000000000000000000000e+02 2.700000000000000000000000000000e+01 2.043900000000000000000000000000e+04 7.000000000000000000000000000000e+01
1.420000000000000000000000000000e+02 8.000000000000000000000000000000e+00 5.840000000000000000000000000000e+02 7.100000000000000000000000000000e+01
1.430000000000000000000000000000e+02 3.000000000000000000000000000000e+00 3.900000000000000000000000000000e+01 7.200000000000000000000000000000e+01
1.450000000000000000000000000000e+02 2.700000000000000000000000000000e+01 2.043900000000000000000000000000e+04 7.300000000000000000000000000000e+01
1.480000000000000000000000000000e+02 4.600000000000000000000000000000e+01 9.949800000000000000000000000000e+04 7.400000000000000000000000000000e+01
1.490000000000000000000000000000e+02 1.570000000000000000000000000000e+02 3.894699000000000000000000000000e+06 7.500000000000000000000000000000e+01
