3.000000000000000000000000000000e+00 1.230000000000000000000000000000e+02 1.876119000000000000000000000000e+06 0.000000000000000000000000000000e+00
4.000000000000000000000000000000e+00 1.290000000000000000000000000000e+02 2.163459000000000000000000000000e+06 1.000000000000000000000000000000e+00
7.000000000000000000000000000000e+00 2.000000000000000000000000000000e+01 8.420000000000000000000000000000e+03 2.000000000000000000000000000000e+00
9.000000000000000000000000000000e+00 1.730000000000000000000000000000e+02 5.207819000000000000000000000000e+06 3.000000000000000000000000000000e+00
1.000000000000000000000000000000e+01 6.300000000000000000000000000000e+01 2.540790000000000000000000000000e+05 4.000000000000000000000000000000e+00
1.200000000000000000000000000000e+01 1.190000000000000000000000000000e+02 1.699439000000000000000000000000e+06 5.000000000000000000000000000000e+00
1.300000000000000000000000000000e+01 1.000000000000000000000000000000e+00 3.000000000000000000000000000000e+00 6.000000000000000000000000000000e+00
1.600000000000000000000000000000e+01 4.000000000000000000000000000000e+01 6.564000000000000000000000000000e+04 7.000000000000000000000000000000e+00
1.700000000000000000000000000000e+01 6.000000000000000000000000000000e+00 2.580000000000000000000000000000e+02 8.000000000000000000000000000000e+00
1.900000000000000000000000000000e+01 1.410000000000000000000000000000e+02 2.823243000000000000000000000000e+06 9.000000000000000000000000000000e+00
2.300000000000000000000000000000e+01 9.300000000000000000000000000000e+01 8.130990000000000000000000000000e+05 1.000000000000000000000000000000e+01
2.400000000000000000000000000000e+01 1.400000000000000000000000000000e+01 2.954000000000000000000000000000e+03 1.100000000000000000000000000000e+01
2.500000000000000000000000000000e+01 1.200000000000000000000000000000e+01 1.884000000000000000000000000000e+03 1.200000000000000000000000000000e+01
2.800000000000000000000000000000e+01 1.260000000000000000000000000000e+02 2.016378000000000000000000000000e+06 1.300000000000000000000000000000e+01
3.000000000000000000000000000000e+01 1.180000000000000000000000000000e+02 1.657074000000000000000000000000e+06 1.400000000000000000000000000000e+01
3.200000000000000000000000000000e+01 1.100000000000000000000000000000e+02 1.343210000000000000000000000000e+06 1.500000000000000000000000000000e+01
3.300000000000000000000000000000e+01 5.000000000000000000000000000000e+00 1.550000000000000000000000000000e+02 1.600000000000000000000000000000e+01
3.400000000000000000000000000000e+01 1.430000000000000000000000000000e+02 2.944799000000000000000000000000e+06 1.700000000000000000000000000000e+01
3.700000000000000000000000000000e+01 3.400000000000000000000000000000e+01 4.049400000000000000000000000000e+04 1.800000000000000000000000000000e+01
3.900000000000000000000000000000e+01 2.200000000000000000000000000000e+01 1.115400000000000000000000000000e+04 1.900000000000000000000000000000e+01
4.000000000000000000000000000000e+01 4.000000000000000000000000000000e+01 6.564000000000000000000000000000e+04 2.000000000000000000000000000000e+01
4.400000000000000000000000000000e+01 3.600000000000000000000000000000e+01 4.798800000000000000000000000000e+04 2.100000000000000000000000000000e+01
4.500000000000000000000000000000e+01 2.880000000000000000000000000000e+02 2.397110400000000000000000000000e+07 2.200000000000000000000000000000e+01
4.600000000000000000000000000000e+01 5.600000000000000000000000000000e+01 1.788080000000000000000000000000e+05 2.300000000000000000000000000000e+01
4.700000000000000000000000000000e+01 6.100000000000000000000000000000e+01 2.307630000000000000000000000000e+05 2.400000000000000000000000000000e+01
4.800000000000000000000000000000e+01 3.600000000000000000000000000000e+01 4.798800000000000000000000000000e+04 2.500000000000000000000000000000e+01
4.900000000000000000000000000000e+01 5.800000000000000000000000000000e+01 1.985340000000000000000000000000e+05 2.600000000000000000000000000000e+01
5.100000000000000000000000000000e+01 1.630000000000000000000000000000e+02 4.357479000000000000000000000000e+06 2.700000000000000000000000000000e+01
5.300000000000000000000000000000e+01 2.640000000000000000000000000000e+02 1.846970400000000000000000000000e+07 2.800000000000000000000000000000e+01
5.500000000000000000000000000000e+01 9.000000000000000000000000000000e+01 7.371900000000000000000000000000e+05 2.900000000000000000000000000000e+01
5.900000000000000000000000000000e+01 1.210000000000000000000000000000e+02 1.786323000000000000000000000000e+06 3.000000000000000000000000000000e+01
6.100000000000000000000000000000e+01 1.200000000000000000000000000000e+01 1.884000000000000000000000000000e+03 3.100000000000000000000000000000e+01
6.500000000000000000000000000000e+01 8.700000000000000000000000000000e+01 6.661590000000000000000000000000e+05 3.200000000000000000000000000000e+01
6.800000000000000000000000000000e+01 3.500000000000000000000000000000e+01 4.413500000000000000000000000000e+04 3.300000000000000000000000000000e+01
6.900000000000000000000000000000e+01 1.560000000000000000000000000000e+02 3.820908000000000000000000000000e+06 3.400000000000000000000000000000e+01
7.000000000000000000000000000000e+01 3.000000000000000000000000000000e+00 3.900000000000000000000000000000e+01 3.500000000000000000000000000000e+01
7.100000000000000000000000000000e+01 2.000000000000000000000000000000e+00 1.400000000000000000000000000000e+01 3.600000000000000000000000000000e+01
7.400000000000000000000000000000e+01 1.470000000000000000000000000000e+02 3.198279000000000000000000000000e+06 3.700000000000000000000000000000e+01
7.500000000000000000000000000000e+01 1.380000000000000000000000000000e+02 2.647254000000000000000000000000e+06 3.800000000000000000000000000000e+01
7.800000000000000000000000000000e+01 4.100000000000000000000000000000e+02 6.908951000000000000000000000000e+07 3.900000000000000000000000000000e+01
7.900000000000000000000000000000e+01 5.300000000000000000000000000000e+01 1.517390000000000000000000000000e+05 4.000000000000000000000000000000e+01
8.000000000000000000000000000000e+01 1.700000000000000000000000000000e+01 5.219000000000000000000000000000e+03 4.100000000000000000000000000000e+01
8.200000000000000000000000000000e+01 1.030000000000000000000000000000e+02 1.103439000000000000000000000000e+06 4.200000000000000000000000000000e+01
8.300000000000000000000000000000e+01 7.000000000000000000000000000000e+00 3.990000000000000000000000000000e+02 4.300000000000000000000000000000e+01
8.500000000000000000000000000000e+01 2.200000000000000000000000000000e+02 1.069662000000000000000000000000e+07 4.400000000000000000000000000000e+01
8.600000000000000000000000000000e+01 6.600000000000000000000000000000e+01 2.919180000000000000000000000000e+05 4.500000000000000000000000000000e+01
8.900000000000000000000000000000e+01 2.100000000000000000000000000000e+01 9.723000000000000000000000000000e+03 4.600000000000000000000000000000e+01
9.200000000000000000000000000000e+01 2.300000000000000000000000000000e+01 1.271900000000000000000000000000e+04 4.700000000000000000000000000000e+01
9.300000000000000000000000000000e+01 2.530000000000000000000000000000e+02 1.625853900000000000000000000000e+07 4.800000000000000000000000000000e+01
9.400000000000000000000000000000e+01 5.300000000000000000000000000000e+01 1.517390000000000000000000000000e+05 4.900000000000000000000000000000e+01
9.500000000000000000000000000000e+01 2.300000000000000000000000000000e+01 1.271900000000000000000000000000e+04 5.000000000000000000000000000000e+01
9.600000000000000000000000000000e+01 1.230000000000000000000000000000e+02 1.876119000000000000000000000000e+06 5.100000000000000000000000000000e+01
9.800000000000000000000000000000e+01 3.500000000000000000000000000000e+01 4.413500000000000000000000000000e+04 5.200000000000000000000000000000e+01
1.080000000000000000000000000000e+02 7.500000000000000000000000000000e+01 4.275750000000000000000000000000e+05 5.300000000000000000000000000000e+01
1.100000000000000000000000000000e+02 1.390000000000000000000000000000e+02 2.705079000000000000000000000000e+06 5.400000000000000000000000000000e+01
1.140000000000000000000000000000e+02 2.000000000000000000000000000000e+00 1.400000000000000000000000000000e+01 5.500000000000000000000000000000e+01
1.150000000000000000000000000000e+02 1.670000000000000000000000000000e+02 4.685519000000000000000000000000e+06 5.600000000000000000000000000000e+01
1.170000000000000000000000000000e+02 3.600000000000000000000000000000e+02 4.678596000000000000000000000000e+07 5.700000000000000000000000000000e+01
1.180000000000000000000000000000e+02 5.600000000000000000000000000000e+01 1.788080000000000000000000000000e+05 5.800000000000000000000000000000e+01
1.200000000000000000000000000000e+02 1.960000000000000000000000000000e+02 7.568148000000000000000000000000e+06 5.900000000000000000000000000000e+01
1.210000000000000000000000000000e+02 8.100000000000000000000000000000e+01 5.380830000000000000000000000000e+05 6.000000000000000000000000000000e+01
1.220000000000000000000000000000e+02 5.700000000000000000000000000000e+01 1.884990000000000000000000000000e+05 6.100000000000000000000000000000e+01
1.250000000000000000000000000000e+02 5.600000000000000000000000000000e+01 1.788080000000000000000000000000e+05 6.200000000000000000000000000000e+01
1.310000000000000000000000000000e+02 2.060000000000000000000000000000e+02 8.784458000000000000000000000000e+06 6.300000000000000000000000000000e+01
1.320000000000000000000000000000e+02 2.400000000000000000000000000000e+01 1.442400000000000000000000000000e+04 6.400000000000000000000000000000e+01
1.350000000000000000000000000000e+02 5.250000000000000000000000000000e+02 1.449792750000000000000000000000e+08 6.500000000000000000000000000000e+01
1.360000000000000000000000000000e+02 1.230000000000000000000000000000e+02 1.876119000000000000000000000000e+06 6.600000000000000000000000000000e+01
1.370000000000000000000000000000e+02 5.000000000000000000000000000000e+00 1.550000000000000000000000000000e+02 6.700000000000000000000000000000e+01
1.390000000000000000000000000000e+02 1.000000000000000000000000000000e+00 3.000000000000000000000000000000e+00 6.800000000000000000000000000000e+01
1.410000000000000000000000000000e+02 8.400000000000000000000000000000e+01 5.998440000000000000000000000000e+05 6.900000000000000000000000000000e+01
1.430000000000000000000000000000e+02 2.900000000000000000000000000000e+01 2.525900000000000000000000000000e+04 7.000000000000000000000000000000e+01
1.440000000000000000000000000000e+02 4.000000000000000000000000000000e+00 8.400000000000000000000000000000e+01 7.100000000000000000000000000000e+01
1.460000000000000000000000000000e+02 1.500000000000000000000000000000e+01 3.615000000000000000000000000000e+03 7.200000000000000000000000000000e+01
1.470000000000000000000000000000e+02 5.000000000000000000000000000000e+01 1.275500000000000000000000000000e+05 7.300000000000000000000000000000e+01
