1.000000000000000000000000000000e+00 5.000000000000000000000000000000e+00 1.550000000000000000000000000000e+02 0.000000000000000000000000000000e+00
2.000000000000000000000000000000e+00 9.000000000000000000000000000000e+01 7.371900000000000000000000000000e+05 1.000000000000000000000000000000e+00
4.000000000000000000000000000000e+00 1.120000000000000000000000000000e+02 1.417584000000000000000000000000e+06 2.000000000000000000000000000000e+00
7.000000000000000000000000000000e+00 4.800000000000000000000000000000e+01 1.129440000000000000000000000000e+05 3.000000000000000000000000000000e+00
8.000000000000000000000000000000e+00 2.550000000000000000000000000000e+02 1.664665500000000000000000000000e+07 4.000000000000000000000000000000e+00
1.100000000000000000000000000000e+01 2.600000000000000000000000000000e+01 1.827800000000000000000000000000e+04 5.000000000000000000000000000000e+00
1.200000000000000000000000000000e+01 6.400000000000000000000000000000e+01 2.663040000000000000000000000000e+05 6.000000000000000000000000000000e+00
1.400000000000000000000000000000e+01 6.000000000000000000000000000000e+00 2.580000000000000000000000000000e+02 7.000000000000000000000000000000e+00
1.500000000000000000000000000000e+01 4.800000000000000000000000000000e+01 1.129440000000000000000000000000e+05 8.000000000000000000000000000000e+00
1.700000000000000000000000000000e+01 1.520000000000000000000000000000e+02 3.535064000000000000000000000000e+06 9.000000000000000000000000000000e+00
1.800000000000000000000000000000e+01 8.300000000000000000000000000000e+01 5.787590000000000000000000000000e+05 1.000000000000000000000000000000e+01
2.100000000000000000000000000000e+01 2.900000000000000000000000000000e+01 2.525900000000000000000000000000e+04 1.100000000000000000000000000000e+01
2.300000000000000000000000000000e+01 3.300000000000000000000000000000e+01 3.705900000000000000000000000000e+04 1.200000000000000000000000000000e+01
2.500000000000000000000000000000e+01 5.000000000000000000000000000000e+00 1.550000000000000000000000000000e+02 1.300000000000000000000000000000e+01
2.700000000000000000000000000000e+01 3.000000000000000000000000000000e+00 3.900000000000000000000000000000e+01 1.400000000000000000000000000000e+01
3.800000000000000000000000000000e+01 3.200000000000000000000000000000e+01 3.382400000000000000000000000000e+04 1.500000000000000000000000000000e+01
3.900000000000000000000000000000e+01 1.000000000000000000000000000000e+00 3.000000000000000000000000000000e+00 1.600000000000000000000000000000e+01
4.100000000000000000000000000000e+01 6.600000000000000000000000000000e+01 2.919180000000000000000000000000e+05 1.700000000000000000000000000000e+01
4.200000000000000000000000000000e+01 2.500000000000000000000000000000e+02 1.568775000000000000000000000000e+07 1.800000000000000000000000000000e+01
4.700000000000000000000000000000e+01 2.000000000000000000000000000000e+01 8.420000000000000000000000000000e+03 1.900000000000000000000000000000e+01
5.000000000000000000000000000000e+01 4.500000000000000000000000000000e+01 9.319500000000000000000000000000e+04 2.000000000000000000000000000000e+01
5.100000000000000000000000000000e+01 4.600000000000000000000000000000e+01 9.949800000000000000000000000000e+04 2.100000000000000000000000000000e+01
5.300000000000000000000000000000e+01 1.620000000000000000000000000000e+02 4.277934000000000000000000000000e+06 2.200000000000000000000000000000e+01
5.600000000000000000000000000000e+01 7.400000000000000000000000000000e+01 4.107740000000000000000000000000e+05 2.300000000000000000000000000000e+01
5.700000000000000000000000000000e+01 2.460000000000000000000000000000e+02 1.494769800000000000000000000000e+07 2.400000000000000000000000000000e+01
5.800000000000000000000000000000e+01 1.870000000000000000000000000000e+02 6.574359000000000000000000000000e+06 2.500000000000000000000000000000e+01
5.900000000000000000000000000000e+01 2.000000000000000000000000000000e+01 8.420000000000000000000000000000e+03 2.600000000000000000000000000000e+01
6.200000000000000000000000000000e+01 3.470000000000000000000000000000e+02 4.190267900000000000000000000000e+07 2.700000000000000000000000000000e+01
6.300000000000000000000000000000e+01 1.630000000000000000000000000000e+02 4.357479000000000000000000000000e+06 2.800000000000000000000000000000e+01
6.500000000000000000000000000000e+01 3.000000000000000000000000000000e+01 2.793000000000000000000000000000e+04 2.900000000000000000000000000000e+01
6.600000000000000000000000000000e+01 1.760000000000000000000000000000e+02 5.482928000000000000000000000000e+06 3.000000000000000000000000000000e+01
6.700000000000000000000000000000e+01 7.700000000000000000000000000000e+01 4.625390000000000000000000000000e+05 3.100000000000000000000000000000e+01
6.900000000000000000000000000000e+01 4.100000000000000000000000000000e+01 7.064300000000000000000000000000e+04 3.200000000000000000000000000000e+01
7.000000000000000000000000000000e+01 4.300000000000000000000000000000e+01 8.139900000000000000000000000000e+04 3.300000000000000000000000000000e+01
7.100000000000000000000000000000e+01 3.000000000000000000000000000000e+00 3.900000000000000000000000000000e+01 3.400000000000000000000000000000e+01
7.200000000000000000000000000000e+01 6.600000000000000000000000000000e+01 2.919180000000000000000000000000e+05 3.500000000000000000000000000000e+01
7.400000000000000000000000000000e+01 1.260000000000000000000000000000e+02 2.016378000000000000000000000000e+06 3.600000000000000000000000000000e+01
7.600000000000000000000000000000e+01 1.350000000000000000000000000000e+02 2.478735000000000000000000000000e+06 3.700000000000000000000000000000e+01
7.700000000000000000000000000000e+01 3.800000000000000000000000000000e+01 5.635400000000000000000000000000e+04 3.800000000000000000000000000000e+01
7.800000000000000000000000000000e+01 3.700000000000000000000000000000e+01 5.205900000000000000000000000000e+04 3.900000000000000000000000000000e+01
7.900000000000000000000000000000e+01 3.300000000000000000000000000000e+01 3.705900000000000000000000000000e+04 4.000000000000000000000000000000e+01
8.100000000000000000000000000000e+01 1.150000000000000000000000000000e+02 1.534215000000000000000000000000e+06 4.100000000000000000000000000000e+01
8.300000000000000000000000000000e+01 5.900000000000000000000000000000e+01 2.089190000000000000000000000000e+05 4.200000000000000000000000000000e+01
8.600000000000000000000000000000e+01 3.000000000000000000000000000000e+01 2.793000000000000000000000000000e+04 4.300000000000000000000000000000e+01
8.900000000000000000000000000000e+01 2.500000000000000000000000000000e+01 1.627500000000000000000000000000e+04 4.400000000000000000000000000000e+01
9.000000000000000000000000000000e+01 4.050000000000000000000000000000e+02 6.659455500000000000000000000000e+07 4.500000000000000000000000000000e+01
9.100000000000000000000000000000e+01 7.080000000000000000000000000000e+02 3.553968840000000000000000000000e+08 4.600000000000000000000000000000e+01
9.200000000000000000000000000000e+01 3.700000000000000000000000000000e+01 5.205900000000000000000000000000e+04 4.700000000000000000000000000000e+01
9.400000000000000000000000000000e+01 1.230000000000000000000000000000e+02 1.876119000000000000000000000000e+06 4.800000000000000000000000000000e+01
9.600000000000000000000000000000e+01 4.400000000000000000000000000000e+01 8.716400000000000000000000000000e+04 4.900000000000000000000000000000e+01
9.700000000000000000000000000000e+01 2.440000000000000000000000000000e+02 1.458656400000000000000000000000e+07 5.000000000000000000000000000000e+01
1.010000000000000000000000000000e+02 1.800000000000000000000000000000e+01 6.174000000000000000000000000000e+03 5.100000000000000000000000000000e+01
1.020000000000000000000000000000e+02 3.800000000000000000000000000000e+01 5.635400000000000000000000000000e+04 5.200000000000000000000000000000e+01
1.030000000000000000000000000000e+02 1.800000000000000000000000000000e+01 6.174000000000000000000000000000e+03 5.300000000000000000000000000000e+01
1.040000000000000000000000000000e+02 1.260000000000000000000000000000e+02 2.016378000000000000000000000000e+06 5.400000000000000000000000000000e+01
1.080000000000000000000000000000e+02 1.100000000000000000000000000000e+01 1.463000000000000000000000000000e+03 5.500000000000000000000000000000e+01
1.140000000000000000000000000000e+02 3.100000000000000000000000000000e+01 3.078300000000000000000000000000e+04 5.600000000000000000000000000000e+01
1.150000000000000000000000000000e+02 9.000000000000000000000000000000e+00 8.190000000000000000000000000000e+02 5.700000000000000000000000000000e+01
1.160000000000000000000000000000e+02 1.060000000000000000000000000000e+02 1.202358000000000000000000000000e+06 5.800000000000000000000000000000e+01
1.190000000000000000000000000000e+02 6.700000000000000000000000000000e+01 3.053190000000000000000000000000e+05 5.900000000000000000000000000000e+01
1.200000000000000000000000000000e+02 8.900000000000000000000000000000e+01 7.129790000000000000000000000000e+05 6.000000000000000000000000000000e+01
1.220000000000000000000000000000e+02 1.700000000000000000000000000000e+01 5.219000000000000000000000000000e+03 6.100000000000000000000000000000e+01
1.230000000000000000000000000000e+02 2.500000000000000000000000000000e+01 1.627500000000000000000000000000e+04 6.200000000000000000000000000000e+01
1.250000000000000000000000000000e+02 7.200000000000000000000000000000e+01 3.785040000000000000000000000000e+05 6.300000000000000000000000000000e+01
1.290000000000000000000000000000e+02 9.500000000000000000000000000000e+01 8.664950000000000000000000000000e+05 6.400000000000000000000000000000e+01
1.310000000000000000000000000000e+02 2.050000000000000000000000000000e+02 8.657355000000000000000000000000e+06 6.500000000000000000000000000000e+01
1.320000000000000000000000000000e+02 6.000000000000000000000000000000e+01 2.196600000000000000000000000000e+05 6.600000000000000000000000000000e+01
1.330000000000000000000000000000e+02 4.000000000000000000000000000000e+00 8.400000000000000000000000000000e+01 6.700000000000000000000000000000e+01
1.350000000000000000000000000000e+02 4.000000000000000000000000000000e+00 8.400000000000000000000000000000e+01 6.800000000000000000000000000000e+01
1.360000000000000000000000000000e+02 3.010000000000000000000000000000e+02 2.736180300000000000000000000000e+07 6.900000000000000000000000000000e+01
1.370000000000000000000000000000e+02 1.100000000000000000000000000000e+01 1.463000000000000000000000000000e+03 7.000000000000000000000000000000e+01
1.380000000000000000000000000000e+02 1.380000000000000000000000000000e+02 2.647254000000000000000000000000e+06 7.100000000000000000000000000000e+01
1.410000000000000000000000000000e+02 5.900000000000000000000000000000e+01 2.089190000000000000000000000000e+05 7.200000000000000000000000000000e+01
1.430000000000000000000000000000e+02 1.060000000000000000000000000000e+02 1.202358000000000000000000000000e+06 7.300000000000000000000000000000e+01
1.440000000000000000000000000000e+02 8.000000000000000000000000000000e+01 5.184800000000000000000000000000e+05 7.400000000000000000000000000000e+01
1.450000000000000000000000000000e+02 1.200000000000000000000000000000e+01 1.884000000000000000000000000000e+03 7.500000000000000000000000000000e+01
1.460000000000000000000000000000e+02 3.840000000000000000000000000000e+02 5.677094400000000000000000000000e+07 7.600000000000000000000000000000e+01
1.480000000000000000000000000000e+02 8.500000000000000000000000000000e+01 6.214350000000000000000000000000e+05 7.700000000000000000000000000000e+01
1.490000000000000000000000000000e+02 6.700000000000000000000000000000e+01 3.053190000000000000000000000000e+05 7.800000000000000000000000000000e+01
