0.000000000000000000000000000000e+00 3.600000000000000000000000000000e+01 4.798800000000000000000000000000e+04 0.000000000000000000000000000000e+00
3.000000000000000000000000000000e+00 5.600000000000000000000000000000e+01 1.788080000000000000000000000000e+05 1.000000000000000000000000000000e+00
4.000000000000000000000000000000e+00 2.600000000000000000000000000000e+01 1.827800000000000000000000000000e+04 2.000000000000000000000000000000e+00
7.000000000000000000000000000000e+00 3.400000000000000000000000000000e+01 4.049400000000000000000000000000e+04 3.000000000000000000000000000000e+00
9.000000000000000000000000000000e+00 3.520000000000000000000000000000e+02 4.373846400000000000000000000000e+07 4.000000000000000000000000000000e+00
1.100000000000000000000000000000e+01 6.300000000000000000000000000000e+01 2.540790000000000000000000000000e+05 5.000000000000000000000000000000e+00
1.300000000000000000000000000000e+01 1.510000000000000000000000000000e+02 3.465903000000000000000000000000e+06 6.000000000000000000000000000000e+00
1.400000000000000000000000000000e+01 1.090000000000000000000000000000e+02 1.307019000000000000000000000000e+06 7.000000000000000000000000000000e+00
1.700000000000000000000000000000e+01 2.400000000000000000000000000000e+01 1.442400000000000000000000000000e+04 8.000000000000000000000000000000e+00
2.000000000000000000000000000000e+01 5.700000000000000000000000000000e+01 1.884990000000000000000000000000e+05 9.000000000000000000000000000000e+00
2.100000000000000000000000000000e+01 3.300000000000000000000000000000e+01 3.705900000000000000000000000000e+04 1.000000000000000000000000000000e+01
2.200000000000000000000000000000e+01 3.000000000000000000000000000000e+00 3.900000000000000000000000000000e+01 1.100000000000000000000000000000e+01
2.400000000000000000000000000000e+01 2.170000000000000000000000000000e+02 1.026561900000000000000000000000e+07 1.200000000000000000000000000000e+01
2.500000000000000000000000000000e+01 7.000000000000000000000000000000e+00 3.990000000000000000000000000000e+02 1.300000000000000000000000000000e+01
2.600000000000000000000000000000e+01 1.440000000000000000000000000000e+02 3.006864000000000000000000000000e+06 1.400000000000000000000000000000e+01
2.800000000000000000000000000000e+01 2.010000000000000000000000000000e+02 8.161203000000000000000000000000e+06 1.500000000000000000000000000000e+01
2.900000000000000000000000000000e+01 9.000000000000000000000000000000e+00 8.190000000000000000000000000000e+02 1.600000000000000000000000000000e+01
3.000000000000000000000000000000e+01 5.000000000000000000000000000000e+00 1.550000000000000000000000000000e+02 1.700000000000000000000000000000e+01
3.100000000000000000000000000000e+01 1.480000000000000000000000000000e+02 3.263844000000000000000000000000e+06 1.800000000000000000000000000000e+01
3.300000000000000000000000000000e+01 5.300000000000000000000000000000e+01 1.517390000000000000000000000000e+05 1.900000000000000000000000000000e+01
4.200000000000000000000000000000e+01 2.110000000000000000000000000000e+02 9.438663000000000000000000000000e+06 2.000000000000000000000000000000e+01
4.800000000000000000000000000000e+01 1.310000000000000000000000000000e+02 2.265383000000000000000000000000e+06 2.100000000000000000000000000000e+01
4.900000000000000000000000000000e+01 7.100000000000000000000000000000e+01 3.630230000000000000000000000000e+05 2.200000000000000000000000000000e+01
5.300000000000000000000000000000e+01 3.250000000000000000000000000000e+02 3.443407500000000000000000000000e+07 2.300000000000000000000000000000e+01
5.500000000000000000000000000000e+01 9.400000000000000000000000000000e+01 8.395140000000000000000000000000e+05 2.400000000000000000000000000000e+01
5.700000000000000000000000000000e+01 1.700000000000000000000000000000e+01 5.219000000000000000000000000000e+03 2.500000000000000000000000000000e+01
5.900000000000000000000000000000e+01 3.400000000000000000000000000000e+01 4.049400000000000000000000000000e+04 2.600000000000000000000000000000e+01
6.100000000000000000000000000000e+01 9.000000000000000000000000000000e+01 7.371900000000000000000000000000e+05 2.700000000000000000000000000000e+01
6.400000000000000000000000000000e+01 1.200000000000000000000000000000e+01 1.884000000000000000000000000000e+03 2.800000000000000000000000000000e+01
6.500000000000000000000000000000e+01 2.310000000000000000000000000000e+02 1.237998300000000000000000000000e+07 2.900000000000000000000000000000e+01
6.900000000000000000000000000000e+01 8.400000000000000000000000000000e+01 5.998440000000000000000000000000e+05 3.000000000000000000000000000000e+01
7.100000000000000000000000000000e+01 2.000000000000000000000000000000e+00 1.400000000000000000000000000000e+01 3.100000000000000000000000000000e+01
7.900000000000000000000000000000e+01 2.800000000000000000000000000000e+01 2.276400000000000000000000000000e+04 3.200000000000000000000000000000e+01
8.100000000000000000000000000000e+01 2.000000000000000000000000000000e+00 1.400000000000000000000000000000e+01 3.300000000000000000000000000000e+01
8.300000000000000000000000000000e+01 2.790000000000000000000000000000e+02 2.179575900000000000000000000000e+07 3.400000000000000000000000000000e+01
8.500000000000000000000000000000e+01 3.000000000000000000000000000000e+01 2.793000000000000000000000000000e+04 3.500000000000000000000000000000e+01
8.800000000000000000000000000000e+01 5.100000000000000000000000000000e+01 1.353030000000000000000000000000e+05 3.600000000000000000000000000000e+01
8.900000000000000000000000000000e+01 1.940000000000000000000000000000e+02 7.339214000000000000000000000000e+06 3.700000000000000000000000000000e+01
9.300000000000000000000000000000e+01 3.000000000000000000000000000000e+01 2.793000000000000000000000000000e+04 3.800000000000000000000000000000e+01
9.400000000000000000000000000000e+01 9.200000000000000000000000000000e+01 7.872440000000000000000000000000e+05 3.900000000000000000000000000000e+01
1.000000000000000000000000000000e+02 4.880000000000000000000000000000e+02 1.164529040000000000000000000000e+08 4.000000000000000000000000000000e+01
1.030000000000000000000000000000e+02 1.000000000000000000000000000000e+01 1.110000000000000000000000000000e+03 4.100000000000000000000000000000e+01
1.050000000000000000000000000000e+02 3.000000000000000000000000000000e+00 3.900000000000000000000000000000e+01 4.200000000000000000000000000000e+01
1.080000000000000000000000000000e+02 1.020000000000000000000000000000e+02 1.071714000000000000000000000000e+06 4.300000000000000000000000000000e+01
1.090000000000000000000000000000e+02 3.500000000000000000000000000000e+01 4.413500000000000000000000000000e+04 4.400000000000000000000000000000e+01
1.120000000000000000000000000000e+02 3.300000000000000000000000000000e+01 3.705900000000000000000000000000e+04 4.500000000000000000000000000000e+01
1.160000000000000000000000000000e+02 4.300000000000000000000000000000e+01 8.139900000000000000000000000000e+04 4.600000000000000000000000000000e+01
1.170000000000000000000000000000e+02 1.350000000000000000000000000000e+02 2.478735000000000000000000000000e+06 4.700000000000000000000000000000e+01
1.190000000000000000000000000000e+02 2.800000000000000000000000000000e+01 2.276400000000000000000000000000e+04 4.800000000000000000000000000000e+01
1.200000000000000000000000000000e+02 1.000000000000000000000000000000e+01 1.110000000000000000000000000000e+03 4.900000000000000000000000000000e+01
1.250000000000000000000000000000e+02 1.080000000000000000000000000000e+02 1.271484000000000000000000000000e+06 5.000000000000000000000000000000e+01
1.260000000000000000000000000000e+02 5.000000000000000000000000000000e+01 1.275500000000000000000000000000e+05 5.100000000000000000000000000000e+01
1.270000000000000000000000000000e+02 7.810000000000000000000000000000e+02 4.769902830000000000000000000000e+08 5.200000000000000000000000000000e+01
1.290000000000000000000000000000e+02 1.580000000000000000000000000000e+02 3.969434000000000000000000000000e+06 5.300000000000000000000000000000e+01
1.320000000000000000000000000000e+02 2.170000000000000000000000000000e+02 1.026561900000000000000000000000e+07 5.400000000000000000000000000000e+01
1.340000000000000000000000000000e+02 3.000000000000000000000000000000e+00 3.900000000000000000000000000000e+01 5.500000000000000000000000000000e+01
1.350000000000000000000000000000e+02 3.500000000000000000000000000000e+01 4.413500000000000000000000000000e+04 5.600000000000000000000000000000e+01
1.360000000000000000000000000000e+02 1.100000000000000000000000000000e+01 1.463000000000000000000000000000e+03 5.700000000000000000000000000000e+01
1.440000000000000000000000000000e+02 2.200000000000000000000000000000e+01 1.115400000000000000000000000000e+04 5.800000000000000000000000000000e+01
1.450000000000000000000000000000e+02 3.700000000000000000000000000000e+01 5.205900000000000000000000000000e+04 5.900000000000000000000000000000e+01
1.460000000000000000000000000000e+02 8.200000000000000000000000000000e+01 5.581740000000000000000000000000e+05 6.000000000000000000000000000000e+01
1.480000000000000000000000000000e+02 2.800000000000000000000000000000e+01 2.276400000000000000000000000000e+04 6.100000000000000000000000000000e+01
