1.000000000000000000000000000000e+00 3.440000000000000000000000000000e+02 4.082626400000000000000000000000e+07 0.000000000000000000000000000000e+00
3.000000000000000000000000000000e+00 1.680000000000000000000000000000e+02 4.770024000000000000000000000000e+06 1.000000000000000000000000000000e+00
4.000000000000000000000000000000e+00 8.500000000000000000000000000000e+01 6.214350000000000000000000000000e+05 2.000000000000000000000000000000e+00
6.000000000000000000000000000000e+00 9.500000000000000000000000000000e+01 8.664950000000000000000000000000e+05 3.000000000000000000000000000000e+00
7.000000000000000000000000000000e+00 1.700000000000000000000000000000e+01 5.219000000000000000000000000000e+03 4.000000000000000000000000000000e+00
8.000000000000000000000000000000e+00 2.540000000000000000000000000000e+02 1.645183400000000000000000000000e+07 5.000000000000000000000000000000e+00
9.000000000000000000000000000000e+00 3.000000000000000000000000000000e+01 2.793000000000000000000000000000e+04 6.000000000000000000000000000000e+00
1.100000000000000000000000000000e+01 1.480000000000000000000000000000e+02 3.263844000000000000000000000000e+06 7.000000000000000000000000000000e+00
1.200000000000000000000000000000e+01 8.300000000000000000000000000000e+01 5.787590000000000000000000000000e+05 8.000000000000000000000000000000e+00
1.400000000000000000000000000000e+01 8.000000000000000000000000000000e+00 5.840000000000000000000000000000e+02 9.000000000000000000000000000000e+00
1.500000000000000000000000000000e+01 7.400000000000000000000000000000e+01 4.107740000000000000000000000000e+05 1.000000000000000000000000000000e+01
1.600000000000000000000000000000e+01 5.000000000000000000000000000000e+00 1.550000000000000000000000000000e+02 1.100000000000000000000000000000e+01
2.000000000000000000000000000000e+01 8.200000000000000000000000000000e+01 5.581740000000000000000000000000e+05 1.200000000000000000000000000000e+01
2.200000000000000000000000000000e+01 8.900000000000000000000000000000e+01 7.129790000000000000000000000000e+05 1.300000000000000000000000000000e+01
2.700000000000000000000000000000e+01 3.800000000000000000000000000000e+01 5.635400000000000000000000000000e+04 1.400000000000000000000000000000e+01
2.900000000000000000000000000000e+01 2.750000000000000000000000000000e+02 2.087277500000000000000000000000e+07 1.500000000000000000000000000000e+01
3.200000000000000000000000000000e+01 1.490000000000000000000000000000e+02 3.330299000000000000000000000000e+06 1.600000000000000000000000000000e+01
3.300000000000000000000000000000e+01 1.500000000000000000000000000000e+01 3.615000000000000000000000000000e+03 1.700000000000000000000000000000e+01
3.400000000000000000000000000000e+01 5.000000000000000000000000000000e+00 1.550000000000000000000000000000e+02 1.800000000000000000000000000000e+01
3.700000000000000000000000000000e+01 6.000000000000000000000000000000e+00 2.580000000000000000000000000000e+02 1.900000000000000000000000000000e+01
3.800000000000000000000000000000e+01 1.320000000000000000000000000000e+02 2.317524000000000000000000000000e+06 2.000000000000000000000000000000e+01
3.900000000000000000000000000000e+01 1.000000000000000000000000000000e+01 1.110000000000000000000000000000e+03 2.100000000000000000000000000000e+01
4.000000000000000000000000000000e+01 1.320000000000000000000000000000e+02 2.317524000000000000000000000000e+06 2.200000000000000000000000000000e+01
4.200000000000000000000000000000e+01 5.000000000000000000000000000000e+01 1.275500000000000000000000000000e+05 2.300000000000000000000000000000e+01
4.300000000000000000000000000000e+01 4.700000000000000000000000000000e+01 1.060790000000000000000000000000e+05 2.400000000000000000000000000000e+01
4.600000000000000000000000000000e+01 5.000000000000000000000000000000e+01 1.275500000000000000000000000000e+05 2.500000000000000000000000000000e+01
4.800000000000000000000000000000e+01 2.000000000000000000000000000000e+00 1.400000000000000000000000000000e+01 2.600000000000000000000000000000e+01
4.900000000000000000000000000000e+01 2.330000000000000000000000000000e+02 1.270385900000000000000000000000e+07 2.700000000000000000000000000000e+01
5.000000000000000000000000000000e+01 1.500000000000000000000000000000e+01 3.615000000000000000000000000000e+03 2.800000000000000000000000000000e+01
5.200000000000000000000000000000e+01 7.500000000000000000000000000000e+01 4.275750000000000000000000000000e+05 2.900000000000000000000000000000e+01
5.400000000000000000000000000000e+01 2.230000000000000000000000000000e+02 1.113951900000000000000000000000e+07 3.000000000000000000000000000000e+01
5.500000000000000000000000000000e+01 1.510000000000000000000000000000e+02 3.465903000000000000000000000000e+06 3.100000000000000000000000000000e+01
5.600000000000000000000000000000e+01 8.200000000000000000000000000000e+01 5.581740000000000000000000000000e+05 3.200000000000000000000000000000e+01
5.900000000000000000000000000000e+01 3.600000000000000000000000000000e+01 4.798800000000000000000000000000e+04 3.300000000000000000000000000000e+01
6.100000000000000000000000000000e+01 9.400000000000000000000000000000e+01 8.395140000000000000000000000000e+05 3.400000000000000000000000000000e+01
6.200000000000000000000000000000e+01 4.000000000000000000000000000000e+01 6.564000000000000000000000000000e+04 3.500000000000000000000000000000e+01
6.300000000000000000000000000000e+01 9.000000000000000000000000000000e+00 8.190000000000000000000000000000e+02 3.600000000000000000000000000000e+01
6.800000000000000000000000000000e+01 1.290000000000000000000000000000e+02 2.163459000000000000000000000000e+06 3.700000000000000000000000000000e+01
6.900000000000000000000000000000e+01 6.800000000000000000000000000000e+01 3.191240000000000000000000000000e+05 3.800000000000000000000000000000e+01
7.000000000000000000000000000000e+01 8.900000000000000000000000000000e+01 7.129790000000000000000000000000e+05 3.900000000000000000000000000000e+01
7.100000000000000000000000000000e+01 3.500000000000000000000000000000e+01 4.413500000000000000000000000000e+04 4.000000000000000000000000000000e+01
7.200000000000000000000000000000e+01 2.570000000000000000000000000000e+02 1.704089900000000000000000000000e+07 4.100000000000000000000000000000e+01
7.300000000000000000000000000000e+01 1.060000000000000000000000000000e+02 1.202358000000000000000000000000e+06 4.200000000000000000000000000000e+01
7.400000000000000000000000000000e+01 3.100000000000000000000000000000e+01 3.078300000000000000000000000000e+04 4.300000000000000000000000000000e+01
7.700000000000000000000000000000e+01 1.500000000000000000000000000000e+01 3.615000000000000000000000000000e+03 4.400000000000000000000000000000e+01
8.000000000000000000000000000000e+01 1.040000000000000000000000000000e+02 1.135784000000000000000000000000e+06 4.500000000000000000000000000000e+01
8.100000000000000000000000000000e+01 3.800000000000000000000000000000e+01 5.635400000000000000000000000000e+04 4.600000000000000000000000000000e+01
8.400000000000000000000000000000e+01 3.010000000000000000000000000000e+02 2.736180300000000000000000000000e+07 4.700000000000000000000000000000e+01
8.700000000000000000000000000000e+01 3.950000000000000000000000000000e+02 6.178629500000000000000000000000e+07 4.800000000000000000000000000000e+01
8.800000000000000000000000000000e+01 1.380000000000000000000000000000e+02 2.647254000000000000000000000000e+06 4.900000000000000000000000000000e+01
8.900000000000000000000000000000e+01 1.690000000000000000000000000000e+02 4.855539000000000000000000000000e+06 5.000000000000000000000000000000e+01
9.000000000000000000000000000000e+01 3.120000000000000000000000000000e+02 3.046898400000000000000000000000e+07 5.100000000000000000000000000000e+01
9.300000000000000000000000000000e+01 6.500000000000000000000000000000e+01 2.789150000000000000000000000000e+05 5.200000000000000000000000000000e+01
9.500000000000000000000000000000e+01 4.310000000000000000000000000000e+02 8.024918300000000000000000000000e+07 5.300000000000000000000000000000e+01
9.800000000000000000000000000000e+01 1.060000000000000000000000000000e+02 1.202358000000000000000000000000e+06 5.400000000000000000000000000000e+01
9.900000000000000000000000000000e+01 5.400000000000000000000000000000e+01 1.604340000000000000000000000000e+05 5.500000000000000000000000000000e+01
1.000000000000000000000000000000e+02 2.860000000000000000000000000000e+02 2.347573800000000000000000000000e+07 5.600000000000000000000000000000e+01
1.030000000000000000000000000000e+02 2.400000000000000000000000000000e+01 1.442400000000000000000000000000e+04 5.700000000000000000000000000000e+01
1.060000000000000000000000000000e+02 2.400000000000000000000000000000e+01 1.442400000000000000000000000000e+04 5.800000000000000000000000000000e+01
1.070000000000000000000000000000e+02 1.900000000000000000000000000000e+01 7.239000000000000000000000000000e+03 5.900000000000000000000000000000e+01
1.090000000000000000000000000000e+02 1.010000000000000000000000000000e+02 1.040603000000000000000000000000e+06 6.000000000000000000000000000000e+01
1.110000000000000000000000000000e+02 7.600000000000000000000000000000e+01 4.448280000000000000000000000000e+05 6.100000000000000000000000000000e+01
1.120000000000000000000000000000e+02 2.500000000000000000000000000000e+01 1.627500000000000000000000000000e+04 6.200000000000000000000000000000e+01
1.140000000000000000000000000000e+02 3.800000000000000000000000000000e+01 5.635400000000000000000000000000e+04 6.300000000000000000000000000000e+01
1.150000000000000000000000000000e+02 3.400000000000000000000000000000e+01 4.049400000000000000000000000000e+04 6.400000000000000000000000000000e+01
1.160000000000000000000000000000e+02 3.400000000000000000000000000000e+01 4.049400000000000000000000000000e+04 6.500000000000000000000000000000e+01
1.180000000000000000000000000000e+02 6.400000000000000000000000000000e+01 2.663040000000000000000000000000e+05 6.600000000000000000000000000000e+01
1.190000000000000000000000000000e+02 1.720000000000000000000000000000e+02 5.118204000000000000000000000000e+06 6.700000000000000000000000000000e+01
1.200000000000000000000000000000e+02 1.260000000000000000000000000000e+02 2.016378000000000000000000000000e+06 6.800000000000000000000000000000e+01
1.210000000000000000000000000000e+02 1.340000000000000000000000000000e+02 2.424194000000000000000000000000e+06 6.900000000000000000000000000000e+01
1.230000000000000000000000000000e+02 2.140000000000000000000000000000e+02 9.846354000000000000000000000000e+06 7.000000000000000000000000000000e+01
1.240000000000000000000000000000e+02 5.600000000000000000000000000000e+01 1.788080000000000000000000000000e+05 7.100000000000000000000000000000e+01
1.280000000000000000000000000000e+02 1.820000000000000000000000000000e+02 6.061874000000000000000000000000e+06 7.200000000000000000000000000000e+01
1.290000000000000000000000000000e+02 3.100000000000000000000000000000e+01 3.078300000000000000000000000000e+04 7.300000000000000000000000000000e+01
1.350000000000000000000000000000e+02 6.000000000000000000000000000000e+01 2.196600000000000000000000000000e+05 7.400000000000000000000000000000e+01
1.370000000000000000000000000000e+02 5.200000000000000000000000000000e+01 1.433640000000000000000000000000e+05 7.500000000000000000000000000000e+01
1.380000000000000000000000000000e+02 1.700000000000000000000000000000e+01 5.219000000000000000000000000000e+03 7.600000000000000000000000000000e+01
1.410000000000000000000000000000e+02 2.800000000000000000000000000000e+01 2.276400000000000000000000000000e+04 7.700000000000000000000000000000e+01
1.430000000000000000000000000000e+02 1.900000000000000000000000000000e+01 7.239000000000000000000000000000e+03 7.800000000000000000000000000000e+01
1.470000000000000000000000000000e+02 1.860000000000000000000000000000e+02 6.469638000000000000000000000000e+06 7.900000000000000000000000000000e+01
