1.000000000000000000000000000000e+00 3.600000000000000000000000000000e+01 4.798800000000000000000000000000e+04 0.000000000000000000000000000000e+00
4.000000000000000000000000000000e+00 1.540000000000000000000000000000e+02 3.676134000000000000000000000000e+06 1.000000000000000000000000000000e+00
5.000000000000000000000000000000e+00 2.370000000000000000000000000000e+02 1.336845900000000000000000000000e+07 2.000000000000000000000000000000e+00
6.000000000000000000000000000000e+00 2.760000000000000000000000000000e+02 2.110102800000000000000000000000e+07 3.000000000000000000000000000000e+00
8.000000000000000000000000000000e+00 3.380000000000000000000000000000e+02 3.872905400000000000000000000000e+07 4.000000000000000000000000000000e+00
9.000000000000000000000000000000e+00 2.500000000000000000000000000000e+01 1.627500000000000000000000000000e+04 5.000000000000000000000000000000e+00
1.200000000000000000000000000000e+01 2.370000000000000000000000000000e+02 1.336845900000000000000000000000e+07 6.000000000000000000000000000000e+00
1.400000000000000000000000000000e+01 1.450000000000000000000000000000e+02 3.069795000000000000000000000000e+06 7.000000000000000000000000000000e+00
1.600000000000000000000000000000e+01 8.800000000000000000000000000000e+01 6.893040000000000000000000000000e+05 8.000000000000000000000000000000e+00
2.100000000000000000000000000000e+01 1.400000000000000000000000000000e+01 2.954000000000000000000000000000e+03 9.000000000000000000000000000000e+00
2.300000000000000000000000000000e+01 3.500000000000000000000000000000e+01 4.413500000000000000000000000000e+04 1.000000000000000000000000000000e+01
2.400000000000000000000000000000e+01 1.200000000000000000000000000000e+01 1.884000000000000000000000000000e+03 1.100000000000000000000000000000e+01
2.500000000000000000000000000000e+01 8.200000000000000000000000000000e+01 5.581740000000000000000000000000e+05 1.200000000000000000000000000000e+01
2.600000000000000000000000000000e+01 6.500000000000000000000000000000e+01 2.789150000000000000000000000000e+05 1.300000000000000000000000000000e+01
2.800000000000000000000000000000e+01 1.580000000000000000000000000000e+02 3.969434000000000000000000000000e+06 1.400000000000000000000000000000e+01
3.200000000000000000000000000000e+01 6.400000000000000000000000000000e+01 2.663040000000000000000000000000e+05 1.500000000000000000000000000000e+01
3.300000000000000000000000000000e+01 1.000000000000000000000000000000e+00 3.000000000000000000000000000000e+00 1.600000000000000000000000000000e+01
3.400000000000000000000000000000e+01 2.000000000000000000000000000000e+00 1.400000000000000000000000000000e+01 1.700000000000000000000000000000e+01
3.500000000000000000000000000000e+01 2.810000000000000000000000000000e+02 2.226728300000000000000000000000e+07 1.800000000000000000000000000000e+01
3.600000000000000000000000000000e+01 9.800000000000000000000000000000e+01 9.508940000000000000000000000000e+05 1.900000000000000000000000000000e+01
3.700000000000000000000000000000e+01 1.590000000000000000000000000000e+02 4.045119000000000000000000000000e+06 2.000000000000000000000000000000e+01
3.800000000000000000000000000000e+01 2.050000000000000000000000000000e+02 8.657355000000000000000000000000e+06 2.100000000000000000000000000000e+01
3.900000000000000000000000000000e+01 3.910000000000000000000000000000e+02 5.992974300000000000000000000000e+07 2.200000000000000000000000000000e+01
4.200000000000000000000000000000e+01 3.210000000000000000000000000000e+02 3.317952300000000000000000000000e+07 2.300000000000000000000000000000e+01
4.400000000000000000000000000000e+01 1.990000000000000000000000000000e+02 7.920399000000000000000000000000e+06 2.400000000000000000000000000000e+01
4.600000000000000000000000000000e+01 3.600000000000000000000000000000e+01 4.798800000000000000000000000000e+04 2.500000000000000000000000000000e+01
4.700000000000000000000000000000e+01 1.350000000000000000000000000000e+02 2.478735000000000000000000000000e+06 2.600000000000000000000000000000e+01
4.800000000000000000000000000000e+01 2.000000000000000000000000000000e+02 8.040200000000000000000000000000e+06 2.700000000000000000000000000000e+01
5.000000000000000000000000000000e+01 3.490000000000000000000000000000e+02 4.263069900000000000000000000000e+07 2.800000000000000000000000000000e+01
5.200000000000000000000000000000e+01 3.600000000000000000000000000000e+01 4.798800000000000000000000000000e+04 2.900000000000000000000000000000e+01
5.400000000000000000000000000000e+01 8.000000000000000000000000000000e+00 5.840000000000000000000000000000e+02 3.000000000000000000000000000000e+01
5.500000000000000000000000000000e+01 4.000000000000000000000000000000e+00 8.400000000000000000000000000000e+01 3.100000000000000000000000000000e+01
5.900000000000000000000000000000e+01 4.900000000000000000000000000000e+01 1.200990000000000000000000000000e+05 3.200000000000000000000000000000e+01
6.000000000000000000000000000000e+01 3.500000000000000000000000000000e+01 4.413500000000000000000000000000e+04 3.300000000000000000000000000000e+01
6.300000000000000000000000000000e+01 1.580000000000000000000000000000e+02 3.969434000000000000000000000000e+06 3.400000000000000000000000000000e+01
6.600000000000000000000000000000e+01 1.530000000000000000000000000000e+02 3.605139000000000000000000000000e+06 3.500000000000000000000000000000e+01
6.700000000000000000000000000000e+01 2.340000000000000000000000000000e+02 1.286789400000000000000000000000e+07 3.600000000000000000000000000000e+01
6.800000000000000000000000000000e+01 1.200000000000000000000000000000e+01 1.884000000000000000000000000000e+03 3.700000000000000000000000000000e+01
7.200000000000000000000000000000e+01 5.000000000000000000000000000000e+00 1.550000000000000000000000000000e+02 3.800000000000000000000000000000e+01
7.300000000000000000000000000000e+01 9.800000000000000000000000000000e+01 9.508940000000000000000000000000e+05 3.900000000000000000000000000000e+01
7.500000000000000000000000000000e+01 1.330000000000000000000000000000e+02 2.370459000000000000000000000000e+06 4.000000000000000000000000000000e+01
7.600000000000000000000000000000e+01 2.670000000000000000000000000000e+02 1.910571900000000000000000000000e+07 4.100000000000000000000000000000e+01
7.700000000000000000000000000000e+01 6.700000000000000000000000000000e+01 3.053190000000000000000000000000e+05 4.200000000000000000000000000000e+01
7.900000000000000000000000000000e+01 9.500000000000000000000000000000e+01 8.664950000000000000000000000000e+05 4.300000000000000000000000000000e+01
8.000000000000000000000000000000e+01 5.900000000000000000000000000000e+01 2.089190000000000000000000000000e+05 4.400000000000000000000000000000e+01
8.200000000000000000000000000000e+01 5.600000000000000000000000000000e+01 1.788080000000000000000000000000e+05 4.500000000000000000000000000000e+01
8.900000000000000000000000000000e+01 3.180000000000000000000000000000e+02 3.225887400000000000000000000000e+07 4.600000000000000000000000000000e+01
9.000000000000000000000000000000e+01 3.080000000000000000000000000000e+02 2.931328400000000000000000000000e+07 4.700000000000000000000000000000e+01
9.100000000000000000000000000000e+01 2.200000000000000000000000000000e+01 1.115400000000000000000000000000e+04 4.800000000000000000000000000000e+01
9.400000000000000000000000000000e+01 2.500000000000000000000000000000e+01 1.627500000000000000000000000000e+04 4.900000000000000000000000000000e+01
9.500000000000000000000000000000e+01 8.800000000000000000000000000000e+01 6.893040000000000000000000000000e+05 5.000000000000000000000000000000e+01
9.800000000000000000000000000000e+01 8.600000000000000000000000000000e+01 6.435380000000000000000000000000e+05 5.100000000000000000000000000000e+01
9.900000000000000000000000000000e+01 3.120000000000000000000000000000e+02 3.046898400000000000000000000000e+07 5.200000000000000000000000000000e+01
1.000000000000000000000000000000e+02 1.100000000000000000000000000000e+01 1.463000000000000000000000000000e+03 5.300000000000000000000000000000e+01
1.030000000000000000000000000000e+02 8.300000000000000000000000000000e+01 5.787590000000000000000000000000e+05 5.400000000000000000000000000000e+01
1.040000000000000000000000000000e+02 2.840000000000000000000000000000e+02 2.298724400000000000000000000000e+07 5.500000000000000000000000000000e+01
1.070000000000000000000000000000e+02 1.490000000000000000000000000000e+02 3.330299000000000000000000000000e+06 5.600000000000000000000000000000e+01
1.080000000000000000000000000000e+02 1.100000000000000000000000000000e+01 1.463000000000000000000000000000e+03 5.700000000000000000000000000000e+01
1.100000000000000000000000000000e+02 1.010000000000000000000000000000e+02 1.040603000000000000000000000000e+06 5.800000000000000000000000000000e+01
1.110000000000000000000000000000e+02 7.000000000000000000000000000000e+01 3.479700000000000000000000000000e+05 5.900000000000000000000000000000e+01
1.140000000000000000000000000000e+02 1.090000000000000000000000000000e+02 1.307019000000000000000000000000e+06 6.000000000000000000000000000000e+01
1.180000000000000000000000000000e+02 1.500000000000000000000000000000e+01 3.615000000000000000000000000000e+03 6.100000000000000000000000000000e+01
1.190000000000000000000000000000e+02 2.420000000000000000000000000000e+02 1.423129400000000000000000000000e+07 6.200000000000000000000000000000e+01
1.200000000000000000000000000000e+02 1.790000000000000000000000000000e+02 5.767559000000000000000000000000e+06 6.300000000000000000000000000000e+01
1.210000000000000000000000000000e+02 2.000000000000000000000000000000e+01 8.420000000000000000000000000000e+03 6.400000000000000000000000000000e+01
1.220000000000000000000000000000e+02 7.200000000000000000000000000000e+01 3.785040000000000000000000000000e+05 6.500000000000000000000000000000e+01
1.230000000000000000000000000000e+02 2.900000000000000000000000000000e+01 2.525900000000000000000000000000e+04 6.600000000000000000000000000000e+01
1.250000000000000000000000000000e+02 6.400000000000000000000000000000e+01 2.663040000000000000000000000000e+05 6.700000000000000000000000000000e+01
1.260000000000000000000000000000e+02 5.100000000000000000000000000000e+01 1.353030000000000000000000000000e+05 6.800000000000000000000000000000e+01
1.290000000000000000000000000000e+02 1.030000000000000000000000000000e+02 1.103439000000000000000000000000e+06 6.900000000000000000000000000000e+01
1.300000000000000000000000000000e+02 5.400000000000000000000000000000e+01 1.604340000000000000000000000000e+05 7.000000000000000000000000000000e+01
1.310000000000000000000000000000e+02 1.480000000000000000000000000000e+02 3.263844000000000000000000000000e+06 7.100000000000000000000000000000e+01
1.330000000000000000000000000000e+02 1.650000000000000000000000000000e+02 4.519515000000000000000000000000e+06 7.200000000000000000000000000000e+01
1.340000000000000000000000000000e+02 7.800000000000000000000000000000e+01 4.807140000000000000000000000000e+05 7.300000000000000000000000000000e+01
1.370000000000000000000000000000e+02 2.000000000000000000000000000000e+00 1.400000000000000000000000000000e+01 7.400000000000000000000000000000e+01
1.420000000000000000000000000000e+02 2.370000000000000000000000000000e+02 1.336845900000000000000000000000e+07 7.500000000000000000000000000000e+01
1.450000000000000000000000000000e+02 1.950000000000000000000000000000e+02 7.453095000000000000000000000000e+06 7.600000000000000000000000000000e+01
1.460000000000000000000000000000e+02 5.000000000000000000000000000000e+00 1.550000000000000000000000000000e+02 7.700000000000000000000000000000e+01
