2.000000000000000000000000000000e+00 3.000000000000000000000000000000e+00 3.900000000000000000000000000000e+01 0.000000000000000000000000000000e+00
4.000000000000000000000000000000e+00 1.580000000000000000000000000000e+02 3.969434000000000000000000000000e+06 1.000000000000000000000000000000e+00
7.000000000000000000000000000000e+00 5.300000000000000000000000000000e+01 1.517390000000000000000000000000e+05 2.000000000000000000000000000000e+00
8.000000000000000000000000000000e+00 1.110000000000000000000000000000e+02 1.380063000000000000000000000000e+06 3.000000000000000000000000000000e+00
1.100000000000000000000000000000e+01 8.000000000000000000000000000000e+00 5.840000000000000000000000000000e+02 4.000000000000000000000000000000e+00
1.300000000000000000000000000000e+01 1.020000000000000000000000000000e+02 1.071714000000000000000000000000e+06 5.000000000000000000000000000000e+00
1.500000000000000000000000000000e+01 5.600000000000000000000000000000e+01 1.788080000000000000000000000000e+05 6.000000000000000000000000000000e+00
1.600000000000000000000000000000e+01 8.400000000000000000000000000000e+01 5.998440000000000000000000000000e+05 7.000000000000000000000000000000e+00
1.800000000000000000000000000000e+01 4.800000000000000000000000000000e+01 1.129440000000000000000000000000e+05 8.000000000000000000000000000000e+00
1.900000000000000000000000000000e+01 1.490000000000000000000000000000e+02 3.330299000000000000000000000000e+06 9.000000000000000000000000000000e+00
2.000000000000000000000000000000e+01 4.000000000000000000000000000000e+00 8.400000000000000000000000000000e+01 1.000000000000000000000000000000e+01
2.200000000000000000000000000000e+01 4.710000000000000000000000000000e+02 1.047094230000000000000000000000e+08 1.100000000000000000000000000000e+01
2.400000000000000000000000000000e+01 5.900000000000000000000000000000e+01 2.089190000000000000000000000000e+05 1.200000000000000000000000000000e+01
2.700000000000000000000000000000e+01 1.440000000000000000000000000000e+02 3.006864000000000000000000000000e+06 1.300000000000000000000000000000e+01
3.100000000000000000000000000000e+01 4.740000000000000000000000000000e+02 1.067215740000000000000000000000e+08 1.400000000000000000000000000000e+01
3.200000000000000000000000000000e+01 1.610000000000000000000000000000e+02 4.199363000000000000000000000000e+06 1.500000000000000000000000000000e+01
3.300000000000000000000000000000e+01 2.620000000000000000000000000000e+02 1.805363400000000000000000000000e+07 1.600000000000000000000000000000e+01
3.400000000000000000000000000000e+01 6.800000000000000000000000000000e+01 3.191240000000000000000000000000e+05 1.700000000000000000000000000000e+01
3.600000000000000000000000000000e+01 9.400000000000000000000000000000e+01 8.395140000000000000000000000000e+05 1.800000000000000000000000000000e+01
3.800000000000000000000000000000e+01 1.440000000000000000000000000000e+02 3.006864000000000000000000000000e+06 1.900000000000000000000000000000e+01
3.900000000000000000000000000000e+01 2.620000000000000000000000000000e+02 1.805363400000000000000000000000e+07 2.000000000000000000000000000000e+01
4.100000000000000000000000000000e+01 5.300000000000000000000000000000e+01 1.517390000000000000000000000000e+05 2.100000000000000000000000000000e+01
4.700000000000000000000000000000e+01 2.700000000000000000000000000000e+01 2.043900000000000000000000000000e+04 2.200000000000000000000000000000e+01
4.900000000000000000000000000000e+01 8.400000000000000000000000000000e+01 5.998440000000000000000000000000e+05 2.300000000000000000000000000000e+01
5.100000000000000000000000000000e+01 1.600000000000000000000000000000e+01 4.368000000000000000000000000000e+03 2.400000000000000000000000000000e+01
5.200000000000000000000000000000e+01 1.900000000000000000000000000000e+01 7.239000000000000000000000000000e+03 2.500000000000000000000000000000e+01
5.300000000000000000000000000000e+01 4.600000000000000000000000000000e+01 9.949800000000000000000000000000e+04 2.600000000000000000000000000000e+01
5.500000000000000000000000000000e+01 1.700000000000000000000000000000e+01 5.219000000000000000000000000000e+03 2.700000000000000000000000000000e+01
5.600000000000000000000000000000e+01 1.700000000000000000000000000000e+01 5.219000000000000000000000000000e+03 2.800000000000000000000000000000e+01
5.700000000000000000000000000000e+01 1.800000000000000000000000000000e+01 6.174000000000000000000000000000e+03 2.900000000000000000000000000000e+01
5.900000000000000000000000000000e+01 3.900000000000000000000000000000e+01 6.087900000000000000000000000000e+04 3.000000000000000000000000000000e+01
6.000000000000000000000000000000e+01 1.000000000000000000000000000000e+00 3.000000000000000000000000000000e+00 3.100000000000000000000000000000e+01
6.500000000000000000000000000000e+01 6.300000000000000000000000000000e+01 2.540790000000000000000000000000e+05 3.200000000000000000000000000000e+01
6.800000000000000000000000000000e+01 2.000000000000000000000000000000e+01 8.420000000000000000000000000000e+03 3.300000000000000000000000000000e+01
7.000000000000000000000000000000e+01 4.400000000000000000000000000000e+01 8.716400000000000000000000000000e+04 3.400000000000000000000000000000e+01
7.100000000000000000000000000000e+01 6.300000000000000000000000000000e+01 2.540790000000000000000000000000e+05 3.500000000000000000000000000000e+01
7.300000000000000000000000000000e+01 1.550000000000000000000000000000e+02 3.748055000000000000000000000000e+06 3.600000000000000000000000000000e+01
7.900000000000000000000000000000e+01 5.400000000000000000000000000000e+01 1.604340000000000000000000000000e+05 3.700000000000000000000000000000e+01
8.100000000000000000000000000000e+01 1.100000000000000000000000000000e+01 1.463000000000000000000000000000e+03 3.800000000000000000000000000000e+01
8.500000000000000000000000000000e+01 4.400000000000000000000000000000e+01 8.716400000000000000000000000000e+04 3.900000000000000000000000000000e+01
8.600000000000000000000000000000e+01 1.960000000000000000000000000000e+02 7.568148000000000000000000000000e+06 4.000000000000000000000000000000e+01
8.700000000000000000000000000000e+01 9.700000000000000000000000000000e+01 9.221790000000000000000000000000e+05 4.100000000000000000000000000000e+01
8.800000000000000000000000000000e+01 1.000000000000000000000000000000e+00 3.000000000000000000000000000000e+00 4.200000000000000000000000000000e+01
9.000000000000000000000000000000e+01 6.500000000000000000000000000000e+01 2.789150000000000000000000000000e+05 4.300000000000000000000000000000e+01
9.100000000000000000000000000000e+01 1.900000000000000000000000000000e+01 7.239000000000000000000000000000e+03 4.400000000000000000000000000000e+01
9.200000000000000000000000000000e+01 1.800000000000000000000000000000e+01 6.174000000000000000000000000000e+03 4.500000000000000000000000000000e+01
9.300000000000000000000000000000e+01 1.000000000000000000000000000000e+00 3.000000000000000000000000000000e+00 4.600000000000000000000000000000e+01
9.400000000000000000000000000000e+01 5.900000000000000000000000000000e+01 2.089190000000000000000000000000e+05 4.700000000000000000000000000000e+01
9.500000000000000000000000000000e+01 2.010000000000000000000000000000e+02 8.161203000000000000000000000000e+06 4.800000000000000000000000000000e+01
9.600000000000000000000000000000e+01 3.500000000000000000000000000000e+01 4.413500000000000000000000000000e+04 4.900000000000000000000000000000e+01
9.800000000000000000000000000000e+01 6.000000000000000000000000000000e+01 2.196600000000000000000000000000e+05 5.000000000000000000000000000000e+01
9.900000000000000000000000000000e+01 1.900000000000000000000000000000e+01 7.239000000000000000000000000000e+03 5.100000000000000000000000000000e+01
1.000000000000000000000000000000e+02 6.400000000000000000000000000000e+01 2.663040000000000000000000000000e+05 5.200000000000000000000000000000e+01
1.050000000000000000000000000000e+02 3.400000000000000000000000000000e+01 4.049400000000000000000000000000e+04 5.300000000000000000000000000000e+01
1.060000000000000000000000000000e+02 1.800000000000000000000000000000e+01 6.174000000000000000000000000000e+03 5.400000000000000000000000000000e+01
1.080000000000000000000000000000e+02 4.840000000000000000000000000000e+02 1.136146440000000000000000000000e+08 5.500000000000000000000000000000e+01
1.090000000000000000000000000000e+02 2.420000000000000000000000000000e+02 1.423129400000000000000000000000e+07 5.600000000000000000000000000000e+01
1.140000000000000000000000000000e+02 7.800000000000000000000000000000e+01 4.807140000000000000000000000000e+05 5.700000000000000000000000000000e+01
1.160000000000000000000000000000e+02 2.940000000000000000000000000000e+02 2.549891400000000000000000000000e+07 5.800000000000000000000000000000e+01
1.210000000000000000000000000000e+02 5.500000000000000000000000000000e+01 1.694550000000000000000000000000e+05 5.900000000000000000000000000000e+01
1.220000000000000000000000000000e+02 1.010000000000000000000000000000e+02 1.040603000000000000000000000000e+06 6.000000000000000000000000000000e+01
1.240000000000000000000000000000e+02 3.500000000000000000000000000000e+01 4.413500000000000000000000000000e+04 6.100000000000000000000000000000e+01
1.250000000000000000000000000000e+02 5.600000000000000000000000000000e+01 1.788080000000000000000000000000e+05 6.200000000000000000000000000000e+01
1.280000000000000000000000000000e+02 2.640000000000000000000000000000e+02 1.846970400000000000000000000000e+07 6.300000000000000000000000000000e+01
1.300000000000000000000000000000e+02 3.400000000000000000000000000000e+02 3.941994000000000000000000000000e+07 6.400000000000000000000000000000e+01
1.340000000000000000000000000000e+02 2.910000000000000000000000000000e+02 2.472714300000000000000000000000e+07 6.500000000000000000000000000000e+01
1.380000000000000000000000000000e+02 7.300000000000000000000000000000e+01 3.944190000000000000000000000000e+05 6.600000000000000000000000000000e+01
1.390000000000000000000000000000e+02 3.510000000000000000000000000000e+02 4.336710300000000000000000000000e+07 6.700000000000000000000000000000e+01
1.400000000000000000000000000000e+02 3.000000000000000000000000000000e+00 3.900000000000000000000000000000e+01 6.800000000000000000000000000000e+01
1.420000000000000000000000000000e+02 1.700000000000000000000000000000e+01 5.219000000000000000000000000000e+03 6.900000000000000000000000000000e+01
1.430000000000000000000000000000e+02 5.000000000000000000000000000000e+01 1.275500000000000000000000000000e+05 7.000000000000000000000000000000e+01
1.440000000000000000000000000000e+02 7.000000000000000000000000000000e+00 3.990000000000000000000000000000e+02 7.100000000000000000000000000000e+01
1.480000000000000000000000000000e+02 1.900000000000000000000000000000e+02 6.895290000000000000000000000000e+06 7.200000000000000000000000000000e+01
