0.000000000000000000000000000000e+00 1.430000000000000000000000000000e+02 2.944799000000000000000000000000e+06 0.000000000000000000000000000000e+00
3.000000000000000000000000000000e+00 1.190000000000000000000000000000e+02 1.699439000000000000000000000000e+06 1.000000000000000000000000000000e+00
8.000000000000000000000000000000e+00 1.970000000000000000000000000000e+02 7.684379000000000000000000000000e+06 2.000000000000000000000000000000e+00
9.000000000000000000000000000000e+00 3.000000000000000000000000000000e+01 2.793000000000000000000000000000e+04 3.000000000000000000000000000000e+00
1.000000000000000000000000000000e+01 6.600000000000000000000000000000e+01 2.919180000000000000000000000000e+05 4.000000000000000000000000000000e+00
1.100000000000000000000000000000e+01 4.400000000000000000000000000000e+01 8.716400000000000000000000000000e+04 5.000000000000000000000000000000e+00
1.400000000000000000000000000000e+01 1.500000000000000000000000000000e+01 3.615000000000000000000000000000e+03 6.000000000000000000000000000000e+00
1.500000000000000000000000000000e+01 4.000000000000000000000000000000e+00 8.400000000000000000000000000000e+01 7.000000000000000000000000000000e+00
1.600000000000000000000000000000e+01 3.700000000000000000000000000000e+01 5.205900000000000000000000000000e+04 8.000000000000000000000000000000e+00
1.800000000000000000000000000000e+01 1.010000000000000000000000000000e+02 1.040603000000000000000000000000e+06 9.000000000000000000000000000000e+00
2.200000000000000000000000000000e+01 2.300000000000000000000000000000e+01 1.271900000000000000000000000000e+04 1.000000000000000000000000000000e+01
2.400000000000000000000000000000e+01 1.530000000000000000000000000000e+02 3.605139000000000000000000000000e+06 1.100000000000000000000000000000e+01
2.500000000000000000000000000000e+01 7.900000000000000000000000000000e+01 4.993590000000000000000000000000e+05 1.200000000000000000000000000000e+01
2.800000000000000000000000000000e+01 4.100000000000000000000000000000e+01 7.064300000000000000000000000000e+04 1.300000000000000000000000000000e+01
2.900000000000000000000000000000e+01 2.640000000000000000000000000000e+02 1.846970400000000000000000000000e+07 1.400000000000000000000000000000e+01
3.100000000000000000000000000000e+01 1.960000000000000000000000000000e+02 7.568148000000000000000000000000e+06 1.500000000000000000000000000000e+01
3.200000000000000000000000000000e+01 1.750000000000000000000000000000e+02 5.390175000000000000000000000000e+06 1.600000000000000000000000000000e+01
3.600000000000000000000000000000e+01 8.300000000000000000000000000000e+01 5.787590000000000000000000000000e+05 1.700000000000000000000000000000e+01
3.800000000000000000000000000000e+01 2.000000000000000000000000000000e+01 8.420000000000000000000000000000e+03 1.800000000000000000000000000000e+01
4.100000000000000000000000000000e+01 2.350000000000000000000000000000e+02 1.303333500000000000000000000000e+07 1.900000000000000000000000000000e+01
4.400000000000000000000000000000e+01 1.580000000000000000000000000000e+02 3.969434000000000000000000000000e+06 2.000000000000000000000000000000e+01
4.600000000000000000000000000000e+01 2.420000000000000000000000000000e+02 1.423129400000000000000000000000e+07 2.100000000000000000000000000000e+01
4.800000000000000000000000000000e+01 2.000000000000000000000000000000e+00 1.400000000000000000000000000000e+01 2.200000000000000000000000000000e+01
5.000000000000000000000000000000e+01 2.180000000000000000000000000000e+02 1.040797400000000000000000000000e+07 2.300000000000000000000000000000e+01
5.100000000000000000000000000000e+01 6.600000000000000000000000000000e+01 2.919180000000000000000000000000e+05 2.400000000000000000000000000000e+01
5.300000000000000000000000000000e+01 2.200000000000000000000000000000e+01 1.115400000000000000000000000000e+04 2.500000000000000000000000000000e+01
5.400000000000000000000000000000e+01 3.300000000000000000000000000000e+01 3.705900000000000000000000000000e+04 2.600000000000000000000000000000e+01
5.500000000000000000000000000000e+01 1.000000000000000000000000000000e+02 1.010100000000000000000000000000e+06 2.700000000000000000000000000000e+01
5.600000000000000000000000000000e+01 1.500000000000000000000000000000e+02 3.397650000000000000000000000000e+06 2.800000000000000000000000000000e+01
5.700000000000000000000000000000e+01 4.900000000000000000000000000000e+01 1.200990000000000000000000000000e+05 2.900000000000000000000000000000e+01
5.800000000000000000000000000000e+01 1.610000000000000000000000000000e+02 4.199363000000000000000000000000e+06 3.000000000000000000000000000000e+01
5.900000000000000000000000000000e+01 1.700000000000000000000000000000e+01 5.219000000000000000000000000000e+03 3.100000000000000000000000000000e+01
6.200000000000000000000000000000e+01 1.900000000000000000000000000000e+01 7.239000000000000000000000000000e+03 3.200000000000000000000000000000e+01
6.400000000000000000000000000000e+01 1.100000000000000000000000000000e+01 1.463000000000000000000000000000e+03 3.300000000000000000000000000000e+01
6.500000000000000000000000000000e+01 2.000000000000000000000000000000e+01 8.420000000000000000000000000000e+03 3.400000000000000000000000000000e+01
6.600000000000000000000000000000e+01 2.800000000000000000000000000000e+01 2.276400000000000000000000000000e+04 3.500000000000000000000000000000e+01
6.900000000000000000000000000000e+01 4.100000000000000000000000000000e+01 7.064300000000000000000000000000e+04 3.600000000000000000000000000000e+01
7.700000000000000000000000000000e+01 1.850000000000000000000000000000e+02 6.366035000000000000000000000000e+06 3.700000000000000000000000000000e+01
7.800000000000000000000000000000e+01 2.500000000000000000000000000000e+01 1.627500000000000000000000000000e+04 3.800000000000000000000000000000e+01
7.900000000000000000000000000000e+01 1.750000000000000000000000000000e+02 5.390175000000000000000000000000e+06 3.900000000000000000000000000000e+01
8.000000000000000000000000000000e+01 5.000000000000000000000000000000e+01 1.275500000000000000000000000000e+05 4.000000000000000000000000000000e+01
8.200000000000000000000000000000e+01 2.010000000000000000000000000000e+02 8.161203000000000000000000000000e+06 4.100000000000000000000000000000e+01
8.300000000000000000000000000000e+01 6.200000000000000000000000000000e+01 2.422340000000000000000000000000e+05 4.200000000000000000000000000000e+01
8.400000000000000000000000000000e+01 5.500000000000000000000000000000e+01 1.694550000000000000000000000000e+05 4.300000000000000000000000000000e+01
8.500000000000000000000000000000e+01 2.300000000000000000000000000000e+01 1.271900000000000000000000000000e+04 4.400000000000000000000000000000e+01
8.600000000000000000000000000000e+01 1.710000000000000000000000000000e+02 5.029623000000000000000000000000e+06 4.500000000000000000000000000000e+01
8.800000000000000000000000000000e+01 1.700000000000000000000000000000e+01 5.219000000000000000000000000000e+03 4.600000000000000000000000000000e+01
8.900000000000000000000000000000e+01 1.490000000000000000000000000000e+02 3.330299000000000000000000000000e+06 4.700000000000000000000000000000e+01
9.000000000000000000000000000000e+01 7.900000000000000000000000000000e+01 4.993590000000000000000000000000e+05 4.800000000000000000000000000000e+01
9.100000000000000000000000000000e+01 1.820000000000000000000000000000e+02 6.061874000000000000000000000000e+06 4.900000000000000000000000000000e+01
9.300000000000000000000000000000e+01 1.300000000000000000000000000000e+01 2.379000000000000000000000000000e+03 5.000000000000000000000000000000e+01
9.800000000000000000000000000000e+01 1.430000000000000000000000000000e+02 2.944799000000000000000000000000e+06 5.100000000000000000000000000000e+01
1.000000000000000000000000000000e+02 5.800000000000000000000000000000e+01 1.985340000000000000000000000000e+05 5.200000000000000000000000000000e+01
1.090000000000000000000000000000e+02 7.900000000000000000000000000000e+01 4.993590000000000000000000000000e+05 5.300000000000000000000000000000e+01
1.110000000000000000000000000000e+02 2.000000000000000000000000000000e+01 8.420000000000000000000000000000e+03 5.400000000000000000000000000000e+01
1.120000000000000000000000000000e+02 1.010000000000000000000000000000e+02 1.040603000000000000000000000000e+06 5.500000000000000000000000000000e+01
1.130000000000000000000000000000e+02 1.800000000000000000000000000000e+01 6.174000000000000000000000000000e+03 5.600000000000000000000000000000e+01
1.150000000000000000000000000000e+02 9.800000000000000000000000000000e+01 9.508940000000000000000000000000e+05 5.700000000000000000000000000000e+01
1.200000000000000000000000000000e+02 5.800000000000000000000000000000e+01 1.985340000000000000000000000000e+05 5.800000000000000000000000000000e+01
1.210000000000000000000000000000e+02 1.010000000000000000000000000000e+02 1.040603000000000000000000000000e+06 5.900000000000000000000000000000e+01
1.250000000000000000000000000000e+02 3.620000000000000000000000000000e+02 4.756933400000000000000000000000e+07 6.000000000000000000000000000000e+01
1.260000000000000000000000000000e+02 1.080000000000000000000000000000e+02 1.271484000000000000000000000000e+06 6.100000000000000000000000000000e+01
1.270000000000000000000000000000e+02 1.000000000000000000000000000000e+00 3.000000000000000000000000000000e+00 6.200000000000000000000000000000e+01
1.280000000000000000000000000000e+02 1.960000000000000000000000000000e+02 7.568148000000000000000000000000e+06 6.300000000000000000000000000000e+01
1.290000000000000000000000000000e+02 1.180000000000000000000000000000e+02 1.657074000000000000000000000000e+06 6.400000000000000000000000000000e+01
1.300000000000000000000000000000e+02 2.570000000000000000000000000000e+02 1.704089900000000000000000000000e+07 6.500000000000000000000000000000e+01
1.310000000000000000000000000000e+02 6.000000000000000000000000000000e+00 2.580000000000000000000000000000e+02 6.600000000000000000000000000000e+01
1.340000000000000000000000000000e+02 3.080000000000000000000000000000e+02 2.931328400000000000000000000000e+07 6.700000000000000000000000000000e+01
1.370000000000000000000000000000e+02 3.490000000000000000000000000000e+02 4.263069900000000000000000000000e+07 6.800000000000000000000000000000e+01
1.380000000000000000000000000000e+02 3.800000000000000000000000000000e+01 5.635400000000000000000000000000e+04 6.900000000000000000000000000000e+01
1.390000000000000000000000000000e+02 2.400000000000000000000000000000e+01 1.442400000000000000000000000000e+04 7.000000000000000000000000000000e+01
1.400000000000000000000000000000e+02 2.600000000000000000000000000000e+01 1.827800000000000000000000000000e+04 7.100000000000000000000000000000e+01
1.410000000000000000000000000000e+02 1.300000000000000000000000000000e+01 2.379000000000000000000000000000e+03 7.200000000000000000000000000000e+01
1.440000000000000000000000000000e+02 7.300000000000000000000000000000e+01 3.944190000000000000000000000000e+05 7.300000000000000000000000000000e+01
1.450000000000000000000000000000e+02 4.300000000000000000000000000000e+01 8.139900000000000000000000000000e+04 7.400000000000000000000000000000e+01
