0.000000000000000000000000000000e+00 7.300000000000000000000000000000e+01 3.944190000000000000000000000000e+05 0.000000000000000000000000000000e+00
6.000000000000000000000000000000e+00 4.290000000000000000000000000000e+02 7.913805900000000000000000000000e+07 1.000000000000000000000000000000e+00
7.000000000000000000000000000000e+00 1.650000000000000000000000000000e+02 4.519515000000000000000000000000e+06 2.000000000000000000000000000000e+00
8.000000000000000000000000000000e+00 2.010000000000000000000000000000e+02 8.161203000000000000000000000000e+06 3.000000000000000000000000000000e+00
9.000000000000000000000000000000e+00 2.340000000000000000000000000000e+02 1.286789400000000000000000000000e+07 4.000000000000000000000000000000e+00
1.100000000000000000000000000000e+01 2.700000000000000000000000000000e+01 2.043900000000000000000000000000e+04 5.000000000000000000000000000000e+00
1.400000000000000000000000000000e+01 2.380000000000000000000000000000e+02 1.353815400000000000000000000000e+07 6.000000000000000000000000000000e+00
1.500000000000000000000000000000e+01 1.750000000000000000000000000000e+02 5.390175000000000000000000000000e+06 7.000000000000000000000000000000e+00
1.700000000000000000000000000000e+01 5.000000000000000000000000000000e+00 1.550000000000000000000000000000e+02 8.000000000000000000000000000000e+00
2.400000000000000000000000000000e+01 4.700000000000000000000000000000e+01 1.060790000000000000000000000000e+05 9.000000000000000000000000000000e+00
2.700000000000000000000000000000e+01 1.100000000000000000000000000000e+01 1.463000000000000000000000000000e+03 1.000000000000000000000000000000e+01
2.800000000000000000000000000000e+01 4.700000000000000000000000000000e+01 1.060790000000000000000000000000e+05 1.100000000000000000000000000000e+01
3.100000000000000000000000000000e+01 1.120000000000000000000000000000e+02 1.417584000000000000000000000000e+06 1.200000000000000000000000000000e+01
3.300000000000000000000000000000e+01 4.000000000000000000000000000000e+01 6.564000000000000000000000000000e+04 1.300000000000000000000000000000e+01
3.400000000000000000000000000000e+01 1.690000000000000000000000000000e+02 4.855539000000000000000000000000e+06 1.400000000000000000000000000000e+01
3.500000000000000000000000000000e+01 3.440000000000000000000000000000e+02 4.082626400000000000000000000000e+07 1.500000000000000000000000000000e+01
3.800000000000000000000000000000e+01 2.500000000000000000000000000000e+01 1.627500000000000000000000000000e+04 1.600000000000000000000000000000e+01
3.900000000000000000000000000000e+01 9.200000000000000000000000000000e+01 7.872440000000000000000000000000e+05 1.700000000000000000000000000000e+01
4.000000000000000000000000000000e+01 1.590000000000000000000000000000e+02 4.045119000000000000000000000000e+06 1.800000000000000000000000000000e+01
4.100000000000000000000000000000e+01 1.060000000000000000000000000000e+02 1.202358000000000000000000000000e+06 1.900000000000000000000000000000e+01
4.200000000000000000000000000000e+01 1.400000000000000000000000000000e+02 2.763740000000000000000000000000e+06 2.000000000000000000000000000000e+01
4.300000000000000000000000000000e+01 9.000000000000000000000000000000e+01 7.371900000000000000000000000000e+05 2.100000000000000000000000000000e+01
4.500000000000000000000000000000e+01 3.340000000000000000000000000000e+02 3.737159400000000000000000000000e+07 2.200000000000000000000000000000e+01
4.600000000000000000000000000000e+01 1.020000000000000000000000000000e+02 1.071714000000000000000000000000e+06 2.300000000000000000000000000000e+01
4.800000000000000000000000000000e+01 4.000000000000000000000000000000e+00 8.400000000000000000000000000000e+01 2.400000000000000000000000000000e+01
5.600000000000000000000000000000e+01 6.100000000000000000000000000000e+01 2.307630000000000000000000000000e+05 2.500000000000000000000000000000e+01
5.700000000000000000000000000000e+01 2.000000000000000000000000000000e+00 1.400000000000000000000000000000e+01 2.600000000000000000000000000000e+01
5.800000000000000000000000000000e+01 2.500000000000000000000000000000e+01 1.627500000000000000000000000000e+04 2.700000000000000000000000000000e+01
5.900000000000000000000000000000e+01 1.440000000000000000000000000000e+02 3.006864000000000000000000000000e+06 2.800000000000000000000000000000e+01
6.000000000000000000000000000000e+01 1.000000000000000000000000000000e+02 1.010100000000000000000000000000e+06 2.900000000000000000000000000000e+01
6.600000000000000000000000000000e+01 2.180000000000000000000000000000e+02 1.040797400000000000000000000000e+07 3.000000000000000000000000000000e+01
6.700000000000000000000000000000e+01 1.120000000000000000000000000000e+02 1.417584000000000000000000000000e+06 3.100000000000000000000000000000e+01
7.100000000000000000000000000000e+01 2.500000000000000000000000000000e+01 1.627500000000000000000000000000e+04 3.200000000000000000000000000000e+01
7.200000000000000000000000000000e+01 3.000000000000000000000000000000e+01 2.793000000000000000000000000000e+04 3.300000000000000000000000000000e+01
7.400000000000000000000000000000e+01 7.900000000000000000000000000000e+01 4.993590000000000000000000000000e+05 3.400000000000000000000000000000e+01
7.500000000000000000000000000000e+01 1.240000000000000000000000000000e+02 1.922124000000000000000000000000e+06 3.500000000000000000000000000000e+01
7.600000000000000000000000000000e+01 1.420000000000000000000000000000e+02 2.883594000000000000000000000000e+06 3.600000000000000000000000000000e+01
7.700000000000000000000000000000e+01 4.200000000000000000000000000000e+01 7.589400000000000000000000000000e+04 3.700000000000000000000000000000e+01
7.800000000000000000000000000000e+01 2.800000000000000000000000000000e+01 2.276400000000000000000000000000e+04 3.800000000000000000000000000000e+01
7.900000000000000000000000000000e+01 1.220000000000000000000000000000e+02 1.830854000000000000000000000000e+06 3.900000000000000000000000000000e+01
8.000000000000000000000000000000e+01 2.630000000000000000000000000000e+02 1.826087900000000000000000000000e+07 4.000000000000000000000000000000e+01
8.100000000000000000000000000000e+01 4.800000000000000000000000000000e+01 1.129440000000000000000000000000e+05 4.100000000000000000000000000000e+01
8.300000000000000000000000000000e+01 4.000000000000000000000000000000e+01 6.564000000000000000000000000000e+04 4.200000000000000000000000000000e+01
8.700000000000000000000000000000e+01 2.220000000000000000000000000000e+02 1.099055400000000000000000000000e+07 4.300000000000000000000000000000e+01
9.100000000000000000000000000000e+01 1.700000000000000000000000000000e+01 5.219000000000000000000000000000e+03 4.400000000000000000000000000000e+01
9.300000000000000000000000000000e+01 7.200000000000000000000000000000e+01 3.785040000000000000000000000000e+05 4.500000000000000000000000000000e+01
9.600000000000000000000000000000e+01 1.620000000000000000000000000000e+02 4.277934000000000000000000000000e+06 4.600000000000000000000000000000e+01
9.700000000000000000000000000000e+01 1.220000000000000000000000000000e+02 1.830854000000000000000000000000e+06 4.700000000000000000000000000000e+01
9.900000000000000000000000000000e+01 1.100000000000000000000000000000e+01 1.463000000000000000000000000000e+03 4.800000000000000000000000000000e+01
1.020000000000000000000000000000e+02 1.370000000000000000000000000000e+02 2.590259000000000000000000000000e+06 4.900000000000000000000000000000e+01
1.040000000000000000000000000000e+02 8.000000000000000000000000000000e+01 5.184800000000000000000000000000e+05 5.000000000000000000000000000000e+01
1.060000000000000000000000000000e+02 1.270000000000000000000000000000e+02 2.064639000000000000000000000000e+06 5.100000000000000000000000000000e+01
1.100000000000000000000000000000e+02 5.200000000000000000000000000000e+01 1.433640000000000000000000000000e+05 5.200000000000000000000000000000e+01
1.110000000000000000000000000000e+02 7.000000000000000000000000000000e+00 3.990000000000000000000000000000e+02 5.300000000000000000000000000000e+01
1.170000000000000000000000000000e+02 3.600000000000000000000000000000e+01 4.798800000000000000000000000000e+04 5.400000000000000000000000000000e+01
1.240000000000000000000000000000e+02 4.500000000000000000000000000000e+01 9.319500000000000000000000000000e+04 5.500000000000000000000000000000e+01
1.250000000000000000000000000000e+02 6.800000000000000000000000000000e+01 3.191240000000000000000000000000e+05 5.600000000000000000000000000000e+01
1.280000000000000000000000000000e+02 7.500000000000000000000000000000e+01 4.275750000000000000000000000000e+05 5.700000000000000000000000000000e+01
1.290000000000000000000000000000e+02 8.700000000000000000000000000000e+01 6.661590000000000000000000000000e+05 5.800000000000000000000000000000e+01
1.300000000000000000000000000000e+02 1.790000000000000000000000000000e+02 5.767559000000000000000000000000e+06 5.900000000000000000000000000000e+01
1.320000000000000000000000000000e+02 2.200000000000000000000000000000e+02 1.069662000000000000000000000000e+07 6.000000000000000000000000000000e+01
1.330000000000000000000000000000e+02 8.500000000000000000000000000000e+01 6.214350000000000000000000000000e+05 6.100000000000000000000000000000e+01
1.350000000000000000000000000000e+02 2.800000000000000000000000000000e+01 2.276400000000000000000000000000e+04 6.200000000000000000000000000000e+01
1.360000000000000000000000000000e+02 4.100000000000000000000000000000e+01 7.064300000000000000000000000000e+04 6.300000000000000000000000000000e+01
1.380000000000000000000000000000e+02 1.070000000000000000000000000000e+02 1.236599000000000000000000000000e+06 6.400000000000000000000000000000e+01
1.390000000000000000000000000000e+02 3.500000000000000000000000000000e+01 4.413500000000000000000000000000e+04 6.500000000000000000000000000000e+01
1.400000000000000000000000000000e+02 1.040000000000000000000000000000e+02 1.135784000000000000000000000000e+06 6.600000000000000000000000000000e+01
1.420000000000000000000000000000e+02 1.260000000000000000000000000000e+02 2.016378000000000000000000000000e+06 6.700000000000000000000000000000e+01
1.430000000000000000000000000000e+02 1.320000000000000000000000000000e+02 2.317524000000000000000000000000e+06 6.800000000000000000000000000000e+01
1.450000000000000000000000000000e+02 2.530000000000000000000000000000e+02 1.625853900000000000000000000000e+07 6.900000000000000000000000000000e+01
1.470000000000000000000000000000e+02 1.590000000000000000000000000000e+02 4.045119000000000000000000000000e+06 7.000000000000000000000000000000e+01
