1.000000000000000000000000000000e+00 1.240000000000000000000000000000e+02 1.922124000000000000000000000000e+06 0.000000000000000000000000000000e+00
4.000000000000000000000000000000e+00 2.500000000000000000000000000000e+01 1.627500000000000000000000000000e+04 1.000000000000000000000000000000e+00
5.000000000000000000000000000000e+00 2.100000000000000000000000000000e+01 9.723000000000000000000000000000e+03 2.000000000000000000000000000000e+00
1.000000000000000000000000000000e+01 3.100000000000000000000000000000e+01 3.078300000000000000000000000000e+04 3.000000000000000000000000000000e+00
1.100000000000000000000000000000e+01 2.590000000000000000000000000000e+02 1.744131900000000000000000000000e+07 4.000000000000000000000000000000e+00
1.400000000000000000000000000000e+01 3.000000000000000000000000000000e+01 2.793000000000000000000000000000e+04 5.000000000000000000000000000000e+00
1.500000000000000000000000000000e+01 4.000000000000000000000000000000e+01 6.564000000000000000000000000000e+04 6.000000000000000000000000000000e+00
1.700000000000000000000000000000e+01 1.000000000000000000000000000000e+00 3.000000000000000000000000000000e+00 7.000000000000000000000000000000e+00
1.900000000000000000000000000000e+01 3.630000000000000000000000000000e+02 4.796427900000000000000000000000e+07 8.000000000000000000000000000000e+00
2.400000000000000000000000000000e+01 3.360000000000000000000000000000e+02 3.804628800000000000000000000000e+07 9.000000000000000000000000000000e+00
2.600000000000000000000000000000e+01 7.400000000000000000000000000000e+01 4.107740000000000000000000000000e+05 1.000000000000000000000000000000e+01
2.700000000000000000000000000000e+01 4.900000000000000000000000000000e+01 1.200990000000000000000000000000e+05 1.100000000000000000000000000000e+01
2.800000000000000000000000000000e+01 5.400000000000000000000000000000e+01 1.604340000000000000000000000000e+05 1.200000000000000000000000000000e+01
3.300000000000000000000000000000e+01 2.800000000000000000000000000000e+01 2.276400000000000000000000000000e+04 1.300000000000000000000000000000e+01
3.400000000000000000000000000000e+01 1.560000000000000000000000000000e+02 3.820908000000000000000000000000e+06 1.400000000000000000000000000000e+01
3.800000000000000000000000000000e+01 9.000000000000000000000000000000e+00 8.190000000000000000000000000000e+02 1.500000000000000000000000000000e+01
4.100000000000000000000000000000e+01 9.000000000000000000000000000000e+00 8.190000000000000000000000000000e+02 1.600000000000000000000000000000e+01
4.200000000000000000000000000000e+01 1.550000000000000000000000000000e+02 3.748055000000000000000000000000e+06 1.700000000000000000000000000000e+01
4.400000000000000000000000000000e+01 7.200000000000000000000000000000e+01 3.785040000000000000000000000000e+05 1.800000000000000000000000000000e+01
4.500000000000000000000000000000e+01 2.750000000000000000000000000000e+02 2.087277500000000000000000000000e+07 1.900000000000000000000000000000e+01
4.600000000000000000000000000000e+01 9.600000000000000000000000000000e+01 8.940480000000000000000000000000e+05 2.000000000000000000000000000000e+01
4.700000000000000000000000000000e+01 3.000000000000000000000000000000e+01 2.793000000000000000000000000000e+04 2.100000000000000000000000000000e+01
4.900000000000000000000000000000e+01 1.260000000000000000000000000000e+02 2.016378000000000000000000000000e+06 2.200000000000000000000000000000e+01
5.300000000000000000000000000000e+01 1.010000000000000000000000000000e+02 1.040603000000000000000000000000e+06 2.300000000000000000000000000000e+01
5.400000000000000000000000000000e+01 8.700000000000000000000000000000e+01 6.661590000000000000000000000000e+05 2.400000000000000000000000000000e+01
6.000000000000000000000000000000e+01 1.700000000000000000000000000000e+01 5.219000000000000000000000000000e+03 2.500000000000000000000000000000e+01
6.100000000000000000000000000000e+01 1.100000000000000000000000000000e+01 1.463000000000000000000000000000e+03 2.600000000000000000000000000000e+01
6.400000000000000000000000000000e+01 5.300000000000000000000000000000e+01 1.517390000000000000000000000000e+05 2.700000000000000000000000000000e+01
6.500000000000000000000000000000e+01 2.180000000000000000000000000000e+02 1.040797400000000000000000000000e+07 2.800000000000000000000000000000e+01
6.600000000000000000000000000000e+01 1.600000000000000000000000000000e+01 4.368000000000000000000000000000e+03 2.900000000000000000000000000000e+01
6.900000000000000000000000000000e+01 1.630000000000000000000000000000e+02 4.357479000000000000000000000000e+06 3.000000000000000000000000000000e+01
7.400000000000000000000000000000e+01 7.000000000000000000000000000000e+01 3.479700000000000000000000000000e+05 3.100000000000000000000000000000e+01
8.300000000000000000000000000000e+01 7.000000000000000000000000000000e+00 3.990000000000000000000000000000e+02 3.200000000000000000000000000000e+01
8.400000000000000000000000000000e+01 1.370000000000000000000000000000e+02 2.590259000000000000000000000000e+06 3.300000000000000000000000000000e+01
8.500000000000000000000000000000e+01 6.300000000000000000000000000000e+01 2.540790000000000000000000000000e+05 3.400000000000000000000000000000e+01
8.700000000000000000000000000000e+01 1.400000000000000000000000000000e+01 2.954000000000000000000000000000e+03 3.500000000000000000000000000000e+01
8.800000000000000000000000000000e+01 2.060000000000000000000000000000e+02 8.784458000000000000000000000000e+06 3.600000000000000000000000000000e+01
8.900000000000000000000000000000e+01 1.030000000000000000000000000000e+02 1.103439000000000000000000000000e+06 3.700000000000000000000000000000e+01
9.000000000000000000000000000000e+01 1.590000000000000000000000000000e+02 4.045119000000000000000000000000e+06 3.800000000000000000000000000000e+01
9.100000000000000000000000000000e+01 5.000000000000000000000000000000e+00 1.550000000000000000000000000000e+02 3.900000000000000000000000000000e+01
9.400000000000000000000000000000e+01 1.240000000000000000000000000000e+02 1.922124000000000000000000000000e+06 4.000000000000000000000000000000e+01
9.600000000000000000000000000000e+01 1.380000000000000000000000000000e+02 2.647254000000000000000000000000e+06 4.100000000000000000000000000000e+01
9.900000000000000000000000000000e+01 1.700000000000000000000000000000e+01 5.219000000000000000000000000000e+03 4.200000000000000000000000000000e+01
1.010000000000000000000000000000e+02 1.160000000000000000000000000000e+02 1.574468000000000000000000000000e+06 4.300000000000000000000000000000e+01
1.030000000000000000000000000000e+02 3.500000000000000000000000000000e+01 4.413500000000000000000000000000e+04 4.400000000000000000000000000000e+01
1.070000000000000000000000000000e+02 1.000000000000000000000000000000e+02 1.010100000000000000000000000000e+06 4.500000000000000000000000000000e+01
1.090000000000000000000000000000e+02 1.400000000000000000000000000000e+01 2.954000000000000000000000000000e+03 4.600000000000000000000000000000e+01
1.120000000000000000000000000000e+02 3.230000000000000000000000000000e+02 3.380291900000000000000000000000e+07 4.700000000000000000000000000000e+01
1.140000000000000000000000000000e+02 1.600000000000000000000000000000e+01 4.368000000000000000000000000000e+03 4.800000000000000000000000000000e+01
1.160000000000000000000000000000e+02 2.900000000000000000000000000000e+01 2.525900000000000000000000000000e+04 4.900000000000000000000000000000e+01
1.170000000000000000000000000000e+02 2.470000000000000000000000000000e+02 1.513047900000000000000000000000e+07 5.000000000000000000000000000000e+01
1.190000000000000000000000000000e+02 2.350000000000000000000000000000e+02 1.303333500000000000000000000000e+07 5.100000000000000000000000000000e+01
1.200000000000000000000000000000e+02 1.570000000000000000000000000000e+02 3.894699000000000000000000000000e+06 5.200000000000000000000000000000e+01
1.220000000000000000000000000000e+02 1.900000000000000000000000000000e+01 7.239000000000000000000000000000e+03 5.300000000000000000000000000000e+01
1.230000000000000000000000000000e+02 2.320000000000000000000000000000e+02 1.254122400000000000000000000000e+07 5.400000000000000000000000000000e+01
1.240000000000000000000000000000e+02 3.100000000000000000000000000000e+01 3.078300000000000000000000000000e+04 5.500000000000000000000000000000e+01
1.250000000000000000000000000000e+02 3.400000000000000000000000000000e+01 4.049400000000000000000000000000e+04 5.600000000000000000000000000000e+01
1.270000000000000000000000000000e+02 2.000000000000000000000000000000e+01 8.420000000000000000000000000000e+03 5.700000000000000000000000000000e+01
1.280000000000000000000000000000e+02 1.000000000000000000000000000000e+01 1.110000000000000000000000000000e+03 5.800000000000000000000000000000e+01
1.300000000000000000000000000000e+02 5.500000000000000000000000000000e+01 1.694550000000000000000000000000e+05 5.900000000000000000000000000000e+01
1.320000000000000000000000000000e+02 1.490000000000000000000000000000e+02 3.330299000000000000000000000000e+06 6.000000000000000000000000000000e+01
1.360000000000000000000000000000e+02 7.000000000000000000000000000000e+00 3.990000000000000000000000000000e+02 6.100000000000000000000000000000e+01
1.390000000000000000000000000000e+02 1.100000000000000000000000000000e+01 1.463000000000000000000000000000e+03 6.200000000000000000000000000000e+01
1.410000000000000000000000000000e+02 6.900000000000000000000000000000e+01 3.333390000000000000000000000000e+05 6.300000000000000000000000000000e+01
1.460000000000000000000000000000e+02 6.000000000000000000000000000000e+00 2.580000000000000000000000000000e+02 6.400000000000000000000000000000e+01
1.470000000000000000000000000000e+02 4.800000000000000000000000000000e+01 1.129440000000000000000000000000e+05 6.500000000000000000000000000000e+01
1.480000000000000000000000000000e+02 1.100000000000000000000000000000e+01 1.463000000000000000000000000000e+03 6.600000000000000000000000000000e+01
