6.000000000000000000000000000000e+00 1.540000000000000000000000000000e+02 3.676134000000000000000000000000e+06 0.000000000000000000000000000000e+00
7.000000000000000000000000000000e+00 3.500000000000000000000000000000e+01 4.413500000000000000000000000000e+04 1.000000000000000000000000000000e+00
8.000000000000000000000000000000e+00 9.500000000000000000000000000000e+01 8.664950000000000000000000000000e+05 2.000000000000000000000000000000e+00
1.000000000000000000000000000000e+01 2.900000000000000000000000000000e+01 2.525900000000000000000000000000e+04 3.000000000000000000000000000000e+00
1.100000000000000000000000000000e+01 1.510000000000000000000000000000e+02 3.465903000000000000000000000000e+06 4.000000000000000000000000000000e+00
1.400000000000000000000000000000e+01 1.400000000000000000000000000000e+02 2.763740000000000000000000000000e+06 5.000000000000000000000000000000e+00
1.500000000000000000000000000000e+01 5.000000000000000000000000000000e+00 1.550000000000000000000000000000e+02 6.000000000000000000000000000000e+00
1.600000000000000000000000000000e+01 5.070000000000000000000000000000e+02 1.305813990000000000000000000000e+08 7.000000000000000000000000000000e+00
2.000000000000000000000000000000e+01 4.160000000000000000000000000000e+02 7.216476800000000000000000000000e+07 8.000000000000000000000000000000e+00
2.100000000000000000000000000000e+01 1.700000000000000000000000000000e+01 5.219000000000000000000000000000e+03 9.000000000000000000000000000000e+00
2.200000000000000000000000000000e+01 4.300000000000000000000000000000e+01 8.139900000000000000000000000000e+04 1.000000000000000000000000000000e+01
2.800000000000000000000000000000e+01 7.900000000000000000000000000000e+01 4.993590000000000000000000000000e+05 1.100000000000000000000000000000e+01
3.100000000000000000000000000000e+01 5.000000000000000000000000000000e+00 1.550000000000000000000000000000e+02 1.200000000000000000000000000000e+01
3.200000000000000000000000000000e+01 4.200000000000000000000000000000e+01 7.589400000000000000000000000000e+04 1.300000000000000000000000000000e+01
3.300000000000000000000000000000e+01 1.000000000000000000000000000000e+00 3.000000000000000000000000000000e+00 1.400000000000000000000000000000e+01
3.400000000000000000000000000000e+01 9.300000000000000000000000000000e+01 8.130990000000000000000000000000e+05 1.500000000000000000000000000000e+01
3.800000000000000000000000000000e+01 6.200000000000000000000000000000e+01 2.422340000000000000000000000000e+05 1.600000000000000000000000000000e+01
4.100000000000000000000000000000e+01 1.030000000000000000000000000000e+02 1.103439000000000000000000000000e+06 1.700000000000000000000000000000e+01
4.200000000000000000000000000000e+01 2.300000000000000000000000000000e+01 1.271900000000000000000000000000e+04 1.800000000000000000000000000000e+01
4.300000000000000000000000000000e+01 1.340000000000000000000000000000e+02 2.424194000000000000000000000000e+06 1.900000000000000000000000000000e+01
4.400000000000000000000000000000e+01 3.800000000000000000000000000000e+01 5.635400000000000000000000000000e+04 2.000000000000000000000000000000e+01
4.700000000000000000000000000000e+01 3.300000000000000000000000000000e+01 3.705900000000000000000000000000e+04 2.100000000000000000000000000000e+01
4.800000000000000000000000000000e+01 2.120000000000000000000000000000e+02 9.573284000000000000000000000000e+06 2.200000000000000000000000000000e+01
5.100000000000000000000000000000e+01 4.300000000000000000000000000000e+01 8.139900000000000000000000000000e+04 2.300000000000000000000000000000e+01
5.200000000000000000000000000000e+01 5.000000000000000000000000000000e+00 1.550000000000000000000000000000e+02 2.400000000000000000000000000000e+01
5.300000000000000000000000000000e+01 2.000000000000000000000000000000e+02 8.040200000000000000000000000000e+06 2.500000000000000000000000000000e+01
5.400000000000000000000000000000e+01 1.100000000000000000000000000000e+02 1.343210000000000000000000000000e+06 2.600000000000000000000000000000e+01
5.500000000000000000000000000000e+01 3.830000000000000000000000000000e+02 5.632895900000000000000000000000e+07 2.700000000000000000000000000000e+01
6.000000000000000000000000000000e+01 8.000000000000000000000000000000e+01 5.184800000000000000000000000000e+05 2.800000000000000000000000000000e+01
6.300000000000000000000000000000e+01 6.300000000000000000000000000000e+01 2.540790000000000000000000000000e+05 2.900000000000000000000000000000e+01
6.700000000000000000000000000000e+01 1.610000000000000000000000000000e+02 4.199363000000000000000000000000e+06 3.000000000000000000000000000000e+01
6.900000000000000000000000000000e+01 7.400000000000000000000000000000e+01 4.107740000000000000000000000000e+05 3.100000000000000000000000000000e+01
7.500000000000000000000000000000e+01 5.900000000000000000000000000000e+01 2.089190000000000000000000000000e+05 3.200000000000000000000000000000e+01
7.900000000000000000000000000000e+01 1.350000000000000000000000000000e+02 2.478735000000000000000000000000e+06 3.300000000000000000000000000000e+01
8.000000000000000000000000000000e+01 5.000000000000000000000000000000e+01 1.275500000000000000000000000000e+05 3.400000000000000000000000000000e+01
8.300000000000000000000000000000e+01 7.900000000000000000000000000000e+01 4.993590000000000000000000000000e+05 3.500000000000000000000000000000e+01
8.800000000000000000000000000000e+01 2.000000000000000000000000000000e+01 8.420000000000000000000000000000e+03 3.600000000000000000000000000000e+01
9.000000000000000000000000000000e+01 5.800000000000000000000000000000e+01 1.985340000000000000000000000000e+05 3.700000000000000000000000000000e+01
9.200000000000000000000000000000e+01 4.800000000000000000000000000000e+01 1.129440000000000000000000000000e+05 3.800000000000000000000000000000e+01
9.700000000000000000000000000000e+01 3.700000000000000000000000000000e+01 5.205900000000000000000000000000e+04 3.900000000000000000000000000000e+01
1.000000000000000000000000000000e+02 2.200000000000000000000000000000e+01 1.115400000000000000000000000000e+04 4.000000000000000000000000000000e+01
1.010000000000000000000000000000e+02 3.400000000000000000000000000000e+01 4.049400000000000000000000000000e+04 4.100000000000000000000000000000e+01
1.020000000000000000000000000000e+02 2.760000000000000000000000000000e+02 2.110102800000000000000000000000e+07 4.200000000000000000000000000000e+01
1.070000000000000000000000000000e+02 2.100000000000000000000000000000e+01 9.723000000000000000000000000000e+03 4.300000000000000000000000000000e+01
1.090000000000000000000000000000e+02 1.250000000000000000000000000000e+02 1.968875000000000000000000000000e+06 4.400000000000000000000000000000e+01
1.110000000000000000000000000000e+02 6.800000000000000000000000000000e+01 3.191240000000000000000000000000e+05 4.500000000000000000000000000000e+01
1.160000000000000000000000000000e+02 1.000000000000000000000000000000e+01 1.110000000000000000000000000000e+03 4.600000000000000000000000000000e+01
1.180000000000000000000000000000e+02 3.600000000000000000000000000000e+01 4.798800000000000000000000000000e+04 4.700000000000000000000000000000e+01
1.200000000000000000000000000000e+02 1.210000000000000000000000000000e+02 1.786323000000000000000000000000e+06 4.800000000000000000000000000000e+01
1.210000000000000000000000000000e+02 1.470000000000000000000000000000e+02 3.198279000000000000000000000000e+06 4.900000000000000000000000000000e+01
1.230000000000000000000000000000e+02 1.690000000000000000000000000000e+02 4.855539000000000000000000000000e+06 5.000000000000000000000000000000e+01
1.240000000000000000000000000000e+02 1.460000000000000000000000000000e+02 3.133598000000000000000000000000e+06 5.100000000000000000000000000000e+01
1.260000000000000000000000000000e+02 5.300000000000000000000000000000e+01 1.517390000000000000000000000000e+05 5.200000000000000000000000000000e+01
1.280000000000000000000000000000e+02 5.500000000000000000000000000000e+01 1.694550000000000000000000000000e+05 5.300000000000000000000000000000e+01
1.290000000000000000000000000000e+02 2.100000000000000000000000000000e+01 9.723000000000000000000000000000e+03 5.400000000000000000000000000000e+01
1.300000000000000000000000000000e+02 1.760000000000000000000000000000e+02 5.482928000000000000000000000000e+06 5.500000000000000000000000000000e+01
1.350000000000000000000000000000e+02 2.400000000000000000000000000000e+01 1.442400000000000000000000000000e+04 5.600000000000000000000000000000e+01
1.390000000000000000000000000000e+02 2.980000000000000000000000000000e+02 2.655269400000000000000000000000e+07 5.700000000000000000000000000000e+01
1.400000000000000000000000000000e+02 1.250000000000000000000000000000e+02 1.968875000000000000000000000000e+06 5.800000000000000000000000000000e+01
1.420000000000000000000000000000e+02 1.000000000000000000000000000000e+01 1.110000000000000000000000000000e+03 5.900000000000000000000000000000e+01
1.430000000000000000000000000000e+02 8.700000000000000000000000000000e+01 6.661590000000000000000000000000e+05 6.000000000000000000000000000000e+01
1.470000000000000000000000000000e+02 1.140000000000000000000000000000e+02 1.494654000000000000000000000000e+06 6.100000000000000000000000000000e+01
