0.000000000000000000000000000000e+00 9.700000000000000000000000000000e+01 9.221790000000000000000000000000e+05 0.000000000000000000000000000000e+00
4.000000000000000000000000000000e+00 2.030000000000000000000000000000e+02 8.406839000000000000000000000000e+06 1.000000000000000000000000000000e+00
5.000000000000000000000000000000e+00 1.150000000000000000000000000000e+02 1.534215000000000000000000000000e+06 2.000000000000000000000000000000e+00
6.000000000000000000000000000000e+00 1.270000000000000000000000000000e+02 2.064639000000000000000000000000e+06 3.000000000000000000000000000000e+00
7.000000000000000000000000000000e+00 9.400000000000000000000000000000e+01 8.395140000000000000000000000000e+05 4.000000000000000000000000000000e+00
8.000000000000000000000000000000e+00 7.600000000000000000000000000000e+01 4.448280000000000000000000000000e+05 5.000000000000000000000000000000e+00
1.000000000000000000000000000000e+01 2.750000000000000000000000000000e+02 2.087277500000000000000000000000e+07 6.000000000000000000000000000000e+00
1.300000000000000000000000000000e+01 1.760000000000000000000000000000e+02 5.482928000000000000000000000000e+06 7.000000000000000000000000000000e+00
1.400000000000000000000000000000e+01 3.000000000000000000000000000000e+00 3.900000000000000000000000000000e+01 8.000000000000000000000000000000e+00
2.000000000000000000000000000000e+01 1.310000000000000000000000000000e+02 2.265383000000000000000000000000e+06 9.000000000000000000000000000000e+00
2.600000000000000000000000000000e+01 4.900000000000000000000000000000e+01 1.200990000000000000000000000000e+05 1.000000000000000000000000000000e+01
2.800000000000000000000000000000e+01 1.260000000000000000000000000000e+02 2.016378000000000000000000000000e+06 1.100000000000000000000000000000e+01
2.900000000000000000000000000000e+01 4.000000000000000000000000000000e+01 6.564000000000000000000000000000e+04 1.200000000000000000000000000000e+01
3.000000000000000000000000000000e+01 9.000000000000000000000000000000e+00 8.190000000000000000000000000000e+02 1.300000000000000000000000000000e+01
3.100000000000000000000000000000e+01 1.650000000000000000000000000000e+02 4.519515000000000000000000000000e+06 1.400000000000000000000000000000e+01
3.400000000000000000000000000000e+01 2.500000000000000000000000000000e+01 1.627500000000000000000000000000e+04 1.500000000000000000000000000000e+01
3.500000000000000000000000000000e+01 1.000000000000000000000000000000e+00 3.000000000000000000000000000000e+00 1.600000000000000000000000000000e+01
4.000000000000000000000000000000e+01 1.470000000000000000000000000000e+02 3.198279000000000000000000000000e+06 1.700000000000000000000000000000e+01
4.200000000000000000000000000000e+01 5.200000000000000000000000000000e+01 1.433640000000000000000000000000e+05 1.800000000000000000000000000000e+01
4.300000000000000000000000000000e+01 1.140000000000000000000000000000e+02 1.494654000000000000000000000000e+06 1.900000000000000000000000000000e+01
4.400000000000000000000000000000e+01 1.700000000000000000000000000000e+01 5.219000000000000000000000000000e+03 2.000000000000000000000000000000e+01
4.700000000000000000000000000000e+01 4.200000000000000000000000000000e+01 7.589400000000000000000000000000e+04 2.100000000000000000000000000000e+01
5.100000000000000000000000000000e+01 5.200000000000000000000000000000e+01 1.433640000000000000000000000000e+05 2.200000000000000000000000000000e+01
5.300000000000000000000000000000e+01 7.600000000000000000000000000000e+01 4.448280000000000000000000000000e+05 2.300000000000000000000000000000e+01
5.400000000000000000000000000000e+01 6.200000000000000000000000000000e+01 2.422340000000000000000000000000e+05 2.400000000000000000000000000000e+01
5.500000000000000000000000000000e+01 3.220000000000000000000000000000e+02 3.349025400000000000000000000000e+07 2.500000000000000000000000000000e+01
5.600000000000000000000000000000e+01 8.000000000000000000000000000000e+01 5.184800000000000000000000000000e+05 2.600000000000000000000000000000e+01
5.900000000000000000000000000000e+01 4.780000000000000000000000000000e+02 1.094443140000000000000000000000e+08 2.700000000000000000000000000000e+01
6.000000000000000000000000000000e+01 2.400000000000000000000000000000e+02 1.388184000000000000000000000000e+07 2.800000000000000000000000000000e+01
6.100000000000000000000000000000e+01 1.100000000000000000000000000000e+01 1.463000000000000000000000000000e+03 2.900000000000000000000000000000e+01
6.200000000000000000000000000000e+01 8.800000000000000000000000000000e+01 6.893040000000000000000000000000e+05 3.000000000000000000000000000000e+01
6.700000000000000000000000000000e+01 5.500000000000000000000000000000e+01 1.694550000000000000000000000000e+05 3.100000000000000000000000000000e+01
6.800000000000000000000000000000e+01 3.300000000000000000000000000000e+01 3.705900000000000000000000000000e+04 3.200000000000000000000000000000e+01
6.900000000000000000000000000000e+01 2.500000000000000000000000000000e+01 1.627500000000000000000000000000e+04 3.300000000000000000000000000000e+01
7.100000000000000000000000000000e+01 5.700000000000000000000000000000e+01 1.884990000000000000000000000000e+05 3.400000000000000000000000000000e+01
7.300000000000000000000000000000e+01 1.000000000000000000000000000000e+01 1.110000000000000000000000000000e+03 3.500000000000000000000000000000e+01
7.600000000000000000000000000000e+01 2.200000000000000000000000000000e+01 1.115400000000000000000000000000e+04 3.600000000000000000000000000000e+01
7.800000000000000000000000000000e+01 1.300000000000000000000000000000e+01 2.379000000000000000000000000000e+03 3.700000000000000000000000000000e+01
8.200000000000000000000000000000e+01 1.380000000000000000000000000000e+02 2.647254000000000000000000000000e+06 3.800000000000000000000000000000e+01
8.400000000000000000000000000000e+01 4.000000000000000000000000000000e+01 6.564000000000000000000000000000e+04 3.900000000000000000000000000000e+01
8.700000000000000000000000000000e+01 3.500000000000000000000000000000e+01 4.413500000000000000000000000000e+04 4.000000000000000000000000000000e+01
9.100000000000000000000000000000e+01 3.100000000000000000000000000000e+02 2.988741000000000000000000000000e+07 4.100000000000000000000000000000e+01
9.200000000000000000000000000000e+01 1.590000000000000000000000000000e+02 4.045119000000000000000000000000e+06 4.200000000000000000000000000000e+01
9.300000000000000000000000000000e+01 8.200000000000000000000000000000e+01 5.581740000000000000000000000000e+05 4.300000000000000000000000000000e+01
9.400000000000000000000000000000e+01 9.700000000000000000000000000000e+01 9.221790000000000000000000000000e+05 4.400000000000000000000000000000e+01
9.800000000000000000000000000000e+01 8.500000000000000000000000000000e+01 6.214350000000000000000000000000e+05 4.500000000000000000000000000000e+01
9.900000000000000000000000000000e+01 4.200000000000000000000000000000e+01 7.589400000000000000000000000000e+04 4.600000000000000000000000000000e+01
1.010000000000000000000000000000e+02 7.700000000000000000000000000000e+01 4.625390000000000000000000000000e+05 4.700000000000000000000000000000e+01
1.030000000000000000000000000000e+02 1.800000000000000000000000000000e+01 6.174000000000000000000000000000e+03 4.800000000000000000000000000000e+01
1.050000000000000000000000000000e+02 3.000000000000000000000000000000e+00 3.900000000000000000000000000000e+01 4.900000000000000000000000000000e+01
1.060000000000000000000000000000e+02 1.370000000000000000000000000000e+02 2.590259000000000000000000000000e+06 5.000000000000000000000000000000e+01
1.080000000000000000000000000000e+02 5.000000000000000000000000000000e+00 1.550000000000000000000000000000e+02 5.100000000000000000000000000000e+01
1.090000000000000000000000000000e+02 8.200000000000000000000000000000e+01 5.581740000000000000000000000000e+05 5.200000000000000000000000000000e+01
1.110000000000000000000000000000e+02 1.300000000000000000000000000000e+01 2.379000000000000000000000000000e+03 5.300000000000000000000000000000e+01
1.120000000000000000000000000000e+02 1.030000000000000000000000000000e+02 1.103439000000000000000000000000e+06 5.400000000000000000000000000000e+01
1.130000000000000000000000000000e+02 4.320000000000000000000000000000e+02 8.080862400000000000000000000000e+07 5.500000000000000000000000000000e+01
1.140000000000000000000000000000e+02 3.800000000000000000000000000000e+01 5.635400000000000000000000000000e+04 5.600000000000000000000000000000e+01
1.180000000000000000000000000000e+02 1.100000000000000000000000000000e+02 1.343210000000000000000000000000e+06 5.700000000000000000000000000000e+01
1.190000000000000000000000000000e+02 1.120000000000000000000000000000e+02 1.417584000000000000000000000000e+06 5.800000000000000000000000000000e+01
1.200000000000000000000000000000e+02 2.850000000000000000000000000000e+02 2.323063500000000000000000000000e+07 5.900000000000000000000000000000e+01
1.210000000000000000000000000000e+02 7.600000000000000000000000000000e+01 4.448280000000000000000000000000e+05 6.000000000000000000000000000000e+01
1.230000000000000000000000000000e+02 1.000000000000000000000000000000e+02 1.010100000000000000000000000000e+06 6.100000000000000000000000000000e+01
1.240000000000000000000000000000e+02 2.270000000000000000000000000000e+02 1.174883900000000000000000000000e+07 6.200000000000000000000000000000e+01
1.260000000000000000000000000000e+02 1.500000000000000000000000000000e+01 3.615000000000000000000000000000e+03 6.300000000000000000000000000000e+01
1.320000000000000000000000000000e+02 6.200000000000000000000000000000e+01 2.422340000000000000000000000000e+05 6.400000000000000000000000000000e+01
1.340000000000000000000000000000e+02 2.100000000000000000000000000000e+01 9.723000000000000000000000000000e+03 6.500000000000000000000000000000e+01
1.380000000000000000000000000000e+02 5.000000000000000000000000000000e+01 1.275500000000000000000000000000e+05 6.600000000000000000000000000000e+01
1.390000000000000000000000000000e+02 2.000000000000000000000000000000e+00 1.400000000000000000000000000000e+01 6.700000000000000000000000000000e+01
1.400000000000000000000000000000e+02 2.800000000000000000000000000000e+01 2.276400000000000000000000000000e+04 6.800000000000000000000000000000e+01
1.410000000000000000000000000000e+02 3.130000000000000000000000000000e+02 3.076257900000000000000000000000e+07 6.900000000000000000000000000000e+01
1.420000000000000000000000000000e+02 3.460000000000000000000000000000e+02 4.154179800000000000000000000000e+07 7.000000000000000000000000000000e+01
1.430000000000000000000000000000e+02 1.800000000000000000000000000000e+01 6.174000000000000000000000000000e+03 7.100000000000000000000000000000e+01
1.450000000000000000000000000000e+02 2.710000000000000000000000000000e+02 1.997622300000000000000000000000e+07 7.200000000000000000000000000000e+01
1.480000000000000000000000000000e+02 2.430000000000000000000000000000e+02 1.440819900000000000000000000000e+07 7.300000000000000000000000000000e+01
1.490000000000000000000000000000e+02 2.190000000000000000000000000000e+02 1.055163900000000000000000000000e+07 7.400000000000000000000000000000e+01
