0.000000000000000000000000000000e+00 9.200000000000000000000000000000e+01 7.872440000000000000000000000000e+05 0.000000000000000000000000000000e+00
4.000000000000000000000000000000e+00 1.850000000000000000000000000000e+02 6.366035000000000000000000000000e+06 1.000000000000000000000000000000e+00
6.000000000000000000000000000000e+00 1.500000000000000000000000000000e+02 3.397650000000000000000000000000e+06 2.000000000000000000000000000000e+00
1.000000000000000000000000000000e+01 6.700000000000000000000000000000e+01 3.053190000000000000000000000000e+05 3.000000000000000000000000000000e+00
1.100000000000000000000000000000e+01 1.030000000000000000000000000000e+02 1.103439000000000000000000000000e+06 4.000000000000000000000000000000e+00
1.200000000000000000000000000000e+01 7.000000000000000000000000000000e+01 3.479700000000000000000000000000e+05 5.000000000000000000000000000000e+00
1.500000000000000000000000000000e+01 1.570000000000000000000000000000e+02 3.894699000000000000000000000000e+06 6.000000000000000000000000000000e+00
1.600000000000000000000000000000e+01 1.000000000000000000000000000000e+00 3.000000000000000000000000000000e+00 7.000000000000000000000000000000e+00
2.200000000000000000000000000000e+01 9.400000000000000000000000000000e+01 8.395140000000000000000000000000e+05 8.000000000000000000000000000000e+00
2.600000000000000000000000000000e+01 2.040000000000000000000000000000e+02 8.531484000000000000000000000000e+06 9.000000000000000000000000000000e+00
3.000000000000000000000000000000e+01 4.800000000000000000000000000000e+01 1.129440000000000000000000000000e+05 1.000000000000000000000000000000e+01
3.100000000000000000000000000000e+01 1.700000000000000000000000000000e+01 5.219000000000000000000000000000e+03 1.100000000000000000000000000000e+01
3.200000000000000000000000000000e+01 6.000000000000000000000000000000e+00 2.580000000000000000000000000000e+02 1.200000000000000000000000000000e+01
3.700000000000000000000000000000e+01 6.900000000000000000000000000000e+01 3.333390000000000000000000000000e+05 1.300000000000000000000000000000e+01
3.800000000000000000000000000000e+01 7.400000000000000000000000000000e+01 4.107740000000000000000000000000e+05 1.400000000000000000000000000000e+01
3.900000000000000000000000000000e+01 5.410000000000000000000000000000e+02 1.586336430000000000000000000000e+08 1.500000000000000000000000000000e+01
4.100000000000000000000000000000e+01 6.700000000000000000000000000000e+01 3.053190000000000000000000000000e+05 1.600000000000000000000000000000e+01
4.200000000000000000000000000000e+01 6.100000000000000000000000000000e+01 2.307630000000000000000000000000e+05 1.700000000000000000000000000000e+01
4.300000000000000000000000000000e+01 4.020000000000000000000000000000e+02 6.512681400000000000000000000000e+07 1.800000000000000000000000000000e+01
4.400000000000000000000000000000e+01 2.760000000000000000000000000000e+02 2.110102800000000000000000000000e+07 1.900000000000000000000000000000e+01
4.600000000000000000000000000000e+01 5.000000000000000000000000000000e+01 1.275500000000000000000000000000e+05 2.000000000000000000000000000000e+01
4.800000000000000000000000000000e+01 2.520000000000000000000000000000e+02 1.606676400000000000000000000000e+07 2.100000000000000000000000000000e+01
5.000000000000000000000000000000e+01 1.600000000000000000000000000000e+01 4.368000000000000000000000000000e+03 2.200000000000000000000000000000e+01
5.200000000000000000000000000000e+01 4.200000000000000000000000000000e+01 7.589400000000000000000000000000e+04 2.300000000000000000000000000000e+01
5.300000000000000000000000000000e+01 2.190000000000000000000000000000e+02 1.055163900000000000000000000000e+07 2.400000000000000000000000000000e+01
5.700000000000000000000000000000e+01 3.500000000000000000000000000000e+01 4.413500000000000000000000000000e+04 2.500000000000000000000000000000e+01
6.200000000000000000000000000000e+01 1.400000000000000000000000000000e+01 2.954000000000000000000000000000e+03 2.600000000000000000000000000000e+01
6.300000000000000000000000000000e+01 1.290000000000000000000000000000e+02 2.163459000000000000000000000000e+06 2.700000000000000000000000000000e+01
6.400000000000000000000000000000e+01 5.000000000000000000000000000000e+01 1.275500000000000000000000000000e+05 2.800000000000000000000000000000e+01
6.500000000000000000000000000000e+01 1.000000000000000000000000000000e+02 1.010100000000000000000000000000e+06 2.900000000000000000000000000000e+01
6.700000000000000000000000000000e+01 1.680000000000000000000000000000e+02 4.770024000000000000000000000000e+06 3.000000000000000000000000000000e+01
6.900000000000000000000000000000e+01 3.300000000000000000000000000000e+01 3.705900000000000000000000000000e+04 3.100000000000000000000000000000e+01
7.000000000000000000000000000000e+01 1.200000000000000000000000000000e+01 1.884000000000000000000000000000e+03 3.200000000000000000000000000000e+01
7.100000000000000000000000000000e+01 6.680000000000000000000000000000e+02 2.985245240000000000000000000000e+08 3.300000000000000000000000000000e+01
7.200000000000000000000000000000e+01 2.370000000000000000000000000000e+02 1.336845900000000000000000000000e+07 3.400000000000000000000000000000e+01
7.400000000000000000000000000000e+01 9.500000000000000000000000000000e+01 8.664950000000000000000000000000e+05 3.500000000000000000000000000000e+01
8.200000000000000000000000000000e+01 7.000000000000000000000000000000e+01 3.479700000000000000000000000000e+05 3.600000000000000000000000000000e+01
8.300000000000000000000000000000e+01 2.400000000000000000000000000000e+01 1.442400000000000000000000000000e+04 3.700000000000000000000000000000e+01
8.400000000000000000000000000000e+01 1.200000000000000000000000000000e+01 1.884000000000000000000000000000e+03 3.800000000000000000000000000000e+01
8.500000000000000000000000000000e+01 3.300000000000000000000000000000e+01 3.705900000000000000000000000000e+04 3.900000000000000000000000000000e+01
8.600000000000000000000000000000e+01 1.290000000000000000000000000000e+02 2.163459000000000000000000000000e+06 4.000000000000000000000000000000e+01
8.900000000000000000000000000000e+01 1.040000000000000000000000000000e+02 1.135784000000000000000000000000e+06 4.100000000000000000000000000000e+01
9.300000000000000000000000000000e+01 1.100000000000000000000000000000e+01 1.463000000000000000000000000000e+03 4.200000000000000000000000000000e+01
9.400000000000000000000000000000e+01 9.700000000000000000000000000000e+01 9.221790000000000000000000000000e+05 4.300000000000000000000000000000e+01
9.500000000000000000000000000000e+01 4.900000000000000000000000000000e+01 1.200990000000000000000000000000e+05 4.400000000000000000000000000000e+01
1.000000000000000000000000000000e+02 1.660000000000000000000000000000e+02 4.602018000000000000000000000000e+06 4.500000000000000000000000000000e+01
1.020000000000000000000000000000e+02 1.000000000000000000000000000000e+01 1.110000000000000000000000000000e+03 4.600000000000000000000000000000e+01
1.040000000000000000000000000000e+02 2.490000000000000000000000000000e+02 1.550049900000000000000000000000e+07 4.700000000000000000000000000000e+01
1.050000000000000000000000000000e+02 3.300000000000000000000000000000e+01 3.705900000000000000000000000000e+04 4.800000000000000000000000000000e+01
1.060000000000000000000000000000e+02 1.670000000000000000000000000000e+02 4.685519000000000000000000000000e+06 4.900000000000000000000000000000e+01
1.070000000000000000000000000000e+02 3.000000000000000000000000000000e+01 2.793000000000000000000000000000e+04 5.000000000000000000000000000000e+01
1.090000000000000000000000000000e+02 2.000000000000000000000000000000e+00 1.400000000000000000000000000000e+01 5.100000000000000000000000000000e+01
1.100000000000000000000000000000e+02 6.300000000000000000000000000000e+01 2.540790000000000000000000000000e+05 5.200000000000000000000000000000e+01
1.130000000000000000000000000000e+02 6.500000000000000000000000000000e+01 2.789150000000000000000000000000e+05 5.300000000000000000000000000000e+01
1.150000000000000000000000000000e+02 8.000000000000000000000000000000e+01 5.184800000000000000000000000000e+05 5.400000000000000000000000000000e+01
1.230000000000000000000000000000e+02 3.600000000000000000000000000000e+01 4.798800000000000000000000000000e+04 5.500000000000000000000000000000e+01
1.240000000000000000000000000000e+02 1.210000000000000000000000000000e+02 1.786323000000000000000000000000e+06 5.600000000000000000000000000000e+01
1.250000000000000000000000000000e+02 8.000000000000000000000000000000e+00 5.840000000000000000000000000000e+02 5.700000000000000000000000000000e+01
1.260000000000000000000000000000e+02 4.600000000000000000000000000000e+01 9.949800000000000000000000000000e+04 5.800000000000000000000000000000e+01
1.310000000000000000000000000000e+02 2.290000000000000000000000000000e+02 1.206165900000000000000000000000e+07 5.900000000000000000000000000000e+01
1.320000000000000000000000000000e+02 1.900000000000000000000000000000e+01 7.239000000000000000000000000000e+03 6.000000000000000000000000000000e+01
1.330000000000000000000000000000e+02 1.700000000000000000000000000000e+01 5.219000000000000000000000000000e+03 6.100000000000000000000000000000e+01
1.340000000000000000000000000000e+02 1.990000000000000000000000000000e+02 7.920399000000000000000000000000e+06 6.200000000000000000000000000000e+01
1.370000000000000000000000000000e+02 3.400000000000000000000000000000e+01 4.049400000000000000000000000000e+04 6.300000000000000000000000000000e+01
1.380000000000000000000000000000e+02 4.100000000000000000000000000000e+01 7.064300000000000000000000000000e+04 6.400000000000000000000000000000e+01
1.410000000000000000000000000000e+02 1.270000000000000000000000000000e+02 2.064639000000000000000000000000e+06 6.500000000000000000000000000000e+01
1.420000000000000000000000000000e+02 1.650000000000000000000000000000e+02 4.519515000000000000000000000000e+06 6.600000000000000000000000000000e+01
1.430000000000000000000000000000e+02 2.030000000000000000000000000000e+02 8.406839000000000000000000000000e+06 6.700000000000000000000000000000e+01
1.450000000000000000000000000000e+02 1.200000000000000000000000000000e+01 1.884000000000000000000000000000e+03 6.800000000000000000000000000000e+01
1.470000000000000000000000000000e+02 4.500000000000000000000000000000e+02 9.132795000000000000000000000000e+07 6.900000000000000000000000000000e+01
1.480000000000000000000000000000e+02 8.900000000000000000000000000000e+01 7.129790000000000000000000000000e+05 7.000000000000000000000000000000e+01
