2.000000000000000000000000000000e+00 7.000000000000000000000000000000e+00 3.990000000000000000000000000000e+02 0.000000000000000000000000000000e+00
3.000000000000000000000000000000e+00 3.400000000000000000000000000000e+01 4.049400000000000000000000000000e+04 1.000000000000000000000000000000e+00
4.000000000000000000000000000000e+00 3.300000000000000000000000000000e+01 3.705900000000000000000000000000e+04 2.000000000000000000000000000000e+00
5.000000000000000000000000000000e+00 3.000000000000000000000000000000e+01 2.793000000000000000000000000000e+04 3.000000000000000000000000000000e+00
6.000000000000000000000000000000e+00 1.830000000000000000000000000000e+02 6.162159000000000000000000000000e+06 4.000000000000000000000000000000e+00
7.000000000000000000000000000000e+00 9.700000000000000000000000000000e+01 9.221790000000000000000000000000e+05 5.000000000000000000000000000000e+00
8.000000000000000000000000000000e+00 1.400000000000000000000000000000e+01 2.954000000000000000000000000000e+03 6.000000000000000000000000000000e+00
9.000000000000000000000000000000e+00 1.790000000000000000000000000000e+02 5.767559000000000000000000000000e+06 7.000000000000000000000000000000e+00
1.000000000000000000000000000000e+01 9.000000000000000000000000000000e+00 8.190000000000000000000000000000e+02 8.000000000000000000000000000000e+00
1.100000000000000000000000000000e+01 6.300000000000000000000000000000e+01 2.540790000000000000000000000000e+05 9.000000000000000000000000000000e+00
1.200000000000000000000000000000e+01 3.000000000000000000000000000000e+02 2.709030000000000000000000000000e+07 1.000000000000000000000000000000e+01
1.300000000000000000000000000000e+01 1.390000000000000000000000000000e+02 2.705079000000000000000000000000e+06 1.100000000000000000000000000000e+01
1.400000000000000000000000000000e+01 5.900000000000000000000000000000e+01 2.089190000000000000000000000000e+05 1.200000000000000000000000000000e+01
1.500000000000000000000000000000e+01 3.030000000000000000000000000000e+02 2.791023900000000000000000000000e+07 1.300000000000000000000000000000e+01
1.600000000000000000000000000000e+01 7.500000000000000000000000000000e+01 4.275750000000000000000000000000e+05 1.400000000000000000000000000000e+01
1.800000000000000000000000000000e+01 2.190000000000000000000000000000e+02 1.055163900000000000000000000000e+07 1.500000000000000000000000000000e+01
1.900000000000000000000000000000e+01 1.430000000000000000000000000000e+02 2.944799000000000000000000000000e+06 1.600000000000000000000000000000e+01
2.100000000000000000000000000000e+01 1.340000000000000000000000000000e+02 2.424194000000000000000000000000e+06 1.700000000000000000000000000000e+01
2.300000000000000000000000000000e+01 1.950000000000000000000000000000e+02 7.453095000000000000000000000000e+06 1.800000000000000000000000000000e+01
2.400000000000000000000000000000e+01 2.240000000000000000000000000000e+02 1.128982400000000000000000000000e+07 1.900000000000000000000000000000e+01
2.600000000000000000000000000000e+01 2.440000000000000000000000000000e+02 1.458656400000000000000000000000e+07 2.000000000000000000000000000000e+01
3.000000000000000000000000000000e+01 7.400000000000000000000000000000e+01 4.107740000000000000000000000000e+05 2.100000000000000000000000000000e+01
3.100000000000000000000000000000e+01 1.600000000000000000000000000000e+01 4.368000000000000000000000000000e+03 2.200000000000000000000000000000e+01
3.500000000000000000000000000000e+01 1.120000000000000000000000000000e+02 1.417584000000000000000000000000e+06 2.300000000000000000000000000000e+01
3.600000000000000000000000000000e+01 3.600000000000000000000000000000e+01 4.798800000000000000000000000000e+04 2.400000000000000000000000000000e+01
3.700000000000000000000000000000e+01 9.700000000000000000000000000000e+01 9.221790000000000000000000000000e+05 2.500000000000000000000000000000e+01
3.800000000000000000000000000000e+01 1.240000000000000000000000000000e+02 1.922124000000000000000000000000e+06 2.600000000000000000000000000000e+01
4.300000000000000000000000000000e+01 7.000000000000000000000000000000e+00 3.990000000000000000000000000000e+02 2.700000000000000000000000000000e+01
4.500000000000000000000000000000e+01 2.500000000000000000000000000000e+01 1.627500000000000000000000000000e+04 2.800000000000000000000000000000e+01
4.800000000000000000000000000000e+01 3.600000000000000000000000000000e+02 4.678596000000000000000000000000e+07 2.900000000000000000000000000000e+01
5.300000000000000000000000000000e+01 2.300000000000000000000000000000e+01 1.271900000000000000000000000000e+04 3.000000000000000000000000000000e+01
5.400000000000000000000000000000e+01 1.090000000000000000000000000000e+02 1.307019000000000000000000000000e+06 3.100000000000000000000000000000e+01
5.600000000000000000000000000000e+01 8.000000000000000000000000000000e+00 5.840000000000000000000000000000e+02 3.200000000000000000000000000000e+01
6.100000000000000000000000000000e+01 8.000000000000000000000000000000e+01 5.184800000000000000000000000000e+05 3.300000000000000000000000000000e+01
6.300000000000000000000000000000e+01 3.630000000000000000000000000000e+02 4.796427900000000000000000000000e+07 3.400000000000000000000000000000e+01
6.400000000000000000000000000000e+01 3.900000000000000000000000000000e+01 6.087900000000000000000000000000e+04 3.500000000000000000000000000000e+01
6.500000000000000000000000000000e+01 1.200000000000000000000000000000e+02 1.742520000000000000000000000000e+06 3.600000000000000000000000000000e+01
6.600000000000000000000000000000e+01 3.170000000000000000000000000000e+02 3.195581900000000000000000000000e+07 3.700000000000000000000000000000e+01
6.700000000000000000000000000000e+01 2.300000000000000000000000000000e+01 1.271900000000000000000000000000e+04 3.800000000000000000000000000000e+01
7.000000000000000000000000000000e+01 1.400000000000000000000000000000e+02 2.763740000000000000000000000000e+06 3.900000000000000000000000000000e+01
7.100000000000000000000000000000e+01 2.500000000000000000000000000000e+01 1.627500000000000000000000000000e+04 4.000000000000000000000000000000e+01
7.500000000000000000000000000000e+01 4.500000000000000000000000000000e+01 9.319500000000000000000000000000e+04 4.100000000000000000000000000000e+01
7.700000000000000000000000000000e+01 2.700000000000000000000000000000e+01 2.043900000000000000000000000000e+04 4.200000000000000000000000000000e+01
7.800000000000000000000000000000e+01 2.000000000000000000000000000000e+01 8.420000000000000000000000000000e+03 4.300000000000000000000000000000e+01
7.900000000000000000000000000000e+01 1.300000000000000000000000000000e+01 2.379000000000000000000000000000e+03 4.400000000000000000000000000000e+01
8.100000000000000000000000000000e+01 6.600000000000000000000000000000e+01 2.919180000000000000000000000000e+05 4.500000000000000000000000000000e+01
8.300000000000000000000000000000e+01 1.260000000000000000000000000000e+02 2.016378000000000000000000000000e+06 4.600000000000000000000000000000e+01
8.500000000000000000000000000000e+01 2.150000000000000000000000000000e+02 9.984815000000000000000000000000e+06 4.700000000000000000000000000000e+01
8.600000000000000000000000000000e+01 3.710000000000000000000000000000e+02 5.120282300000000000000000000000e+07 4.800000000000000000000000000000e+01
8.700000000000000000000000000000e+01 5.800000000000000000000000000000e+01 1.985340000000000000000000000000e+05 4.900000000000000000000000000000e+01
8.900000000000000000000000000000e+01 4.200000000000000000000000000000e+01 7.589400000000000000000000000000e+04 5.000000000000000000000000000000e+01
9.000000000000000000000000000000e+01 3.900000000000000000000000000000e+01 6.087900000000000000000000000000e+04 5.100000000000000000000000000000e+01
9.300000000000000000000000000000e+01 2.040000000000000000000000000000e+02 8.531484000000000000000000000000e+06 5.200000000000000000000000000000e+01
9.900000000000000000000000000000e+01 2.730000000000000000000000000000e+02 2.042121900000000000000000000000e+07 5.300000000000000000000000000000e+01
1.010000000000000000000000000000e+02 3.400000000000000000000000000000e+01 4.049400000000000000000000000000e+04 5.400000000000000000000000000000e+01
1.030000000000000000000000000000e+02 5.680000000000000000000000000000e+02 1.835736240000000000000000000000e+08 5.500000000000000000000000000000e+01
1.040000000000000000000000000000e+02 4.700000000000000000000000000000e+01 1.060790000000000000000000000000e+05 5.600000000000000000000000000000e+01
1.050000000000000000000000000000e+02 1.510000000000000000000000000000e+02 3.465903000000000000000000000000e+06 5.700000000000000000000000000000e+01
1.060000000000000000000000000000e+02 4.000000000000000000000000000000e+00 8.400000000000000000000000000000e+01 5.800000000000000000000000000000e+01
1.070000000000000000000000000000e+02 9.300000000000000000000000000000e+01 8.130990000000000000000000000000e+05 5.900000000000000000000000000000e+01
1.090000000000000000000000000000e+02 6.600000000000000000000000000000e+01 2.919180000000000000000000000000e+05 6.000000000000000000000000000000e+01
1.130000000000000000000000000000e+02 1.000000000000000000000000000000e+00 3.000000000000000000000000000000e+00 6.100000000000000000000000000000e+01
1.150000000000000000000000000000e+02 1.030000000000000000000000000000e+02 1.103439000000000000000000000000e+06 6.200000000000000000000000000000e+01
1.190000000000000000000000000000e+02 2.430000000000000000000000000000e+02 1.440819900000000000000000000000e+07 6.300000000000000000000000000000e+01
1.220000000000000000000000000000e+02 8.000000000000000000000000000000e+00 5.840000000000000000000000000000e+02 6.400000000000000000000000000000e+01
1.270000000000000000000000000000e+02 3.760000000000000000000000000000e+02 5.329912800000000000000000000000e+07 6.500000000000000000000000000000e+01
1.290000000000000000000000000000e+02 1.320000000000000000000000000000e+02 2.317524000000000000000000000000e+06 6.600000000000000000000000000000e+01
1.310000000000000000000000000000e+02 1.060000000000000000000000000000e+02 1.202358000000000000000000000000e+06 6.700000000000000000000000000000e+01
1.340000000000000000000000000000e+02 1.010000000000000000000000000000e+02 1.040603000000000000000000000000e+06 6.800000000000000000000000000000e+01
1.350000000000000000000000000000e+02 2.000000000000000000000000000000e+01 8.420000000000000000000000000000e+03 6.900000000000000000000000000000e+01
1.370000000000000000000000000000e+02 3.000000000000000000000000000000e+01 2.793000000000000000000000000000e+04 7.000000000000000000000000000000e+01
1.390000000000000000000000000000e+02 1.140000000000000000000000000000e+02 1.494654000000000000000000000000e+06 7.100000000000000000000000000000e+01
1.410000000000000000000000000000e+02 3.200000000000000000000000000000e+01 3.382400000000000000000000000000e+04 7.200000000000000000000000000000e+01
