0.000000000000000000000000000000e+00 4.000000000000000000000000000000e+00 8.400000000000000000000000000000e+01 0.000000000000000000000000000000e+00
2.000000000000000000000000000000e+00 3.500000000000000000000000000000e+01 4.413500000000000000000000000000e+04 1.000000000000000000000000000000e+00
5.000000000000000000000000000000e+00 1.310000000000000000000000000000e+02 2.265383000000000000000000000000e+06 2.000000000000000000000000000000e+00
7.000000000000000000000000000000e+00 5.100000000000000000000000000000e+01 1.353030000000000000000000000000e+05 3.000000000000000000000000000000e+00
9.000000000000000000000000000000e+00 4.370000000000000000000000000000e+02 8.364485900000000000000000000000e+07 4.000000000000000000000000000000e+00
1.000000000000000000000000000000e+01 4.400000000000000000000000000000e+01 8.716400000000000000000000000000e+04 5.000000000000000000000000000000e+00
1.100000000000000000000000000000e+01 1.380000000000000000000000000000e+02 2.647254000000000000000000000000e+06 6.000000000000000000000000000000e+00
1.300000000000000000000000000000e+01 2.390000000000000000000000000000e+02 1.370927900000000000000000000000e+07 7.000000000000000000000000000000e+00
1.400000000000000000000000000000e+01 4.000000000000000000000000000000e+00 8.400000000000000000000000000000e+01 8.000000000000000000000000000000e+00
1.600000000000000000000000000000e+01 1.460000000000000000000000000000e+02 3.133598000000000000000000000000e+06 9.000000000000000000000000000000e+00
2.100000000000000000000000000000e+01 1.490000000000000000000000000000e+02 3.330299000000000000000000000000e+06 1.000000000000000000000000000000e+01
2.500000000000000000000000000000e+01 1.260000000000000000000000000000e+02 2.016378000000000000000000000000e+06 1.100000000000000000000000000000e+01
3.000000000000000000000000000000e+01 2.010000000000000000000000000000e+02 8.161203000000000000000000000000e+06 1.200000000000000000000000000000e+01
3.200000000000000000000000000000e+01 3.620000000000000000000000000000e+02 4.756933400000000000000000000000e+07 1.300000000000000000000000000000e+01
3.300000000000000000000000000000e+01 1.580000000000000000000000000000e+02 3.969434000000000000000000000000e+06 1.400000000000000000000000000000e+01
3.600000000000000000000000000000e+01 5.000000000000000000000000000000e+00 1.550000000000000000000000000000e+02 1.500000000000000000000000000000e+01
3.700000000000000000000000000000e+01 1.010000000000000000000000000000e+02 1.040603000000000000000000000000e+06 1.600000000000000000000000000000e+01
3.800000000000000000000000000000e+01 5.000000000000000000000000000000e+01 1.275500000000000000000000000000e+05 1.700000000000000000000000000000e+01
3.900000000000000000000000000000e+01 2.150000000000000000000000000000e+02 9.984815000000000000000000000000e+06 1.800000000000000000000000000000e+01
4.100000000000000000000000000000e+01 1.200000000000000000000000000000e+02 1.742520000000000000000000000000e+06 1.900000000000000000000000000000e+01
4.200000000000000000000000000000e+01 8.100000000000000000000000000000e+01 5.380830000000000000000000000000e+05 2.000000000000000000000000000000e+01
4.700000000000000000000000000000e+01 1.900000000000000000000000000000e+01 7.239000000000000000000000000000e+03 2.100000000000000000000000000000e+01
4.800000000000000000000000000000e+01 4.500000000000000000000000000000e+01 9.319500000000000000000000000000e+04 2.200000000000000000000000000000e+01
4.900000000000000000000000000000e+01 5.000000000000000000000000000000e+00 1.550000000000000000000000000000e+02 2.300000000000000000000000000000e+01
5.000000000000000000000000000000e+01 2.000000000000000000000000000000e+01 8.420000000000000000000000000000e+03 2.400000000000000000000000000000e+01
5.300000000000000000000000000000e+01 1.800000000000000000000000000000e+01 6.174000000000000000000000000000e+03 2.500000000000000000000000000000e+01
5.500000000000000000000000000000e+01 2.500000000000000000000000000000e+01 1.627500000000000000000000000000e+04 2.600000000000000000000000000000e+01
5.600000000000000000000000000000e+01 1.000000000000000000000000000000e+00 3.000000000000000000000000000000e+00 2.700000000000000000000000000000e+01
5.800000000000000000000000000000e+01 8.600000000000000000000000000000e+01 6.435380000000000000000000000000e+05 2.800000000000000000000000000000e+01
6.000000000000000000000000000000e+01 9.200000000000000000000000000000e+01 7.872440000000000000000000000000e+05 2.900000000000000000000000000000e+01
7.000000000000000000000000000000e+01 5.200000000000000000000000000000e+01 1.433640000000000000000000000000e+05 3.000000000000000000000000000000e+01
7.100000000000000000000000000000e+01 7.000000000000000000000000000000e+01 3.479700000000000000000000000000e+05 3.100000000000000000000000000000e+01
7.200000000000000000000000000000e+01 3.000000000000000000000000000000e+01 2.793000000000000000000000000000e+04 3.200000000000000000000000000000e+01
7.600000000000000000000000000000e+01 8.300000000000000000000000000000e+01 5.787590000000000000000000000000e+05 3.300000000000000000000000000000e+01
7.700000000000000000000000000000e+01 1.150000000000000000000000000000e+02 1.534215000000000000000000000000e+06 3.400000000000000000000000000000e+01
7.800000000000000000000000000000e+01 2.000000000000000000000000000000e+00 1.400000000000000000000000000000e+01 3.500000000000000000000000000000e+01
7.900000000000000000000000000000e+01 1.440000000000000000000000000000e+02 3.006864000000000000000000000000e+06 3.600000000000000000000000000000e+01
8.200000000000000000000000000000e+01 9.900000000000000000000000000000e+01 9.801990000000000000000000000000e+05 3.700000000000000000000000000000e+01
8.500000000000000000000000000000e+01 4.500000000000000000000000000000e+01 9.319500000000000000000000000000e+04 3.800000000000000000000000000000e+01
8.700000000000000000000000000000e+01 2.110000000000000000000000000000e+02 9.438663000000000000000000000000e+06 3.900000000000000000000000000000e+01
8.800000000000000000000000000000e+01 5.400000000000000000000000000000e+01 1.604340000000000000000000000000e+05 4.000000000000000000000000000000e+01
9.000000000000000000000000000000e+01 4.000000000000000000000000000000e+00 8.400000000000000000000000000000e+01 4.100000000000000000000000000000e+01
9.200000000000000000000000000000e+01 4.390000000000000000000000000000e+02 8.479767900000000000000000000000e+07 4.200000000000000000000000000000e+01
9.300000000000000000000000000000e+01 2.320000000000000000000000000000e+02 1.254122400000000000000000000000e+07 4.300000000000000000000000000000e+01
9.400000000000000000000000000000e+01 6.500000000000000000000000000000e+01 2.789150000000000000000000000000e+05 4.400000000000000000000000000000e+01
9.500000000000000000000000000000e+01 4.600000000000000000000000000000e+01 9.949800000000000000000000000000e+04 4.500000000000000000000000000000e+01
9.600000000000000000000000000000e+01 1.390000000000000000000000000000e+02 2.705079000000000000000000000000e+06 4.600000000000000000000000000000e+01
9.700000000000000000000000000000e+01 9.800000000000000000000000000000e+01 9.508940000000000000000000000000e+05 4.700000000000000000000000000000e+01
1.030000000000000000000000000000e+02 8.000000000000000000000000000000e+01 5.184800000000000000000000000000e+05 4.800000000000000000000000000000e+01
1.040000000000000000000000000000e+02 2.930000000000000000000000000000e+02 2.523989900000000000000000000000e+07 4.900000000000000000000000000000e+01
1.060000000000000000000000000000e+02 1.100000000000000000000000000000e+01 1.463000000000000000000000000000e+03 5.000000000000000000000000000000e+01
1.070000000000000000000000000000e+02 3.600000000000000000000000000000e+01 4.798800000000000000000000000000e+04 5.100000000000000000000000000000e+01
1.080000000000000000000000000000e+02 2.360000000000000000000000000000e+02 1.320018800000000000000000000000e+07 5.200000000000000000000000000000e+01
1.090000000000000000000000000000e+02 4.100000000000000000000000000000e+01 7.064300000000000000000000000000e+04 5.300000000000000000000000000000e+01
1.110000000000000000000000000000e+02 2.370000000000000000000000000000e+02 1.336845900000000000000000000000e+07 5.400000000000000000000000000000e+01
1.120000000000000000000000000000e+02 5.200000000000000000000000000000e+01 1.433640000000000000000000000000e+05 5.500000000000000000000000000000e+01
1.130000000000000000000000000000e+02 1.300000000000000000000000000000e+01 2.379000000000000000000000000000e+03 5.600000000000000000000000000000e+01
1.150000000000000000000000000000e+02 2.010000000000000000000000000000e+02 8.161203000000000000000000000000e+06 5.700000000000000000000000000000e+01
1.160000000000000000000000000000e+02 4.000000000000000000000000000000e+01 6.564000000000000000000000000000e+04 5.800000000000000000000000000000e+01
1.230000000000000000000000000000e+02 1.810000000000000000000000000000e+02 5.962683000000000000000000000000e+06 5.900000000000000000000000000000e+01
1.240000000000000000000000000000e+02 4.900000000000000000000000000000e+01 1.200990000000000000000000000000e+05 6.000000000000000000000000000000e+01
1.250000000000000000000000000000e+02 4.800000000000000000000000000000e+01 1.129440000000000000000000000000e+05 6.100000000000000000000000000000e+01
1.280000000000000000000000000000e+02 1.700000000000000000000000000000e+01 5.219000000000000000000000000000e+03 6.200000000000000000000000000000e+01
1.300000000000000000000000000000e+02 9.000000000000000000000000000000e+00 8.190000000000000000000000000000e+02 6.300000000000000000000000000000e+01
1.310000000000000000000000000000e+02 2.080000000000000000000000000000e+02 9.042384000000000000000000000000e+06 6.400000000000000000000000000000e+01
1.330000000000000000000000000000e+02 1.300000000000000000000000000000e+02 2.214030000000000000000000000000e+06 6.500000000000000000000000000000e+01
1.340000000000000000000000000000e+02 8.400000000000000000000000000000e+01 5.998440000000000000000000000000e+05 6.600000000000000000000000000000e+01
1.360000000000000000000000000000e+02 5.300000000000000000000000000000e+01 1.517390000000000000000000000000e+05 6.700000000000000000000000000000e+01
1.380000000000000000000000000000e+02 9.600000000000000000000000000000e+01 8.940480000000000000000000000000e+05 6.800000000000000000000000000000e+01
1.400000000000000000000000000000e+02 8.500000000000000000000000000000e+01 6.214350000000000000000000000000e+05 6.900000000000000000000000000000e+01
1.410000000000000000000000000000e+02 5.400000000000000000000000000000e+01 1.604340000000000000000000000000e+05 7.000000000000000000000000000000e+01
1.420000000000000000000000000000e+02 4.900000000000000000000000000000e+01 1.200990000000000000000000000000e+05 7.100000000000000000000000000000e+01
1.440000000000000000000000000000e+02 2.050000000000000000000000000000e+02 8.657355000000000000000000000000e+06 7.200000000000000000000000000000e+01
1.450000000000000000000000000000e+02 9.300000000000000000000000000000e+01 8.130990000000000000000000000000e+05 7.300000000000000000000000000000e+01
1.460000000000000000000000000000e+02 3.100000000000000000000000000000e+01 3.078300000000000000000000000000e+04 7.400000000000000000000000000000e+01
1.470000000000000000000000000000e+02 5.000000000000000000000000000000e+01 1.275500000000000000000000000000e+05 7.500000000000000000000000000000e+01
1.490000000000000000000000000000e+02 1.900000000000000000000000000000e+01 7.239000000000000000000000000000e+03 7.600000000000000000000000000000e+01
