0.000000000000000000000000000000e+00 2.400000000000000000000000000000e+01 1.442400000000000000000000000000e+04 0.000000000000000000000000000000e+00
2.000000000000000000000000000000e+00 1.770000000000000000000000000000e+02 5.576739000000000000000000000000e+06 1.000000000000000000000000000000e+00
4.000000000000000000000000000000e+00 8.200000000000000000000000000000e+01 5.581740000000000000000000000000e+05 2.000000000000000000000000000000e+00
5.000000000000000000000000000000e+00 4.400000000000000000000000000000e+01 8.716400000000000000000000000000e+04 3.000000000000000000000000000000e+00
7.000000000000000000000000000000e+00 7.400000000000000000000000000000e+01 4.107740000000000000000000000000e+05 4.000000000000000000000000000000e+00
8.000000000000000000000000000000e+00 4.900000000000000000000000000000e+01 1.200990000000000000000000000000e+05 5.000000000000000000000000000000e+00
9.000000000000000000000000000000e+00 1.050000000000000000000000000000e+02 1.168755000000000000000000000000e+06 6.000000000000000000000000000000e+00
1.000000000000000000000000000000e+01 5.300000000000000000000000000000e+01 1.517390000000000000000000000000e+05 7.000000000000000000000000000000e+00
1.200000000000000000000000000000e+01 1.500000000000000000000000000000e+01 3.615000000000000000000000000000e+03 8.000000000000000000000000000000e+00
1.300000000000000000000000000000e+01 3.230000000000000000000000000000e+02 3.380291900000000000000000000000e+07 9.000000000000000000000000000000e+00
1.400000000000000000000000000000e+01 1.800000000000000000000000000000e+01 6.174000000000000000000000000000e+03 1.000000000000000000000000000000e+01
1.500000000000000000000000000000e+01 1.100000000000000000000000000000e+01 1.463000000000000000000000000000e+03 1.100000000000000000000000000000e+01
1.600000000000000000000000000000e+01 2.100000000000000000000000000000e+01 9.723000000000000000000000000000e+03 1.200000000000000000000000000000e+01
2.000000000000000000000000000000e+01 4.590000000000000000000000000000e+02 9.691371900000000000000000000000e+07 1.300000000000000000000000000000e+01
2.300000000000000000000000000000e+01 2.700000000000000000000000000000e+01 2.043900000000000000000000000000e+04 1.400000000000000000000000000000e+01
2.400000000000000000000000000000e+01 9.000000000000000000000000000000e+01 7.371900000000000000000000000000e+05 1.500000000000000000000000000000e+01
2.500000000000000000000000000000e+01 2.500000000000000000000000000000e+01 1.627500000000000000000000000000e+04 1.600000000000000000000000000000e+01
2.700000000000000000000000000000e+01 8.100000000000000000000000000000e+01 5.380830000000000000000000000000e+05 1.700000000000000000000000000000e+01
2.900000000000000000000000000000e+01 5.200000000000000000000000000000e+01 1.433640000000000000000000000000e+05 1.800000000000000000000000000000e+01
3.000000000000000000000000000000e+01 1.400000000000000000000000000000e+02 2.763740000000000000000000000000e+06 1.900000000000000000000000000000e+01
3.300000000000000000000000000000e+01 1.300000000000000000000000000000e+02 2.214030000000000000000000000000e+06 2.000000000000000000000000000000e+01
3.500000000000000000000000000000e+01 9.400000000000000000000000000000e+01 8.395140000000000000000000000000e+05 2.100000000000000000000000000000e+01
4.000000000000000000000000000000e+01 2.190000000000000000000000000000e+02 1.055163900000000000000000000000e+07 2.200000000000000000000000000000e+01
4.100000000000000000000000000000e+01 1.110000000000000000000000000000e+02 1.380063000000000000000000000000e+06 2.300000000000000000000000000000e+01
4.400000000000000000000000000000e+01 1.800000000000000000000000000000e+01 6.174000000000000000000000000000e+03 2.400000000000000000000000000000e+01
4.800000000000000000000000000000e+01 9.300000000000000000000000000000e+01 8.130990000000000000000000000000e+05 2.500000000000000000000000000000e+01
4.900000000000000000000000000000e+01 5.600000000000000000000000000000e+01 1.788080000000000000000000000000e+05 2.600000000000000000000000000000e+01
5.000000000000000000000000000000e+01 6.400000000000000000000000000000e+01 2.663040000000000000000000000000e+05 2.700000000000000000000000000000e+01
5.200000000000000000000000000000e+01 2.100000000000000000000000000000e+01 9.723000000000000000000000000000e+03 2.800000000000000000000000000000e+01
5.800000000000000000000000000000e+01 4.700000000000000000000000000000e+01 1.060790000000000000000000000000e+05 2.900000000000000000000000000000e+01
5.900000000000000000000000000000e+01 9.800000000000000000000000000000e+01 9.508940000000000000000000000000e+05 3.000000000000000000000000000000e+01
6.000000000000000000000000000000e+01 2.000000000000000000000000000000e+00 1.400000000000000000000000000000e+01 3.100000000000000000000000000000e+01
6.100000000000000000000000000000e+01 3.850000000000000000000000000000e+02 5.721523500000000000000000000000e+07 3.200000000000000000000000000000e+01
6.200000000000000000000000000000e+01 5.700000000000000000000000000000e+01 1.884990000000000000000000000000e+05 3.300000000000000000000000000000e+01
6.500000000000000000000000000000e+01 8.500000000000000000000000000000e+01 6.214350000000000000000000000000e+05 3.400000000000000000000000000000e+01
6.800000000000000000000000000000e+01 7.400000000000000000000000000000e+01 4.107740000000000000000000000000e+05 3.500000000000000000000000000000e+01
7.200000000000000000000000000000e+01 1.220000000000000000000000000000e+02 1.830854000000000000000000000000e+06 3.600000000000000000000000000000e+01
7.300000000000000000000000000000e+01 3.200000000000000000000000000000e+01 3.382400000000000000000000000000e+04 3.700000000000000000000000000000e+01
7.400000000000000000000000000000e+01 3.400000000000000000000000000000e+01 4.049400000000000000000000000000e+04 3.800000000000000000000000000000e+01
7.500000000000000000000000000000e+01 5.000000000000000000000000000000e+01 1.275500000000000000000000000000e+05 3.900000000000000000000000000000e+01
8.100000000000000000000000000000e+01 1.710000000000000000000000000000e+02 5.029623000000000000000000000000e+06 4.000000000000000000000000000000e+01
8.200000000000000000000000000000e+01 2.000000000000000000000000000000e+01 8.420000000000000000000000000000e+03 4.100000000000000000000000000000e+01
8.400000000000000000000000000000e+01 5.000000000000000000000000000000e+00 1.550000000000000000000000000000e+02 4.200000000000000000000000000000e+01
8.500000000000000000000000000000e+01 3.350000000000000000000000000000e+02 3.770793500000000000000000000000e+07 4.300000000000000000000000000000e+01
9.200000000000000000000000000000e+01 3.400000000000000000000000000000e+01 4.049400000000000000000000000000e+04 4.400000000000000000000000000000e+01
9.600000000000000000000000000000e+01 1.650000000000000000000000000000e+02 4.519515000000000000000000000000e+06 4.500000000000000000000000000000e+01
9.800000000000000000000000000000e+01 3.800000000000000000000000000000e+01 5.635400000000000000000000000000e+04 4.600000000000000000000000000000e+01
9.900000000000000000000000000000e+01 1.260000000000000000000000000000e+02 2.016378000000000000000000000000e+06 4.700000000000000000000000000000e+01
1.000000000000000000000000000000e+02 2.500000000000000000000000000000e+02 1.568775000000000000000000000000e+07 4.800000000000000000000000000000e+01
1.010000000000000000000000000000e+02 5.500000000000000000000000000000e+01 1.694550000000000000000000000000e+05 4.900000000000000000000000000000e+01
1.020000000000000000000000000000e+02 2.090000000000000000000000000000e+02 9.173219000000000000000000000000e+06 5.000000000000000000000000000000e+01
1.040000000000000000000000000000e+02 3.300000000000000000000000000000e+01 3.705900000000000000000000000000e+04 5.100000000000000000000000000000e+01
1.070000000000000000000000000000e+02 1.920000000000000000000000000000e+02 7.114944000000000000000000000000e+06 5.200000000000000000000000000000e+01
1.080000000000000000000000000000e+02 1.250000000000000000000000000000e+02 1.968875000000000000000000000000e+06 5.300000000000000000000000000000e+01
1.090000000000000000000000000000e+02 8.500000000000000000000000000000e+01 6.214350000000000000000000000000e+05 5.400000000000000000000000000000e+01
1.120000000000000000000000000000e+02 1.450000000000000000000000000000e+02 3.069795000000000000000000000000e+06 5.500000000000000000000000000000e+01
1.140000000000000000000000000000e+02 7.700000000000000000000000000000e+01 4.625390000000000000000000000000e+05 5.600000000000000000000000000000e+01
1.160000000000000000000000000000e+02 5.000000000000000000000000000000e+00 1.550000000000000000000000000000e+02 5.700000000000000000000000000000e+01
1.170000000000000000000000000000e+02 3.600000000000000000000000000000e+01 4.798800000000000000000000000000e+04 5.800000000000000000000000000000e+01
1.200000000000000000000000000000e+02 4.500000000000000000000000000000e+01 9.319500000000000000000000000000e+04 5.900000000000000000000000000000e+01
1.210000000000000000000000000000e+02 7.470000000000000000000000000000e+02 4.173914790000000000000000000000e+08 6.000000000000000000000000000000e+01
1.220000000000000000000000000000e+02 2.690000000000000000000000000000e+02 1.953773900000000000000000000000e+07 6.100000000000000000000000000000e+01
1.290000000000000000000000000000e+02 1.750000000000000000000000000000e+02 5.390175000000000000000000000000e+06 6.200000000000000000000000000000e+01
1.300000000000000000000000000000e+02 9.900000000000000000000000000000e+01 9.801990000000000000000000000000e+05 6.300000000000000000000000000000e+01
1.310000000000000000000000000000e+02 2.000000000000000000000000000000e+00 1.400000000000000000000000000000e+01 6.400000000000000000000000000000e+01
1.390000000000000000000000000000e+02 2.600000000000000000000000000000e+01 1.827800000000000000000000000000e+04 6.500000000000000000000000000000e+01
1.400000000000000000000000000000e+02 4.800000000000000000000000000000e+01 1.129440000000000000000000000000e+05 6.600000000000000000000000000000e+01
1.410000000000000000000000000000e+02 6.000000000000000000000000000000e+01 2.196600000000000000000000000000e+05 6.700000000000000000000000000000e+01
1.420000000000000000000000000000e+02 7.800000000000000000000000000000e+01 4.807140000000000000000000000000e+05 6.800000000000000000000000000000e+01
1.430000000000000000000000000000e+02 1.160000000000000000000000000000e+02 1.574468000000000000000000000000e+06 6.900000000000000000000000000000e+01
1.480000000000000000000000000000e+02 6.000000000000000000000000000000e+00 2.580000000000000000000000000000e+02 7.000000000000000000000000000000e+01
