0.000000000000000000000000000000e+00 4.720000000000000000000000000000e+02 1.053773040000000000000000000000e+08 0.000000000000000000000000000000e+00
3.000000000000000000000000000000e+00 6.600000000000000000000000000000e+01 2.919180000000000000000000000000e+05 1.000000000000000000000000000000e+00
6.000000000000000000000000000000e+00 1.460000000000000000000000000000e+02 3.133598000000000000000000000000e+06 2.000000000000000000000000000000e+00
1.500000000000000000000000000000e+01 4.100000000000000000000000000000e+01 7.064300000000000000000000000000e+04 3.000000000000000000000000000000e+00
1.600000000000000000000000000000e+01 6.800000000000000000000000000000e+01 3.191240000000000000000000000000e+05 4.000000000000000000000000000000e+00
1.800000000000000000000000000000e+01 2.000000000000000000000000000000e+01 8.420000000000000000000000000000e+03 5.000000000000000000000000000000e+00
1.900000000000000000000000000000e+01 2.200000000000000000000000000000e+01 1.115400000000000000000000000000e+04 6.000000000000000000000000000000e+00
2.600000000000000000000000000000e+01 1.200000000000000000000000000000e+02 1.742520000000000000000000000000e+06 7.000000000000000000000000000000e+00
2.700000000000000000000000000000e+01 1.970000000000000000000000000000e+02 7.684379000000000000000000000000e+06 8.000000000000000000000000000000e+00
2.800000000000000000000000000000e+01 7.600000000000000000000000000000e+01 4.448280000000000000000000000000e+05 9.000000000000000000000000000000e+00
2.900000000000000000000000000000e+01 9.200000000000000000000000000000e+01 7.872440000000000000000000000000e+05 1.000000000000000000000000000000e+01
3.100000000000000000000000000000e+01 9.800000000000000000000000000000e+01 9.508940000000000000000000000000e+05 1.100000000000000000000000000000e+01
3.200000000000000000000000000000e+01 3.900000000000000000000000000000e+01 6.087900000000000000000000000000e+04 1.200000000000000000000000000000e+01
3.800000000000000000000000000000e+01 9.000000000000000000000000000000e+01 7.371900000000000000000000000000e+05 1.300000000000000000000000000000e+01
4.000000000000000000000000000000e+01 4.880000000000000000000000000000e+02 1.164529040000000000000000000000e+08 1.400000000000000000000000000000e+01
4.400000000000000000000000000000e+01 1.380000000000000000000000000000e+02 2.647254000000000000000000000000e+06 1.500000000000000000000000000000e+01
4.600000000000000000000000000000e+01 5.900000000000000000000000000000e+01 2.089190000000000000000000000000e+05 1.600000000000000000000000000000e+01
4.900000000000000000000000000000e+01 4.050000000000000000000000000000e+02 6.659455500000000000000000000000e+07 1.700000000000000000000000000000e+01
5.000000000000000000000000000000e+01 1.100000000000000000000000000000e+01 1.463000000000000000000000000000e+03 1.800000000000000000000000000000e+01
5.500000000000000000000000000000e+01 4.000000000000000000000000000000e+00 8.400000000000000000000000000000e+01 1.900000000000000000000000000000e+01
5.600000000000000000000000000000e+01 2.520000000000000000000000000000e+02 1.606676400000000000000000000000e+07 2.000000000000000000000000000000e+01
5.700000000000000000000000000000e+01 2.230000000000000000000000000000e+02 1.113951900000000000000000000000e+07 2.100000000000000000000000000000e+01
5.800000000000000000000000000000e+01 8.600000000000000000000000000000e+01 6.435380000000000000000000000000e+05 2.200000000000000000000000000000e+01
5.900000000000000000000000000000e+01 1.200000000000000000000000000000e+01 1.884000000000000000000000000000e+03 2.300000000000000000000000000000e+01
6.000000000000000000000000000000e+01 6.000000000000000000000000000000e+00 2.580000000000000000000000000000e+02 2.400000000000000000000000000000e+01
6.100000000000000000000000000000e+01 1.590000000000000000000000000000e+02 4.045119000000000000000000000000e+06 2.500000000000000000000000000000e+01
6.200000000000000000000000000000e+01 2.100000000000000000000000000000e+01 9.723000000000000000000000000000e+03 2.600000000000000000000000000000e+01
6.400000000000000000000000000000e+01 8.400000000000000000000000000000e+01 5.998440000000000000000000000000e+05 2.700000000000000000000000000000e+01
6.600000000000000000000000000000e+01 1.210000000000000000000000000000e+02 1.786323000000000000000000000000e+06 2.800000000000000000000000000000e+01
6.700000000000000000000000000000e+01 1.080000000000000000000000000000e+02 1.271484000000000000000000000000e+06 2.900000000000000000000000000000e+01
6.800000000000000000000000000000e+01 5.900000000000000000000000000000e+01 2.089190000000000000000000000000e+05 3.000000000000000000000000000000e+01
6.900000000000000000000000000000e+01 1.100000000000000000000000000000e+01 1.463000000000000000000000000000e+03 3.100000000000000000000000000000e+01
7.000000000000000000000000000000e+01 4.000000000000000000000000000000e+00 8.400000000000000000000000000000e+01 3.200000000000000000000000000000e+01
7.100000000000000000000000000000e+01 1.950000000000000000000000000000e+02 7.453095000000000000000000000000e+06 3.300000000000000000000000000000e+01
7.300000000000000000000000000000e+01 3.140000000000000000000000000000e+02 3.105805400000000000000000000000e+07 3.400000000000000000000000000000e+01
7.600000000000000000000000000000e+01 1.440000000000000000000000000000e+02 3.006864000000000000000000000000e+06 3.500000000000000000000000000000e+01
7.800000000000000000000000000000e+01 9.100000000000000000000000000000e+01 7.619430000000000000000000000000e+05 3.600000000000000000000000000000e+01
8.200000000000000000000000000000e+01 1.210000000000000000000000000000e+02 1.786323000000000000000000000000e+06 3.700000000000000000000000000000e+01
8.600000000000000000000000000000e+01 6.700000000000000000000000000000e+01 3.053190000000000000000000000000e+05 3.800000000000000000000000000000e+01
8.700000000000000000000000000000e+01 2.270000000000000000000000000000e+02 1.174883900000000000000000000000e+07 3.900000000000000000000000000000e+01
9.100000000000000000000000000000e+01 4.400000000000000000000000000000e+01 8.716400000000000000000000000000e+04 4.000000000000000000000000000000e+01
9.400000000000000000000000000000e+01 2.740000000000000000000000000000e+02 2.064617400000000000000000000000e+07 4.100000000000000000000000000000e+01
9.700000000000000000000000000000e+01 1.400000000000000000000000000000e+01 2.954000000000000000000000000000e+03 4.200000000000000000000000000000e+01
9.800000000000000000000000000000e+01 1.780000000000000000000000000000e+02 5.671614000000000000000000000000e+06 4.300000000000000000000000000000e+01
1.000000000000000000000000000000e+02 2.500000000000000000000000000000e+01 1.627500000000000000000000000000e+04 4.400000000000000000000000000000e+01
1.020000000000000000000000000000e+02 1.500000000000000000000000000000e+02 3.397650000000000000000000000000e+06 4.500000000000000000000000000000e+01
1.050000000000000000000000000000e+02 2.160000000000000000000000000000e+02 1.012456800000000000000000000000e+07 4.600000000000000000000000000000e+01
1.060000000000000000000000000000e+02 1.190000000000000000000000000000e+02 1.699439000000000000000000000000e+06 4.700000000000000000000000000000e+01
1.070000000000000000000000000000e+02 4.000000000000000000000000000000e+00 8.400000000000000000000000000000e+01 4.800000000000000000000000000000e+01
1.090000000000000000000000000000e+02 1.100000000000000000000000000000e+01 1.463000000000000000000000000000e+03 4.900000000000000000000000000000e+01
1.110000000000000000000000000000e+02 4.400000000000000000000000000000e+01 8.716400000000000000000000000000e+04 5.000000000000000000000000000000e+01
1.120000000000000000000000000000e+02 3.800000000000000000000000000000e+01 5.635400000000000000000000000000e+04 5.100000000000000000000000000000e+01
1.140000000000000000000000000000e+02 2.310000000000000000000000000000e+02 1.237998300000000000000000000000e+07 5.200000000000000000000000000000e+01
1.160000000000000000000000000000e+02 1.590000000000000000000000000000e+02 4.045119000000000000000000000000e+06 5.300000000000000000000000000000e+01
1.170000000000000000000000000000e+02 1.400000000000000000000000000000e+01 2.954000000000000000000000000000e+03 5.400000000000000000000000000000e+01
1.180000000000000000000000000000e+02 1.500000000000000000000000000000e+01 3.615000000000000000000000000000e+03 5.500000000000000000000000000000e+01
1.200000000000000000000000000000e+02 1.180000000000000000000000000000e+02 1.657074000000000000000000000000e+06 5.600000000000000000000000000000e+01
1.230000000000000000000000000000e+02 1.230000000000000000000000000000e+02 1.876119000000000000000000000000e+06 5.700000000000000000000000000000e+01
1.270000000000000000000000000000e+02 1.850000000000000000000000000000e+02 6.366035000000000000000000000000e+06 5.800000000000000000000000000000e+01
1.280000000000000000000000000000e+02 4.100000000000000000000000000000e+01 7.064300000000000000000000000000e+04 5.900000000000000000000000000000e+01
1.310000000000000000000000000000e+02 4.200000000000000000000000000000e+01 7.589400000000000000000000000000e+04 6.000000000000000000000000000000e+01
1.320000000000000000000000000000e+02 6.000000000000000000000000000000e+01 2.196600000000000000000000000000e+05 6.100000000000000000000000000000e+01
1.330000000000000000000000000000e+02 3.500000000000000000000000000000e+01 4.413500000000000000000000000000e+04 6.200000000000000000000000000000e+01
1.350000000000000000000000000000e+02 5.400000000000000000000000000000e+01 1.604340000000000000000000000000e+05 6.300000000000000000000000000000e+01
1.360000000000000000000000000000e+02 5.000000000000000000000000000000e+01 1.275500000000000000000000000000e+05 6.400000000000000000000000000000e+01
1.390000000000000000000000000000e+02 4.800000000000000000000000000000e+01 1.129440000000000000000000000000e+05 6.500000000000000000000000000000e+01
1.420000000000000000000000000000e+02 1.800000000000000000000000000000e+01 6.174000000000000000000000000000e+03 6.600000000000000000000000000000e+01
1.440000000000000000000000000000e+02 9.600000000000000000000000000000e+01 8.940480000000000000000000000000e+05 6.700000000000000000000000000000e+01
1.450000000000000000000000000000e+02 6.000000000000000000000000000000e+01 2.196600000000000000000000000000e+05 6.800000000000000000000000000000e+01
1.460000000000000000000000000000e+02 3.400000000000000000000000000000e+01 4.049400000000000000000000000000e+04 6.900000000000000000000000000000e+01
