4.000000000000000000000000000000e+00 9.400000000000000000000000000000e+01 8.395140000000000000000000000000e+05 0.000000000000000000000000000000e+00
7.000000000000000000000000000000e+00 2.100000000000000000000000000000e+01 9.723000000000000000000000000000e+03 1.000000000000000000000000000000e+00
8.000000000000000000000000000000e+00 7.500000000000000000000000000000e+01 4.275750000000000000000000000000e+05 2.000000000000000000000000000000e+00
1.000000000000000000000000000000e+01 5.300000000000000000000000000000e+01 1.517390000000000000000000000000e+05 3.000000000000000000000000000000e+00
1.700000000000000000000000000000e+01 7.800000000000000000000000000000e+01 4.807140000000000000000000000000e+05 4.000000000000000000000000000000e+00
2.000000000000000000000000000000e+01 7.000000000000000000000000000000e+01 3.479700000000000000000000000000e+05 5.000000000000000000000000000000e+00
2.100000000000000000000000000000e+01 8.700000000000000000000000000000e+01 6.661590000000000000000000000000e+05 6.000000000000000000000000000000e+00
2.300000000000000000000000000000e+01 1.620000000000000000000000000000e+02 4.277934000000000000000000000000e+06 7.000000000000000000000000000000e+00
2.600000000000000000000000000000e+01 9.600000000000000000000000000000e+01 8.940480000000000000000000000000e+05 8.000000000000000000000000000000e+00
2.700000000000000000000000000000e+01 2.000000000000000000000000000000e+00 1.400000000000000000000000000000e+01 9.000000000000000000000000000000e+00
2.800000000000000000000000000000e+01 1.070000000000000000000000000000e+02 1.236599000000000000000000000000e+06 1.000000000000000000000000000000e+01
3.000000000000000000000000000000e+01 9.000000000000000000000000000000e+00 8.190000000000000000000000000000e+02 1.100000000000000000000000000000e+01
3.400000000000000000000000000000e+01 1.360000000000000000000000000000e+02 2.534088000000000000000000000000e+06 1.200000000000000000000000000000e+01
3.500000000000000000000000000000e+01 8.000000000000000000000000000000e+01 5.184800000000000000000000000000e+05 1.300000000000000000000000000000e+01
4.000000000000000000000000000000e+01 1.250000000000000000000000000000e+02 1.968875000000000000000000000000e+06 1.400000000000000000000000000000e+01
4.100000000000000000000000000000e+01 2.110000000000000000000000000000e+02 9.438663000000000000000000000000e+06 1.500000000000000000000000000000e+01
4.400000000000000000000000000000e+01 1.920000000000000000000000000000e+02 7.114944000000000000000000000000e+06 1.600000000000000000000000000000e+01
4.500000000000000000000000000000e+01 2.560000000000000000000000000000e+02 1.684300800000000000000000000000e+07 1.700000000000000000000000000000e+01
5.200000000000000000000000000000e+01 1.260000000000000000000000000000e+02 2.016378000000000000000000000000e+06 1.800000000000000000000000000000e+01
5.400000000000000000000000000000e+01 1.750000000000000000000000000000e+02 5.390175000000000000000000000000e+06 1.900000000000000000000000000000e+01
5.600000000000000000000000000000e+01 1.790000000000000000000000000000e+02 5.767559000000000000000000000000e+06 2.000000000000000000000000000000e+01
5.800000000000000000000000000000e+01 5.600000000000000000000000000000e+01 1.788080000000000000000000000000e+05 2.100000000000000000000000000000e+01
5.900000000000000000000000000000e+01 2.680000000000000000000000000000e+02 1.932092400000000000000000000000e+07 2.200000000000000000000000000000e+01
6.600000000000000000000000000000e+01 3.180000000000000000000000000000e+02 3.225887400000000000000000000000e+07 2.300000000000000000000000000000e+01
6.700000000000000000000000000000e+01 2.160000000000000000000000000000e+02 1.012456800000000000000000000000e+07 2.400000000000000000000000000000e+01
6.800000000000000000000000000000e+01 1.250000000000000000000000000000e+02 1.968875000000000000000000000000e+06 2.500000000000000000000000000000e+01
6.900000000000000000000000000000e+01 1.880000000000000000000000000000e+02 6.680204000000000000000000000000e+06 2.600000000000000000000000000000e+01
7.000000000000000000000000000000e+01 8.200000000000000000000000000000e+01 5.581740000000000000000000000000e+05 2.700000000000000000000000000000e+01
7.100000000000000000000000000000e+01 1.480000000000000000000000000000e+02 3.263844000000000000000000000000e+06 2.800000000000000000000000000000e+01
7.400000000000000000000000000000e+01 2.690000000000000000000000000000e+02 1.953773900000000000000000000000e+07 2.900000000000000000000000000000e+01
7.600000000000000000000000000000e+01 6.300000000000000000000000000000e+01 2.540790000000000000000000000000e+05 3.000000000000000000000000000000e+01
8.000000000000000000000000000000e+01 2.800000000000000000000000000000e+01 2.276400000000000000000000000000e+04 3.100000000000000000000000000000e+01
8.200000000000000000000000000000e+01 1.970000000000000000000000000000e+02 7.684379000000000000000000000000e+06 3.200000000000000000000000000000e+01
8.400000000000000000000000000000e+01 7.000000000000000000000000000000e+01 3.479700000000000000000000000000e+05 3.300000000000000000000000000000e+01
8.500000000000000000000000000000e+01 4.700000000000000000000000000000e+01 1.060790000000000000000000000000e+05 3.400000000000000000000000000000e+01
8.800000000000000000000000000000e+01 4.710000000000000000000000000000e+02 1.047094230000000000000000000000e+08 3.500000000000000000000000000000e+01
8.900000000000000000000000000000e+01 2.040000000000000000000000000000e+02 8.531484000000000000000000000000e+06 3.600000000000000000000000000000e+01
9.100000000000000000000000000000e+01 1.180000000000000000000000000000e+02 1.657074000000000000000000000000e+06 3.700000000000000000000000000000e+01
9.200000000000000000000000000000e+01 3.700000000000000000000000000000e+01 5.205900000000000000000000000000e+04 3.800000000000000000000000000000e+01
9.300000000000000000000000000000e+01 7.400000000000000000000000000000e+01 4.107740000000000000000000000000e+05 3.900000000000000000000000000000e+01
9.500000000000000000000000000000e+01 6.900000000000000000000000000000e+01 3.333390000000000000000000000000e+05 4.000000000000000000000000000000e+01
9.600000000000000000000000000000e+01 3.900000000000000000000000000000e+01 6.087900000000000000000000000000e+04 4.100000000000000000000000000000e+01
9.700000000000000000000000000000e+01 1.160000000000000000000000000000e+02 1.574468000000000000000000000000e+06 4.200000000000000000000000000000e+01
9.800000000000000000000000000000e+01 3.100000000000000000000000000000e+01 3.078300000000000000000000000000e+04 4.300000000000000000000000000000e+01
9.900000000000000000000000000000e+01 7.500000000000000000000000000000e+01 4.275750000000000000000000000000e+05 4.400000000000000000000000000000e+01
1.000000000000000000000000000000e+02 1.600000000000000000000000000000e+01 4.368000000000000000000000000000e+03 4.500000000000000000000000000000e+01
1.010000000000000000000000000000e+02 2.570000000000000000000000000000e+02 1.704089900000000000000000000000e+07 4.600000000000000000000000000000e+01
1.070000000000000000000000000000e+02 8.300000000000000000000000000000e+01 5.787590000000000000000000000000e+05 4.700000000000000000000000000000e+01
1.080000000000000000000000000000e+02 2.800000000000000000000000000000e+01 2.276400000000000000000000000000e+04 4.800000000000000000000000000000e+01
1.090000000000000000000000000000e+02 2.850000000000000000000000000000e+02 2.323063500000000000000000000000e+07 4.900000000000000000000000000000e+01
1.100000000000000000000000000000e+02 4.400000000000000000000000000000e+01 8.716400000000000000000000000000e+04 5.000000000000000000000000000000e+01
1.110000000000000000000000000000e+02 1.700000000000000000000000000000e+01 5.219000000000000000000000000000e+03 5.100000000000000000000000000000e+01
1.120000000000000000000000000000e+02 6.800000000000000000000000000000e+01 3.191240000000000000000000000000e+05 5.200000000000000000000000000000e+01
1.130000000000000000000000000000e+02 1.400000000000000000000000000000e+01 2.954000000000000000000000000000e+03 5.300000000000000000000000000000e+01
1.140000000000000000000000000000e+02 1.000000000000000000000000000000e+00 3.000000000000000000000000000000e+00 5.400000000000000000000000000000e+01
1.150000000000000000000000000000e+02 1.500000000000000000000000000000e+01 3.615000000000000000000000000000e+03 5.500000000000000000000000000000e+01
1.250000000000000000000000000000e+02 2.460000000000000000000000000000e+02 1.494769800000000000000000000000e+07 5.600000000000000000000000000000e+01
1.290000000000000000000000000000e+02 6.000000000000000000000000000000e+01 2.196600000000000000000000000000e+05 5.700000000000000000000000000000e+01
1.310000000000000000000000000000e+02 1.330000000000000000000000000000e+02 2.370459000000000000000000000000e+06 5.800000000000000000000000000000e+01
1.320000000000000000000000000000e+02 6.800000000000000000000000000000e+01 3.191240000000000000000000000000e+05 5.900000000000000000000000000000e+01
1.350000000000000000000000000000e+02 6.100000000000000000000000000000e+01 2.307630000000000000000000000000e+05 6.000000000000000000000000000000e+01
1.360000000000000000000000000000e+02 2.600000000000000000000000000000e+01 1.827800000000000000000000000000e+04 6.100000000000000000000000000000e+01
1.380000000000000000000000000000e+02 3.550000000000000000000000000000e+02 4.486525500000000000000000000000e+07 6.200000000000000000000000000000e+01
1.430000000000000000000000000000e+02 7.300000000000000000000000000000e+01 3.944190000000000000000000000000e+05 6.300000000000000000000000000000e+01
1.440000000000000000000000000000e+02 8.100000000000000000000000000000e+01 5.380830000000000000000000000000e+05 6.400000000000000000000000000000e+01
1.450000000000000000000000000000e+02 4.000000000000000000000000000000e+01 6.564000000000000000000000000000e+04 6.500000000000000000000000000000e+01
1.460000000000000000000000000000e+02 6.000000000000000000000000000000e+00 2.580000000000000000000000000000e+02 6.600000000000000000000000000000e+01
1.470000000000000000000000000000e+02 7.500000000000000000000000000000e+01 4.275750000000000000000000000000e+05 6.700000000000000000000000000000e+01
1.490000000000000000000000000000e+02 5.200000000000000000000000000000e+01 1.433640000000000000000000000000e+05 6.800000000000000000000000000000e+01
