3.000000000000000000000000000000e+00 1.560000000000000000000000000000e+02 3.820908000000000000000000000000e+06 0.000000000000000000000000000000e+00
4.000000000000000000000000000000e+00 4.500000000000000000000000000000e+01 9.319500000000000000000000000000e+04 1.000000000000000000000000000000e+00
9.000000000000000000000000000000e+00 3.000000000000000000000000000000e+01 2.793000000000000000000000000000e+04 2.000000000000000000000000000000e+00
1.000000000000000000000000000000e+01 1.500000000000000000000000000000e+01 3.615000000000000000000000000000e+03 3.000000000000000000000000000000e+00
1.200000000000000000000000000000e+01 5.400000000000000000000000000000e+01 1.604340000000000000000000000000e+05 4.000000000000000000000000000000e+00
1.500000000000000000000000000000e+01 1.000000000000000000000000000000e+01 1.110000000000000000000000000000e+03 5.000000000000000000000000000000e+00
1.600000000000000000000000000000e+01 2.020000000000000000000000000000e+02 8.283414000000000000000000000000e+06 6.000000000000000000000000000000e+00
1.700000000000000000000000000000e+01 6.400000000000000000000000000000e+01 2.663040000000000000000000000000e+05 7.000000000000000000000000000000e+00
1.900000000000000000000000000000e+01 3.000000000000000000000000000000e+00 3.900000000000000000000000000000e+01 8.000000000000000000000000000000e+00
2.200000000000000000000000000000e+01 1.900000000000000000000000000000e+01 7.239000000000000000000000000000e+03 9.000000000000000000000000000000e+00
2.400000000000000000000000000000e+01 7.800000000000000000000000000000e+01 4.807140000000000000000000000000e+05 1.000000000000000000000000000000e+01
2.500000000000000000000000000000e+01 6.100000000000000000000000000000e+01 2.307630000000000000000000000000e+05 1.100000000000000000000000000000e+01
2.600000000000000000000000000000e+01 6.800000000000000000000000000000e+01 3.191240000000000000000000000000e+05 1.200000000000000000000000000000e+01
2.700000000000000000000000000000e+01 1.610000000000000000000000000000e+02 4.199363000000000000000000000000e+06 1.300000000000000000000000000000e+01
2.800000000000000000000000000000e+01 5.900000000000000000000000000000e+01 2.089190000000000000000000000000e+05 1.400000000000000000000000000000e+01
3.100000000000000000000000000000e+01 2.730000000000000000000000000000e+02 2.042121900000000000000000000000e+07 1.500000000000000000000000000000e+01
3.200000000000000000000000000000e+01 9.800000000000000000000000000000e+01 9.508940000000000000000000000000e+05 1.600000000000000000000000000000e+01
3.300000000000000000000000000000e+01 3.500000000000000000000000000000e+01 4.413500000000000000000000000000e+04 1.700000000000000000000000000000e+01
3.600000000000000000000000000000e+01 1.200000000000000000000000000000e+02 1.742520000000000000000000000000e+06 1.800000000000000000000000000000e+01
3.700000000000000000000000000000e+01 3.400000000000000000000000000000e+01 4.049400000000000000000000000000e+04 1.900000000000000000000000000000e+01
3.800000000000000000000000000000e+01 4.000000000000000000000000000000e+01 6.564000000000000000000000000000e+04 2.000000000000000000000000000000e+01
3.900000000000000000000000000000e+01 2.510000000000000000000000000000e+02 1.587650300000000000000000000000e+07 2.100000000000000000000000000000e+01
4.100000000000000000000000000000e+01 4.300000000000000000000000000000e+01 8.139900000000000000000000000000e+04 2.200000000000000000000000000000e+01
4.500000000000000000000000000000e+01 4.700000000000000000000000000000e+01 1.060790000000000000000000000000e+05 2.300000000000000000000000000000e+01
4.800000000000000000000000000000e+01 8.800000000000000000000000000000e+01 6.893040000000000000000000000000e+05 2.400000000000000000000000000000e+01
4.900000000000000000000000000000e+01 4.600000000000000000000000000000e+01 9.949800000000000000000000000000e+04 2.500000000000000000000000000000e+01
5.000000000000000000000000000000e+01 2.800000000000000000000000000000e+01 2.276400000000000000000000000000e+04 2.600000000000000000000000000000e+01
5.100000000000000000000000000000e+01 3.360000000000000000000000000000e+02 3.804628800000000000000000000000e+07 2.700000000000000000000000000000e+01
5.400000000000000000000000000000e+01 4.700000000000000000000000000000e+01 1.060790000000000000000000000000e+05 2.800000000000000000000000000000e+01
5.500000000000000000000000000000e+01 9.400000000000000000000000000000e+01 8.395140000000000000000000000000e+05 2.900000000000000000000000000000e+01
5.600000000000000000000000000000e+01 1.120000000000000000000000000000e+02 1.417584000000000000000000000000e+06 3.000000000000000000000000000000e+01
5.700000000000000000000000000000e+01 5.000000000000000000000000000000e+00 1.550000000000000000000000000000e+02 3.100000000000000000000000000000e+01
5.800000000000000000000000000000e+01 3.100000000000000000000000000000e+01 3.078300000000000000000000000000e+04 3.200000000000000000000000000000e+01
6.000000000000000000000000000000e+01 4.000000000000000000000000000000e+01 6.564000000000000000000000000000e+04 3.300000000000000000000000000000e+01
6.100000000000000000000000000000e+01 2.320000000000000000000000000000e+02 1.254122400000000000000000000000e+07 3.400000000000000000000000000000e+01
6.300000000000000000000000000000e+01 2.100000000000000000000000000000e+01 9.723000000000000000000000000000e+03 3.500000000000000000000000000000e+01
6.500000000000000000000000000000e+01 4.000000000000000000000000000000e+01 6.564000000000000000000000000000e+04 3.600000000000000000000000000000e+01
6.700000000000000000000000000000e+01 1.530000000000000000000000000000e+02 3.605139000000000000000000000000e+06 3.700000000000000000000000000000e+01
6.900000000000000000000000000000e+01 2.700000000000000000000000000000e+01 2.043900000000000000000000000000e+04 3.800000000000000000000000000000e+01
7.100000000000000000000000000000e+01 1.080000000000000000000000000000e+02 1.271484000000000000000000000000e+06 3.900000000000000000000000000000e+01
7.200000000000000000000000000000e+01 3.000000000000000000000000000000e+01 2.793000000000000000000000000000e+04 4.000000000000000000000000000000e+01
7.300000000000000000000000000000e+01 3.600000000000000000000000000000e+01 4.798800000000000000000000000000e+04 4.100000000000000000000000000000e+01
7.500000000000000000000000000000e+01 1.340000000000000000000000000000e+02 2.424194000000000000000000000000e+06 4.200000000000000000000000000000e+01
7.700000000000000000000000000000e+01 4.090000000000000000000000000000e+02 6.858561900000000000000000000000e+07 4.300000000000000000000000000000e+01
7.900000000000000000000000000000e+01 1.300000000000000000000000000000e+01 2.379000000000000000000000000000e+03 4.400000000000000000000000000000e+01
8.000000000000000000000000000000e+01 9.800000000000000000000000000000e+01 9.508940000000000000000000000000e+05 4.500000000000000000000000000000e+01
8.300000000000000000000000000000e+01 9.000000000000000000000000000000e+00 8.190000000000000000000000000000e+02 4.600000000000000000000000000000e+01
8.400000000000000000000000000000e+01 1.190000000000000000000000000000e+02 1.699439000000000000000000000000e+06 4.700000000000000000000000000000e+01
8.500000000000000000000000000000e+01 2.480000000000000000000000000000e+02 1.531474400000000000000000000000e+07 4.800000000000000000000000000000e+01
8.700000000000000000000000000000e+01 9.200000000000000000000000000000e+01 7.872440000000000000000000000000e+05 4.900000000000000000000000000000e+01
8.800000000000000000000000000000e+01 2.300000000000000000000000000000e+02 1.222013000000000000000000000000e+07 5.000000000000000000000000000000e+01
9.100000000000000000000000000000e+01 2.500000000000000000000000000000e+01 1.627500000000000000000000000000e+04 5.100000000000000000000000000000e+01
9.300000000000000000000000000000e+01 1.480000000000000000000000000000e+02 3.263844000000000000000000000000e+06 5.200000000000000000000000000000e+01
9.500000000000000000000000000000e+01 2.230000000000000000000000000000e+02 1.113951900000000000000000000000e+07 5.300000000000000000000000000000e+01
9.600000000000000000000000000000e+01 1.500000000000000000000000000000e+02 3.397650000000000000000000000000e+06 5.400000000000000000000000000000e+01
9.700000000000000000000000000000e+01 1.040000000000000000000000000000e+02 1.135784000000000000000000000000e+06 5.500000000000000000000000000000e+01
9.800000000000000000000000000000e+01 6.200000000000000000000000000000e+01 2.422340000000000000000000000000e+05 5.600000000000000000000000000000e+01
9.900000000000000000000000000000e+01 3.000000000000000000000000000000e+00 3.900000000000000000000000000000e+01 5.700000000000000000000000000000e+01
1.000000000000000000000000000000e+02 1.200000000000000000000000000000e+01 1.884000000000000000000000000000e+03 5.800000000000000000000000000000e+01
1.010000000000000000000000000000e+02 1.140000000000000000000000000000e+02 1.494654000000000000000000000000e+06 5.900000000000000000000000000000e+01
1.020000000000000000000000000000e+02 2.090000000000000000000000000000e+02 9.173219000000000000000000000000e+06 6.000000000000000000000000000000e+01
1.050000000000000000000000000000e+02 6.000000000000000000000000000000e+00 2.580000000000000000000000000000e+02 6.100000000000000000000000000000e+01
1.070000000000000000000000000000e+02 1.070000000000000000000000000000e+02 1.236599000000000000000000000000e+06 6.200000000000000000000000000000e+01
1.110000000000000000000000000000e+02 7.300000000000000000000000000000e+01 3.944190000000000000000000000000e+05 6.300000000000000000000000000000e+01
1.140000000000000000000000000000e+02 1.700000000000000000000000000000e+01 5.219000000000000000000000000000e+03 6.400000000000000000000000000000e+01
1.150000000000000000000000000000e+02 1.000000000000000000000000000000e+01 1.110000000000000000000000000000e+03 6.500000000000000000000000000000e+01
1.170000000000000000000000000000e+02 9.500000000000000000000000000000e+01 8.664950000000000000000000000000e+05 6.600000000000000000000000000000e+01
1.210000000000000000000000000000e+02 6.400000000000000000000000000000e+01 2.663040000000000000000000000000e+05 6.700000000000000000000000000000e+01
1.220000000000000000000000000000e+02 9.700000000000000000000000000000e+01 9.221790000000000000000000000000e+05 6.800000000000000000000000000000e+01
1.230000000000000000000000000000e+02 6.000000000000000000000000000000e+00 2.580000000000000000000000000000e+02 6.900000000000000000000000000000e+01
1.240000000000000000000000000000e+02 7.000000000000000000000000000000e+01 3.479700000000000000000000000000e+05 7.000000000000000000000000000000e+01
1.260000000000000000000000000000e+02 1.380000000000000000000000000000e+02 2.647254000000000000000000000000e+06 7.100000000000000000000000000000e+01
1.310000000000000000000000000000e+02 4.550000000000000000000000000000e+02 9.440385500000000000000000000000e+07 7.200000000000000000000000000000e+01
1.330000000000000000000000000000e+02 8.800000000000000000000000000000e+01 6.893040000000000000000000000000e+05 7.300000000000000000000000000000e+01
1.370000000000000000000000000000e+02 4.700000000000000000000000000000e+01 1.060790000000000000000000000000e+05 7.400000000000000000000000000000e+01
1.380000000000000000000000000000e+02 3.100000000000000000000000000000e+01 3.078300000000000000000000000000e+04 7.500000000000000000000000000000e+01
1.410000000000000000000000000000e+02 5.400000000000000000000000000000e+01 1.604340000000000000000000000000e+05 7.600000000000000000000000000000e+01
1.430000000000000000000000000000e+02 5.300000000000000000000000000000e+01 1.517390000000000000000000000000e+05 7.700000000000000000000000000000e+01
1.440000000000000000000000000000e+02 1.600000000000000000000000000000e+02 4.121760000000000000000000000000e+06 7.800000000000000000000000000000e+01
1.460000000000000000000000000000e+02 2.090000000000000000000000000000e+02 9.173219000000000000000000000000e+06 7.900000000000000000000000000000e+01
1.480000000000000000000000000000e+02 3.500000000000000000000000000000e+01 4.413500000000000000000000000000e+04 8.000000000000000000000000000000e+01
1.490000000000000000000000000000e+02 9.100000000000000000000000000000e+01 7.619430000000000000000000000000e+05 8.100000000000000000000000000000e+01
