2.000000000000000000000000000000e+00 3.400000000000000000000000000000e+01 4.049400000000000000000000000000e+04 0.000000000000000000000000000000e+00
4.000000000000000000000000000000e+00 4.060000000000000000000000000000e+02 6.708865800000000000000000000000e+07 1.000000000000000000000000000000e+00
5.000000000000000000000000000000e+00 5.000000000000000000000000000000e+01 1.275500000000000000000000000000e+05 2.000000000000000000000000000000e+00
1.200000000000000000000000000000e+01 3.700000000000000000000000000000e+01 5.205900000000000000000000000000e+04 3.000000000000000000000000000000e+00
1.400000000000000000000000000000e+01 2.100000000000000000000000000000e+01 9.723000000000000000000000000000e+03 4.000000000000000000000000000000e+00
1.600000000000000000000000000000e+01 8.400000000000000000000000000000e+01 5.998440000000000000000000000000e+05 5.000000000000000000000000000000e+00
1.700000000000000000000000000000e+01 3.590000000000000000000000000000e+02 4.639751900000000000000000000000e+07 6.000000000000000000000000000000e+00
2.000000000000000000000000000000e+01 1.100000000000000000000000000000e+01 1.463000000000000000000000000000e+03 7.000000000000000000000000000000e+00
2.100000000000000000000000000000e+01 5.000000000000000000000000000000e+01 1.275500000000000000000000000000e+05 8.000000000000000000000000000000e+00
2.300000000000000000000000000000e+01 6.600000000000000000000000000000e+01 2.919180000000000000000000000000e+05 9.000000000000000000000000000000e+00
2.400000000000000000000000000000e+01 9.500000000000000000000000000000e+01 8.664950000000000000000000000000e+05 1.000000000000000000000000000000e+01
2.600000000000000000000000000000e+01 1.830000000000000000000000000000e+02 6.162159000000000000000000000000e+06 1.100000000000000000000000000000e+01
2.700000000000000000000000000000e+01 1.700000000000000000000000000000e+01 5.219000000000000000000000000000e+03 1.200000000000000000000000000000e+01
2.900000000000000000000000000000e+01 1.000000000000000000000000000000e+00 3.000000000000000000000000000000e+00 1.300000000000000000000000000000e+01
3.100000000000000000000000000000e+01 5.900000000000000000000000000000e+01 2.089190000000000000000000000000e+05 1.400000000000000000000000000000e+01
3.500000000000000000000000000000e+01 4.400000000000000000000000000000e+01 8.716400000000000000000000000000e+04 1.500000000000000000000000000000e+01
3.900000000000000000000000000000e+01 1.810000000000000000000000000000e+02 5.962683000000000000000000000000e+06 1.600000000000000000000000000000e+01
4.100000000000000000000000000000e+01 1.010000000000000000000000000000e+02 1.040603000000000000000000000000e+06 1.700000000000000000000000000000e+01
4.200000000000000000000000000000e+01 5.500000000000000000000000000000e+01 1.694550000000000000000000000000e+05 1.800000000000000000000000000000e+01
4.700000000000000000000000000000e+01 1.120000000000000000000000000000e+02 1.417584000000000000000000000000e+06 1.900000000000000000000000000000e+01
4.900000000000000000000000000000e+01 2.500000000000000000000000000000e+01 1.627500000000000000000000000000e+04 2.000000000000000000000000000000e+01
5.100000000000000000000000000000e+01 7.000000000000000000000000000000e+00 3.990000000000000000000000000000e+02 2.100000000000000000000000000000e+01
5.700000000000000000000000000000e+01 1.160000000000000000000000000000e+02 1.574468000000000000000000000000e+06 2.200000000000000000000000000000e+01
6.000000000000000000000000000000e+01 2.120000000000000000000000000000e+02 9.573284000000000000000000000000e+06 2.300000000000000000000000000000e+01
6.500000000000000000000000000000e+01 4.000000000000000000000000000000e+00 8.400000000000000000000000000000e+01 2.400000000000000000000000000000e+01
6.700000000000000000000000000000e+01 1.500000000000000000000000000000e+01 3.615000000000000000000000000000e+03 2.500000000000000000000000000000e+01
6.800000000000000000000000000000e+01 2.770000000000000000000000000000e+02 2.133093900000000000000000000000e+07 2.600000000000000000000000000000e+01
7.300000000000000000000000000000e+01 1.900000000000000000000000000000e+01 7.239000000000000000000000000000e+03 2.700000000000000000000000000000e+01
7.600000000000000000000000000000e+01 1.040000000000000000000000000000e+02 1.135784000000000000000000000000e+06 2.800000000000000000000000000000e+01
8.100000000000000000000000000000e+01 5.200000000000000000000000000000e+01 1.433640000000000000000000000000e+05 2.900000000000000000000000000000e+01
8.300000000000000000000000000000e+01 1.350000000000000000000000000000e+02 2.478735000000000000000000000000e+06 3.000000000000000000000000000000e+01
8.400000000000000000000000000000e+01 5.200000000000000000000000000000e+01 1.433640000000000000000000000000e+05 3.100000000000000000000000000000e+01
8.500000000000000000000000000000e+01 2.300000000000000000000000000000e+01 1.271900000000000000000000000000e+04 3.200000000000000000000000000000e+01
8.600000000000000000000000000000e+01 7.300000000000000000000000000000e+01 3.944190000000000000000000000000e+05 3.300000000000000000000000000000e+01
8.800000000000000000000000000000e+01 3.800000000000000000000000000000e+01 5.635400000000000000000000000000e+04 3.400000000000000000000000000000e+01
8.900000000000000000000000000000e+01 5.000000000000000000000000000000e+00 1.550000000000000000000000000000e+02 3.500000000000000000000000000000e+01
9.100000000000000000000000000000e+01 2.650000000000000000000000000000e+02 1.868011500000000000000000000000e+07 3.600000000000000000000000000000e+01
9.300000000000000000000000000000e+01 3.680000000000000000000000000000e+02 4.997182400000000000000000000000e+07 3.700000000000000000000000000000e+01
9.600000000000000000000000000000e+01 6.100000000000000000000000000000e+01 2.307630000000000000000000000000e+05 3.800000000000000000000000000000e+01
9.900000000000000000000000000000e+01 3.600000000000000000000000000000e+01 4.798800000000000000000000000000e+04 3.900000000000000000000000000000e+01
1.010000000000000000000000000000e+02 3.800000000000000000000000000000e+01 5.635400000000000000000000000000e+04 4.000000000000000000000000000000e+01
1.020000000000000000000000000000e+02 1.700000000000000000000000000000e+01 5.219000000000000000000000000000e+03 4.100000000000000000000000000000e+01
1.040000000000000000000000000000e+02 2.180000000000000000000000000000e+02 1.040797400000000000000000000000e+07 4.200000000000000000000000000000e+01
1.070000000000000000000000000000e+02 9.800000000000000000000000000000e+01 9.508940000000000000000000000000e+05 4.300000000000000000000000000000e+01
1.090000000000000000000000000000e+02 1.900000000000000000000000000000e+01 7.239000000000000000000000000000e+03 4.400000000000000000000000000000e+01
1.130000000000000000000000000000e+02 2.100000000000000000000000000000e+02 9.305310000000000000000000000000e+06 4.500000000000000000000000000000e+01
1.140000000000000000000000000000e+02 1.100000000000000000000000000000e+02 1.343210000000000000000000000000e+06 4.600000000000000000000000000000e+01
1.150000000000000000000000000000e+02 1.010000000000000000000000000000e+02 1.040603000000000000000000000000e+06 4.700000000000000000000000000000e+01
1.170000000000000000000000000000e+02 6.600000000000000000000000000000e+01 2.919180000000000000000000000000e+05 4.800000000000000000000000000000e+01
1.210000000000000000000000000000e+02 1.000000000000000000000000000000e+01 1.110000000000000000000000000000e+03 4.900000000000000000000000000000e+01
1.230000000000000000000000000000e+02 4.230000000000000000000000000000e+02 7.586631900000000000000000000000e+07 5.000000000000000000000000000000e+01
1.290000000000000000000000000000e+02 7.500000000000000000000000000000e+01 4.275750000000000000000000000000e+05 5.100000000000000000000000000000e+01
1.300000000000000000000000000000e+02 8.700000000000000000000000000000e+01 6.661590000000000000000000000000e+05 5.200000000000000000000000000000e+01
1.310000000000000000000000000000e+02 1.470000000000000000000000000000e+02 3.198279000000000000000000000000e+06 5.300000000000000000000000000000e+01
1.320000000000000000000000000000e+02 8.200000000000000000000000000000e+01 5.581740000000000000000000000000e+05 5.400000000000000000000000000000e+01
1.330000000000000000000000000000e+02 9.400000000000000000000000000000e+01 8.395140000000000000000000000000e+05 5.500000000000000000000000000000e+01
1.350000000000000000000000000000e+02 3.390000000000000000000000000000e+02 3.907347900000000000000000000000e+07 5.600000000000000000000000000000e+01
1.390000000000000000000000000000e+02 4.800000000000000000000000000000e+01 1.129440000000000000000000000000e+05 5.700000000000000000000000000000e+01
1.410000000000000000000000000000e+02 1.500000000000000000000000000000e+01 3.615000000000000000000000000000e+03 5.800000000000000000000000000000e+01
1.430000000000000000000000000000e+02 5.000000000000000000000000000000e+00 1.550000000000000000000000000000e+02 5.900000000000000000000000000000e+01
1.480000000000000000000000000000e+02 1.560000000000000000000000000000e+02 3.820908000000000000000000000000e+06 6.000000000000000000000000000000e+01
