1.000000000000000000000000000000e+00 2.300000000000000000000000000000e+01 1.271900000000000000000000000000e+04 0.000000000000000000000000000000e+00
2.000000000000000000000000000000e+00 4.500000000000000000000000000000e+01 9.319500000000000000000000000000e+04 1.000000000000000000000000000000e+00
4.000000000000000000000000000000e+00 3.800000000000000000000000000000e+01 5.635400000000000000000000000000e+04 2.000000000000000000000000000000e+00
5.000000000000000000000000000000e+00 2.590000000000000000000000000000e+02 1.744131900000000000000000000000e+07 3.000000000000000000000000000000e+00
6.000000000000000000000000000000e+00 2.100000000000000000000000000000e+01 9.723000000000000000000000000000e+03 4.000000000000000000000000000000e+00
7.000000000000000000000000000000e+00 4.000000000000000000000000000000e+00 8.400000000000000000000000000000e+01 5.000000000000000000000000000000e+00
1.000000000000000000000000000000e+01 1.900000000000000000000000000000e+01 7.239000000000000000000000000000e+03 6.000000000000000000000000000000e+00
1.200000000000000000000000000000e+01 5.200000000000000000000000000000e+01 1.433640000000000000000000000000e+05 7.000000000000000000000000000000e+00
1.500000000000000000000000000000e+01 3.130000000000000000000000000000e+02 3.076257900000000000000000000000e+07 8.000000000000000000000000000000e+00
1.600000000000000000000000000000e+01 6.000000000000000000000000000000e+00 2.580000000000000000000000000000e+02 9.000000000000000000000000000000e+00
1.700000000000000000000000000000e+01 5.700000000000000000000000000000e+01 1.884990000000000000000000000000e+05 1.000000000000000000000000000000e+01
1.900000000000000000000000000000e+01 1.900000000000000000000000000000e+01 7.239000000000000000000000000000e+03 1.100000000000000000000000000000e+01
2.100000000000000000000000000000e+01 5.900000000000000000000000000000e+01 2.089190000000000000000000000000e+05 1.200000000000000000000000000000e+01
2.400000000000000000000000000000e+01 4.900000000000000000000000000000e+01 1.200990000000000000000000000000e+05 1.300000000000000000000000000000e+01
2.600000000000000000000000000000e+01 3.500000000000000000000000000000e+01 4.413500000000000000000000000000e+04 1.400000000000000000000000000000e+01
2.700000000000000000000000000000e+01 1.500000000000000000000000000000e+01 3.615000000000000000000000000000e+03 1.500000000000000000000000000000e+01
2.800000000000000000000000000000e+01 2.120000000000000000000000000000e+02 9.573284000000000000000000000000e+06 1.600000000000000000000000000000e+01
3.000000000000000000000000000000e+01 2.730000000000000000000000000000e+02 2.042121900000000000000000000000e+07 1.700000000000000000000000000000e+01
3.300000000000000000000000000000e+01 4.300000000000000000000000000000e+01 8.139900000000000000000000000000e+04 1.800000000000000000000000000000e+01
3.400000000000000000000000000000e+01 5.700000000000000000000000000000e+01 1.884990000000000000000000000000e+05 1.900000000000000000000000000000e+01
3.500000000000000000000000000000e+01 2.000000000000000000000000000000e+00 1.400000000000000000000000000000e+01 2.000000000000000000000000000000e+01
3.600000000000000000000000000000e+01 3.000000000000000000000000000000e+00 3.900000000000000000000000000000e+01 2.100000000000000000000000000000e+01
4.400000000000000000000000000000e+01 1.200000000000000000000000000000e+02 1.742520000000000000000000000000e+06 2.200000000000000000000000000000e+01
4.500000000000000000000000000000e+01 1.300000000000000000000000000000e+01 2.379000000000000000000000000000e+03 2.300000000000000000000000000000e+01
4.900000000000000000000000000000e+01 7.700000000000000000000000000000e+01 4.625390000000000000000000000000e+05 2.400000000000000000000000000000e+01
5.000000000000000000000000000000e+01 2.770000000000000000000000000000e+02 2.133093900000000000000000000000e+07 2.500000000000000000000000000000e+01
5.200000000000000000000000000000e+01 2.900000000000000000000000000000e+01 2.525900000000000000000000000000e+04 2.600000000000000000000000000000e+01
5.300000000000000000000000000000e+01 2.130000000000000000000000000000e+02 9.709179000000000000000000000000e+06 2.700000000000000000000000000000e+01
5.500000000000000000000000000000e+01 7.400000000000000000000000000000e+01 4.107740000000000000000000000000e+05 2.800000000000000000000000000000e+01
5.600000000000000000000000000000e+01 5.400000000000000000000000000000e+01 1.604340000000000000000000000000e+05 2.900000000000000000000000000000e+01
5.700000000000000000000000000000e+01 3.140000000000000000000000000000e+02 3.105805400000000000000000000000e+07 3.000000000000000000000000000000e+01
5.900000000000000000000000000000e+01 1.960000000000000000000000000000e+02 7.568148000000000000000000000000e+06 3.100000000000000000000000000000e+01
6.000000000000000000000000000000e+01 2.700000000000000000000000000000e+01 2.043900000000000000000000000000e+04 3.200000000000000000000000000000e+01
6.500000000000000000000000000000e+01 3.140000000000000000000000000000e+02 3.105805400000000000000000000000e+07 3.300000000000000000000000000000e+01
6.800000000000000000000000000000e+01 7.100000000000000000000000000000e+01 3.630230000000000000000000000000e+05 3.400000000000000000000000000000e+01
6.900000000000000000000000000000e+01 8.400000000000000000000000000000e+01 5.998440000000000000000000000000e+05 3.500000000000000000000000000000e+01
7.600000000000000000000000000000e+01 3.070000000000000000000000000000e+02 2.902899900000000000000000000000e+07 3.600000000000000000000000000000e+01
7.900000000000000000000000000000e+01 9.000000000000000000000000000000e+00 8.190000000000000000000000000000e+02 3.700000000000000000000000000000e+01
8.300000000000000000000000000000e+01 2.800000000000000000000000000000e+01 2.276400000000000000000000000000e+04 3.800000000000000000000000000000e+01
9.000000000000000000000000000000e+01 3.030000000000000000000000000000e+02 2.791023900000000000000000000000e+07 3.900000000000000000000000000000e+01
9.100000000000000000000000000000e+01 1.030000000000000000000000000000e+02 1.103439000000000000000000000000e+06 4.000000000000000000000000000000e+01
9.300000000000000000000000000000e+01 1.220000000000000000000000000000e+02 1.830854000000000000000000000000e+06 4.100000000000000000000000000000e+01
9.800000000000000000000000000000e+01 3.300000000000000000000000000000e+01 3.705900000000000000000000000000e+04 4.200000000000000000000000000000e+01
9.900000000000000000000000000000e+01 2.920000000000000000000000000000e+02 2.498264400000000000000000000000e+07 4.300000000000000000000000000000e+01
1.000000000000000000000000000000e+02 4.600000000000000000000000000000e+01 9.949800000000000000000000000000e+04 4.400000000000000000000000000000e+01
1.030000000000000000000000000000e+02 1.030000000000000000000000000000e+02 1.103439000000000000000000000000e+06 4.500000000000000000000000000000e+01
1.040000000000000000000000000000e+02 3.700000000000000000000000000000e+01 5.205900000000000000000000000000e+04 4.600000000000000000000000000000e+01
1.050000000000000000000000000000e+02 5.500000000000000000000000000000e+01 1.694550000000000000000000000000e+05 4.700000000000000000000000000000e+01
1.060000000000000000000000000000e+02 1.040000000000000000000000000000e+02 1.135784000000000000000000000000e+06 4.800000000000000000000000000000e+01
1.080000000000000000000000000000e+02 1.890000000000000000000000000000e+02 6.787179000000000000000000000000e+06 4.900000000000000000000000000000e+01
1.090000000000000000000000000000e+02 1.760000000000000000000000000000e+02 5.482928000000000000000000000000e+06 5.000000000000000000000000000000e+01
1.110000000000000000000000000000e+02 1.120000000000000000000000000000e+02 1.417584000000000000000000000000e+06 5.100000000000000000000000000000e+01
1.120000000000000000000000000000e+02 5.900000000000000000000000000000e+01 2.089190000000000000000000000000e+05 5.200000000000000000000000000000e+01
1.160000000000000000000000000000e+02 1.520000000000000000000000000000e+02 3.535064000000000000000000000000e+06 5.300000000000000000000000000000e+01
1.170000000000000000000000000000e+02 9.300000000000000000000000000000e+01 8.130990000000000000000000000000e+05 5.400000000000000000000000000000e+01
1.180000000000000000000000000000e+02 5.300000000000000000000000000000e+01 1.517390000000000000000000000000e+05 5.500000000000000000000000000000e+01
1.190000000000000000000000000000e+02 5.000000000000000000000000000000e+00 1.550000000000000000000000000000e+02 5.600000000000000000000000000000e+01
1.250000000000000000000000000000e+02 2.070000000000000000000000000000e+02 8.912799000000000000000000000000e+06 5.700000000000000000000000000000e+01
1.260000000000000000000000000000e+02 6.600000000000000000000000000000e+01 2.919180000000000000000000000000e+05 5.800000000000000000000000000000e+01
1.270000000000000000000000000000e+02 7.200000000000000000000000000000e+01 3.785040000000000000000000000000e+05 5.900000000000000000000000000000e+01
1.300000000000000000000000000000e+02 3.200000000000000000000000000000e+01 3.382400000000000000000000000000e+04 6.000000000000000000000000000000e+01
1.310000000000000000000000000000e+02 2.550000000000000000000000000000e+02 1.664665500000000000000000000000e+07 6.100000000000000000000000000000e+01
1.320000000000000000000000000000e+02 9.300000000000000000000000000000e+01 8.130990000000000000000000000000e+05 6.200000000000000000000000000000e+01
1.330000000000000000000000000000e+02 1.180000000000000000000000000000e+02 1.657074000000000000000000000000e+06 6.300000000000000000000000000000e+01
1.340000000000000000000000000000e+02 1.120000000000000000000000000000e+02 1.417584000000000000000000000000e+06 6.400000000000000000000000000000e+01
1.360000000000000000000000000000e+02 7.100000000000000000000000000000e+01 3.630230000000000000000000000000e+05 6.500000000000000000000000000000e+01
1.390000000000000000000000000000e+02 1.240000000000000000000000000000e+02 1.922124000000000000000000000000e+06 6.600000000000000000000000000000e+01
1.400000000000000000000000000000e+02 2.000000000000000000000000000000e+01 8.420000000000000000000000000000e+03 6.700000000000000000000000000000e+01
1.410000000000000000000000000000e+02 1.180000000000000000000000000000e+02 1.657074000000000000000000000000e+06 6.800000000000000000000000000000e+01
1.420000000000000000000000000000e+02 4.800000000000000000000000000000e+01 1.129440000000000000000000000000e+05 6.900000000000000000000000000000e+01
1.460000000000000000000000000000e+02 1.600000000000000000000000000000e+01 4.368000000000000000000000000000e+03 7.000000000000000000000000000000e+01
1.470000000000000000000000000000e+02 4.600000000000000000000000000000e+01 9.949800000000000000000000000000e+04 7.100000000000000000000000000000e+01
1.480000000000000000000000000000e+02 1.000000000000000000000000000000e+02 1.010100000000000000000000000000e+06 7.200000000000000000000000000000e+01
1.490000000000000000000000000000e+02 2.040000000000000000000000000000e+02 8.531484000000000000000000000000e+06 7.300000000000000000000000000000e+01
