1.000000000000000000000000000000e+00 3.800000000000000000000000000000e+01 5.635400000000000000000000000000e+04 0.000000000000000000000000000000e+00
2.000000000000000000000000000000e+00 5.000000000000000000000000000000e+01 1.275500000000000000000000000000e+05 1.000000000000000000000000000000e+00
4.000000000000000000000000000000e+00 9.800000000000000000000000000000e+01 9.508940000000000000000000000000e+05 2.000000000000000000000000000000e+00
1.000000000000000000000000000000e+01 2.000000000000000000000000000000e+01 8.420000000000000000000000000000e+03 3.000000000000000000000000000000e+00
1.600000000000000000000000000000e+01 1.060000000000000000000000000000e+02 1.202358000000000000000000000000e+06 4.000000000000000000000000000000e+00
1.700000000000000000000000000000e+01 1.000000000000000000000000000000e+01 1.110000000000000000000000000000e+03 5.000000000000000000000000000000e+00
1.800000000000000000000000000000e+01 5.100000000000000000000000000000e+01 1.353030000000000000000000000000e+05 6.000000000000000000000000000000e+00
1.900000000000000000000000000000e+01 2.230000000000000000000000000000e+02 1.113951900000000000000000000000e+07 7.000000000000000000000000000000e+00
2.100000000000000000000000000000e+01 3.200000000000000000000000000000e+01 3.382400000000000000000000000000e+04 8.000000000000000000000000000000e+00
2.200000000000000000000000000000e+01 8.900000000000000000000000000000e+01 7.129790000000000000000000000000e+05 9.000000000000000000000000000000e+00
2.300000000000000000000000000000e+01 1.250000000000000000000000000000e+02 1.968875000000000000000000000000e+06 1.000000000000000000000000000000e+01
2.400000000000000000000000000000e+01 4.820000000000000000000000000000e+02 1.122129740000000000000000000000e+08 1.100000000000000000000000000000e+01
2.600000000000000000000000000000e+01 1.750000000000000000000000000000e+02 5.390175000000000000000000000000e+06 1.200000000000000000000000000000e+01
2.900000000000000000000000000000e+01 2.600000000000000000000000000000e+01 1.827800000000000000000000000000e+04 1.300000000000000000000000000000e+01
3.100000000000000000000000000000e+01 1.200000000000000000000000000000e+01 1.884000000000000000000000000000e+03 1.400000000000000000000000000000e+01
3.800000000000000000000000000000e+01 6.500000000000000000000000000000e+01 2.789150000000000000000000000000e+05 1.500000000000000000000000000000e+01
3.900000000000000000000000000000e+01 4.100000000000000000000000000000e+01 7.064300000000000000000000000000e+04 1.600000000000000000000000000000e+01
4.000000000000000000000000000000e+01 4.200000000000000000000000000000e+01 7.589400000000000000000000000000e+04 1.700000000000000000000000000000e+01
4.100000000000000000000000000000e+01 1.400000000000000000000000000000e+01 2.954000000000000000000000000000e+03 1.800000000000000000000000000000e+01
4.400000000000000000000000000000e+01 2.700000000000000000000000000000e+01 2.043900000000000000000000000000e+04 1.900000000000000000000000000000e+01
4.500000000000000000000000000000e+01 2.540000000000000000000000000000e+02 1.645183400000000000000000000000e+07 2.000000000000000000000000000000e+01
4.600000000000000000000000000000e+01 1.600000000000000000000000000000e+01 4.368000000000000000000000000000e+03 2.100000000000000000000000000000e+01
4.700000000000000000000000000000e+01 2.290000000000000000000000000000e+02 1.206165900000000000000000000000e+07 2.200000000000000000000000000000e+01
4.900000000000000000000000000000e+01 1.500000000000000000000000000000e+01 3.615000000000000000000000000000e+03 2.300000000000000000000000000000e+01
5.600000000000000000000000000000e+01 6.900000000000000000000000000000e+01 3.333390000000000000000000000000e+05 2.400000000000000000000000000000e+01
5.700000000000000000000000000000e+01 1.300000000000000000000000000000e+02 2.214030000000000000000000000000e+06 2.500000000000000000000000000000e+01
5.800000000000000000000000000000e+01 2.100000000000000000000000000000e+01 9.723000000000000000000000000000e+03 2.600000000000000000000000000000e+01
5.900000000000000000000000000000e+01 3.700000000000000000000000000000e+01 5.205900000000000000000000000000e+04 2.700000000000000000000000000000e+01
6.100000000000000000000000000000e+01 1.180000000000000000000000000000e+02 1.657074000000000000000000000000e+06 2.800000000000000000000000000000e+01
6.200000000000000000000000000000e+01 8.500000000000000000000000000000e+01 6.214350000000000000000000000000e+05 2.900000000000000000000000000000e+01
6.700000000000000000000000000000e+01 8.000000000000000000000000000000e+01 5.184800000000000000000000000000e+05 3.000000000000000000000000000000e+01
6.800000000000000000000000000000e+01 3.470000000000000000000000000000e+02 4.190267900000000000000000000000e+07 3.100000000000000000000000000000e+01
6.900000000000000000000000000000e+01 2.150000000000000000000000000000e+02 9.984815000000000000000000000000e+06 3.200000000000000000000000000000e+01
7.200000000000000000000000000000e+01 6.000000000000000000000000000000e+01 2.196600000000000000000000000000e+05 3.300000000000000000000000000000e+01
7.400000000000000000000000000000e+01 9.500000000000000000000000000000e+01 8.664950000000000000000000000000e+05 3.400000000000000000000000000000e+01
7.600000000000000000000000000000e+01 4.000000000000000000000000000000e+01 6.564000000000000000000000000000e+04 3.500000000000000000000000000000e+01
7.900000000000000000000000000000e+01 8.500000000000000000000000000000e+01 6.214350000000000000000000000000e+05 3.600000000000000000000000000000e+01
8.200000000000000000000000000000e+01 1.050000000000000000000000000000e+02 1.168755000000000000000000000000e+06 3.700000000000000000000000000000e+01
8.400000000000000000000000000000e+01 2.240000000000000000000000000000e+02 1.128982400000000000000000000000e+07 3.800000000000000000000000000000e+01
9.000000000000000000000000000000e+01 4.800000000000000000000000000000e+01 1.129440000000000000000000000000e+05 3.900000000000000000000000000000e+01
9.100000000000000000000000000000e+01 8.600000000000000000000000000000e+01 6.435380000000000000000000000000e+05 4.000000000000000000000000000000e+01
9.200000000000000000000000000000e+01 1.000000000000000000000000000000e+02 1.010100000000000000000000000000e+06 4.100000000000000000000000000000e+01
9.400000000000000000000000000000e+01 1.730000000000000000000000000000e+02 5.207819000000000000000000000000e+06 4.200000000000000000000000000000e+01
9.600000000000000000000000000000e+01 4.000000000000000000000000000000e+01 6.564000000000000000000000000000e+04 4.300000000000000000000000000000e+01
1.000000000000000000000000000000e+02 1.800000000000000000000000000000e+01 6.174000000000000000000000000000e+03 4.400000000000000000000000000000e+01
1.020000000000000000000000000000e+02 1.090000000000000000000000000000e+02 1.307019000000000000000000000000e+06 4.500000000000000000000000000000e+01
1.030000000000000000000000000000e+02 1.330000000000000000000000000000e+02 2.370459000000000000000000000000e+06 4.600000000000000000000000000000e+01
1.040000000000000000000000000000e+02 2.140000000000000000000000000000e+02 9.846354000000000000000000000000e+06 4.700000000000000000000000000000e+01
1.060000000000000000000000000000e+02 1.920000000000000000000000000000e+02 7.114944000000000000000000000000e+06 4.800000000000000000000000000000e+01
1.070000000000000000000000000000e+02 2.100000000000000000000000000000e+02 9.305310000000000000000000000000e+06 4.900000000000000000000000000000e+01
1.090000000000000000000000000000e+02 1.530000000000000000000000000000e+02 3.605139000000000000000000000000e+06 5.000000000000000000000000000000e+01
1.100000000000000000000000000000e+02 1.780000000000000000000000000000e+02 5.671614000000000000000000000000e+06 5.100000000000000000000000000000e+01
1.130000000000000000000000000000e+02 5.300000000000000000000000000000e+01 1.517390000000000000000000000000e+05 5.200000000000000000000000000000e+01
1.180000000000000000000000000000e+02 6.800000000000000000000000000000e+01 3.191240000000000000000000000000e+05 5.300000000000000000000000000000e+01
1.250000000000000000000000000000e+02 6.300000000000000000000000000000e+01 2.540790000000000000000000000000e+05 5.400000000000000000000000000000e+01
1.260000000000000000000000000000e+02 3.600000000000000000000000000000e+01 4.798800000000000000000000000000e+04 5.500000000000000000000000000000e+01
1.270000000000000000000000000000e+02 3.500000000000000000000000000000e+01 4.413500000000000000000000000000e+04 5.600000000000000000000000000000e+01
1.280000000000000000000000000000e+02 2.640000000000000000000000000000e+02 1.846970400000000000000000000000e+07 5.700000000000000000000000000000e+01
1.290000000000000000000000000000e+02 5.000000000000000000000000000000e+01 1.275500000000000000000000000000e+05 5.800000000000000000000000000000e+01
1.300000000000000000000000000000e+02 1.860000000000000000000000000000e+02 6.469638000000000000000000000000e+06 5.900000000000000000000000000000e+01
1.320000000000000000000000000000e+02 5.000000000000000000000000000000e+01 1.275500000000000000000000000000e+05 6.000000000000000000000000000000e+01
1.350000000000000000000000000000e+02 3.300000000000000000000000000000e+02 3.604623000000000000000000000000e+07 6.100000000000000000000000000000e+01
1.360000000000000000000000000000e+02 1.700000000000000000000000000000e+01 5.219000000000000000000000000000e+03 6.200000000000000000000000000000e+01
1.370000000000000000000000000000e+02 2.400000000000000000000000000000e+01 1.442400000000000000000000000000e+04 6.300000000000000000000000000000e+01
1.400000000000000000000000000000e+02 5.100000000000000000000000000000e+01 1.353030000000000000000000000000e+05 6.400000000000000000000000000000e+01
1.420000000000000000000000000000e+02 1.800000000000000000000000000000e+01 6.174000000000000000000000000000e+03 6.500000000000000000000000000000e+01
1.470000000000000000000000000000e+02 1.990000000000000000000000000000e+02 7.920399000000000000000000000000e+06 6.600000000000000000000000000000e+01
1.480000000000000000000000000000e+02 4.300000000000000000000000000000e+01 8.139900000000000000000000000000e+04 6.700000000000000000000000000000e+01
