0.000000000000000000000000000000e+00 8.600000000000000000000000000000e+01 6.435380000000000000000000000000e+05 0.000000000000000000000000000000e+00
3.000000000000000000000000000000e+00 6.700000000000000000000000000000e+01 3.053190000000000000000000000000e+05 1.000000000000000000000000000000e+00
6.000000000000000000000000000000e+00 1.290000000000000000000000000000e+02 2.163459000000000000000000000000e+06 2.000000000000000000000000000000e+00
8.000000000000000000000000000000e+00 2.000000000000000000000000000000e+00 1.400000000000000000000000000000e+01 3.000000000000000000000000000000e+00
1.100000000000000000000000000000e+01 1.500000000000000000000000000000e+01 3.615000000000000000000000000000e+03 4.000000000000000000000000000000e+00
1.500000000000000000000000000000e+01 1.500000000000000000000000000000e+01 3.615000000000000000000000000000e+03 5.000000000000000000000000000000e+00
1.600000000000000000000000000000e+01 1.500000000000000000000000000000e+01 3.615000000000000000000000000000e+03 6.000000000000000000000000000000e+00
1.700000000000000000000000000000e+01 7.500000000000000000000000000000e+01 4.275750000000000000000000000000e+05 7.000000000000000000000000000000e+00
2.200000000000000000000000000000e+01 3.200000000000000000000000000000e+01 3.382400000000000000000000000000e+04 8.000000000000000000000000000000e+00
2.400000000000000000000000000000e+01 2.300000000000000000000000000000e+01 1.271900000000000000000000000000e+04 9.000000000000000000000000000000e+00
2.700000000000000000000000000000e+01 8.100000000000000000000000000000e+01 5.380830000000000000000000000000e+05 1.000000000000000000000000000000e+01
2.800000000000000000000000000000e+01 3.100000000000000000000000000000e+01 3.078300000000000000000000000000e+04 1.100000000000000000000000000000e+01
3.200000000000000000000000000000e+01 1.260000000000000000000000000000e+02 2.016378000000000000000000000000e+06 1.200000000000000000000000000000e+01
3.300000000000000000000000000000e+01 8.700000000000000000000000000000e+01 6.661590000000000000000000000000e+05 1.300000000000000000000000000000e+01
3.500000000000000000000000000000e+01 1.120000000000000000000000000000e+02 1.417584000000000000000000000000e+06 1.400000000000000000000000000000e+01
3.800000000000000000000000000000e+01 4.400000000000000000000000000000e+01 8.716400000000000000000000000000e+04 1.500000000000000000000000000000e+01
4.000000000000000000000000000000e+01 3.360000000000000000000000000000e+02 3.804628800000000000000000000000e+07 1.600000000000000000000000000000e+01
4.200000000000000000000000000000e+01 9.900000000000000000000000000000e+01 9.801990000000000000000000000000e+05 1.700000000000000000000000000000e+01
4.700000000000000000000000000000e+01 8.100000000000000000000000000000e+01 5.380830000000000000000000000000e+05 1.800000000000000000000000000000e+01
5.300000000000000000000000000000e+01 6.300000000000000000000000000000e+01 2.540790000000000000000000000000e+05 1.900000000000000000000000000000e+01
5.400000000000000000000000000000e+01 4.300000000000000000000000000000e+01 8.139900000000000000000000000000e+04 2.000000000000000000000000000000e+01
5.500000000000000000000000000000e+01 6.500000000000000000000000000000e+01 2.789150000000000000000000000000e+05 2.100000000000000000000000000000e+01
5.600000000000000000000000000000e+01 1.800000000000000000000000000000e+01 6.174000000000000000000000000000e+03 2.200000000000000000000000000000e+01
5.800000000000000000000000000000e+01 3.650000000000000000000000000000e+02 4.876071500000000000000000000000e+07 2.300000000000000000000000000000e+01
6.000000000000000000000000000000e+01 4.100000000000000000000000000000e+01 7.064300000000000000000000000000e+04 2.400000000000000000000000000000e+01
6.100000000000000000000000000000e+01 9.300000000000000000000000000000e+01 8.130990000000000000000000000000e+05 2.500000000000000000000000000000e+01
6.400000000000000000000000000000e+01 1.530000000000000000000000000000e+02 3.605139000000000000000000000000e+06 2.600000000000000000000000000000e+01
6.600000000000000000000000000000e+01 2.140000000000000000000000000000e+02 9.846354000000000000000000000000e+06 2.700000000000000000000000000000e+01
6.700000000000000000000000000000e+01 7.100000000000000000000000000000e+01 3.630230000000000000000000000000e+05 2.800000000000000000000000000000e+01
6.800000000000000000000000000000e+01 2.400000000000000000000000000000e+01 1.442400000000000000000000000000e+04 2.900000000000000000000000000000e+01
7.200000000000000000000000000000e+01 6.000000000000000000000000000000e+01 2.196600000000000000000000000000e+05 3.000000000000000000000000000000e+01
7.300000000000000000000000000000e+01 2.110000000000000000000000000000e+02 9.438663000000000000000000000000e+06 3.100000000000000000000000000000e+01
7.400000000000000000000000000000e+01 2.330000000000000000000000000000e+02 1.270385900000000000000000000000e+07 3.200000000000000000000000000000e+01
7.600000000000000000000000000000e+01 2.590000000000000000000000000000e+02 1.744131900000000000000000000000e+07 3.300000000000000000000000000000e+01
7.800000000000000000000000000000e+01 2.180000000000000000000000000000e+02 1.040797400000000000000000000000e+07 3.400000000000000000000000000000e+01
8.100000000000000000000000000000e+01 1.020000000000000000000000000000e+02 1.071714000000000000000000000000e+06 3.500000000000000000000000000000e+01
8.200000000000000000000000000000e+01 8.500000000000000000000000000000e+01 6.214350000000000000000000000000e+05 3.600000000000000000000000000000e+01
8.300000000000000000000000000000e+01 8.300000000000000000000000000000e+01 5.787590000000000000000000000000e+05 3.700000000000000000000000000000e+01
8.500000000000000000000000000000e+01 1.900000000000000000000000000000e+01 7.239000000000000000000000000000e+03 3.800000000000000000000000000000e+01
8.800000000000000000000000000000e+01 1.370000000000000000000000000000e+02 2.590259000000000000000000000000e+06 3.900000000000000000000000000000e+01
8.900000000000000000000000000000e+01 1.800000000000000000000000000000e+01 6.174000000000000000000000000000e+03 4.000000000000000000000000000000e+01
9.200000000000000000000000000000e+01 4.680000000000000000000000000000e+02 1.027227240000000000000000000000e+08 4.100000000000000000000000000000e+01
9.400000000000000000000000000000e+01 5.400000000000000000000000000000e+01 1.604340000000000000000000000000e+05 4.200000000000000000000000000000e+01
9.500000000000000000000000000000e+01 1.100000000000000000000000000000e+02 1.343210000000000000000000000000e+06 4.300000000000000000000000000000e+01
9.600000000000000000000000000000e+01 1.150000000000000000000000000000e+02 1.534215000000000000000000000000e+06 4.400000000000000000000000000000e+01
9.700000000000000000000000000000e+01 1.800000000000000000000000000000e+01 6.174000000000000000000000000000e+03 4.500000000000000000000000000000e+01
9.900000000000000000000000000000e+01 4.000000000000000000000000000000e+00 8.400000000000000000000000000000e+01 4.600000000000000000000000000000e+01
1.000000000000000000000000000000e+02 3.400000000000000000000000000000e+01 4.049400000000000000000000000000e+04 4.700000000000000000000000000000e+01
1.040000000000000000000000000000e+02 1.120000000000000000000000000000e+02 1.417584000000000000000000000000e+06 4.800000000000000000000000000000e+01
1.050000000000000000000000000000e+02 6.900000000000000000000000000000e+01 3.333390000000000000000000000000e+05 4.900000000000000000000000000000e+01
1.070000000000000000000000000000e+02 3.180000000000000000000000000000e+02 3.225887400000000000000000000000e+07 5.000000000000000000000000000000e+01
1.100000000000000000000000000000e+02 1.000000000000000000000000000000e+00 3.000000000000000000000000000000e+00 5.100000000000000000000000000000e+01
1.110000000000000000000000000000e+02 3.000000000000000000000000000000e+01 2.793000000000000000000000000000e+04 5.200000000000000000000000000000e+01
1.120000000000000000000000000000e+02 1.670000000000000000000000000000e+02 4.685519000000000000000000000000e+06 5.300000000000000000000000000000e+01
1.140000000000000000000000000000e+02 4.100000000000000000000000000000e+01 7.064300000000000000000000000000e+04 5.400000000000000000000000000000e+01
1.170000000000000000000000000000e+02 3.600000000000000000000000000000e+01 4.798800000000000000000000000000e+04 5.500000000000000000000000000000e+01
1.190000000000000000000000000000e+02 2.200000000000000000000000000000e+01 1.115400000000000000000000000000e+04 5.600000000000000000000000000000e+01
1.200000000000000000000000000000e+02 7.000000000000000000000000000000e+01 3.479700000000000000000000000000e+05 5.700000000000000000000000000000e+01
1.240000000000000000000000000000e+02 2.790000000000000000000000000000e+02 2.179575900000000000000000000000e+07 5.800000000000000000000000000000e+01
1.250000000000000000000000000000e+02 1.200000000000000000000000000000e+01 1.884000000000000000000000000000e+03 5.900000000000000000000000000000e+01
1.260000000000000000000000000000e+02 1.320000000000000000000000000000e+02 2.317524000000000000000000000000e+06 6.000000000000000000000000000000e+01
1.270000000000000000000000000000e+02 8.000000000000000000000000000000e+01 5.184800000000000000000000000000e+05 6.100000000000000000000000000000e+01
1.280000000000000000000000000000e+02 4.500000000000000000000000000000e+01 9.319500000000000000000000000000e+04 6.200000000000000000000000000000e+01
1.300000000000000000000000000000e+02 9.000000000000000000000000000000e+01 7.371900000000000000000000000000e+05 6.300000000000000000000000000000e+01
1.310000000000000000000000000000e+02 5.900000000000000000000000000000e+01 2.089190000000000000000000000000e+05 6.400000000000000000000000000000e+01
1.320000000000000000000000000000e+02 1.850000000000000000000000000000e+02 6.366035000000000000000000000000e+06 6.500000000000000000000000000000e+01
1.330000000000000000000000000000e+02 2.800000000000000000000000000000e+01 2.276400000000000000000000000000e+04 6.600000000000000000000000000000e+01
1.350000000000000000000000000000e+02 1.480000000000000000000000000000e+02 3.263844000000000000000000000000e+06 6.700000000000000000000000000000e+01
1.360000000000000000000000000000e+02 8.500000000000000000000000000000e+01 6.214350000000000000000000000000e+05 6.800000000000000000000000000000e+01
1.380000000000000000000000000000e+02 1.300000000000000000000000000000e+01 2.379000000000000000000000000000e+03 6.900000000000000000000000000000e+01
1.420000000000000000000000000000e+02 1.000000000000000000000000000000e+01 1.110000000000000000000000000000e+03 7.000000000000000000000000000000e+01
1.430000000000000000000000000000e+02 9.000000000000000000000000000000e+00 8.190000000000000000000000000000e+02 7.100000000000000000000000000000e+01
1.440000000000000000000000000000e+02 9.300000000000000000000000000000e+01 8.130990000000000000000000000000e+05 7.200000000000000000000000000000e+01
1.460000000000000000000000000000e+02 1.300000000000000000000000000000e+01 2.379000000000000000000000000000e+03 7.300000000000000000000000000000e+01
1.470000000000000000000000000000e+02 2.600000000000000000000000000000e+01 1.827800000000000000000000000000e+04 7.400000000000000000000000000000e+01
1.480000000000000000000000000000e+02 8.800000000000000000000000000000e+01 6.893040000000000000000000000000e+05 7.500000000000000000000000000000e+01
