0.000000000000000000000000000000e+00 1.410000000000000000000000000000e+02 2.823243000000000000000000000000e+06 0.000000000000000000000000000000e+00
1.000000000000000000000000000000e+00 3.850000000000000000000000000000e+02 5.721523500000000000000000000000e+07 1.000000000000000000000000000000e+00
2.000000000000000000000000000000e+00 2.110000000000000000000000000000e+02 9.438663000000000000000000000000e+06 2.000000000000000000000000000000e+00
3.000000000000000000000000000000e+00 4.000000000000000000000000000000e+00 8.400000000000000000000000000000e+01 3.000000000000000000000000000000e+00
4.000000000000000000000000000000e+00 1.600000000000000000000000000000e+02 4.121760000000000000000000000000e+06 4.000000000000000000000000000000e+00
7.000000000000000000000000000000e+00 2.270000000000000000000000000000e+02 1.174883900000000000000000000000e+07 5.000000000000000000000000000000e+00
8.000000000000000000000000000000e+00 2.840000000000000000000000000000e+02 2.298724400000000000000000000000e+07 6.000000000000000000000000000000e+00
1.200000000000000000000000000000e+01 4.100000000000000000000000000000e+01 7.064300000000000000000000000000e+04 7.000000000000000000000000000000e+00
1.500000000000000000000000000000e+01 1.420000000000000000000000000000e+02 2.883594000000000000000000000000e+06 8.000000000000000000000000000000e+00
1.900000000000000000000000000000e+01 1.230000000000000000000000000000e+02 1.876119000000000000000000000000e+06 9.000000000000000000000000000000e+00
2.100000000000000000000000000000e+01 6.880000000000000000000000000000e+02 3.261347040000000000000000000000e+08 1.000000000000000000000000000000e+01
2.400000000000000000000000000000e+01 6.000000000000000000000000000000e+01 2.196600000000000000000000000000e+05 1.100000000000000000000000000000e+01
2.500000000000000000000000000000e+01 5.030000000000000000000000000000e+02 1.275170390000000000000000000000e+08 1.200000000000000000000000000000e+01
2.800000000000000000000000000000e+01 1.910000000000000000000000000000e+02 7.004543000000000000000000000000e+06 1.300000000000000000000000000000e+01
3.100000000000000000000000000000e+01 9.100000000000000000000000000000e+01 7.619430000000000000000000000000e+05 1.400000000000000000000000000000e+01
3.300000000000000000000000000000e+01 1.000000000000000000000000000000e+01 1.110000000000000000000000000000e+03 1.500000000000000000000000000000e+01
3.400000000000000000000000000000e+01 4.000000000000000000000000000000e+00 8.400000000000000000000000000000e+01 1.600000000000000000000000000000e+01
3.500000000000000000000000000000e+01 1.000000000000000000000000000000e+00 3.000000000000000000000000000000e+00 1.700000000000000000000000000000e+01
3.700000000000000000000000000000e+01 2.700000000000000000000000000000e+01 2.043900000000000000000000000000e+04 1.800000000000000000000000000000e+01
4.100000000000000000000000000000e+01 5.400000000000000000000000000000e+01 1.604340000000000000000000000000e+05 1.900000000000000000000000000000e+01
4.200000000000000000000000000000e+01 1.060000000000000000000000000000e+02 1.202358000000000000000000000000e+06 2.000000000000000000000000000000e+01
4.300000000000000000000000000000e+01 1.980000000000000000000000000000e+02 7.801794000000000000000000000000e+06 2.100000000000000000000000000000e+01
4.600000000000000000000000000000e+01 6.000000000000000000000000000000e+00 2.580000000000000000000000000000e+02 2.200000000000000000000000000000e+01
4.900000000000000000000000000000e+01 2.280000000000000000000000000000e+02 1.190456400000000000000000000000e+07 2.300000000000000000000000000000e+01
5.000000000000000000000000000000e+01 2.760000000000000000000000000000e+02 2.110102800000000000000000000000e+07 2.400000000000000000000000000000e+01
5.200000000000000000000000000000e+01 4.600000000000000000000000000000e+02 9.754806000000000000000000000000e+07 2.500000000000000000000000000000e+01
5.600000000000000000000000000000e+01 5.000000000000000000000000000000e+00 1.550000000000000000000000000000e+02 2.600000000000000000000000000000e+01
5.700000000000000000000000000000e+01 6.000000000000000000000000000000e+00 2.580000000000000000000000000000e+02 2.700000000000000000000000000000e+01
6.100000000000000000000000000000e+01 3.530000000000000000000000000000e+02 4.411193900000000000000000000000e+07 2.800000000000000000000000000000e+01
6.200000000000000000000000000000e+01 3.000000000000000000000000000000e+00 3.900000000000000000000000000000e+01 2.900000000000000000000000000000e+01
6.300000000000000000000000000000e+01 2.540000000000000000000000000000e+02 1.645183400000000000000000000000e+07 3.000000000000000000000000000000e+01
6.600000000000000000000000000000e+01 2.750000000000000000000000000000e+02 2.087277500000000000000000000000e+07 3.100000000000000000000000000000e+01
7.100000000000000000000000000000e+01 2.090000000000000000000000000000e+02 9.173219000000000000000000000000e+06 3.200000000000000000000000000000e+01
7.200000000000000000000000000000e+01 2.100000000000000000000000000000e+01 9.723000000000000000000000000000e+03 3.300000000000000000000000000000e+01
7.300000000000000000000000000000e+01 5.000000000000000000000000000000e+01 1.275500000000000000000000000000e+05 3.400000000000000000000000000000e+01
7.500000000000000000000000000000e+01 1.730000000000000000000000000000e+02 5.207819000000000000000000000000e+06 3.500000000000000000000000000000e+01
7.800000000000000000000000000000e+01 1.700000000000000000000000000000e+01 5.219000000000000000000000000000e+03 3.600000000000000000000000000000e+01
7.900000000000000000000000000000e+01 1.910000000000000000000000000000e+02 7.004543000000000000000000000000e+06 3.700000000000000000000000000000e+01
8.000000000000000000000000000000e+01 2.180000000000000000000000000000e+02 1.040797400000000000000000000000e+07 3.800000000000000000000000000000e+01
8.100000000000000000000000000000e+01 1.700000000000000000000000000000e+01 5.219000000000000000000000000000e+03 3.900000000000000000000000000000e+01
8.400000000000000000000000000000e+01 4.900000000000000000000000000000e+01 1.200990000000000000000000000000e+05 4.000000000000000000000000000000e+01
8.500000000000000000000000000000e+01 1.490000000000000000000000000000e+02 3.330299000000000000000000000000e+06 4.100000000000000000000000000000e+01
8.600000000000000000000000000000e+01 1.100000000000000000000000000000e+02 1.343210000000000000000000000000e+06 4.200000000000000000000000000000e+01
9.000000000000000000000000000000e+01 2.900000000000000000000000000000e+01 2.525900000000000000000000000000e+04 4.300000000000000000000000000000e+01
9.100000000000000000000000000000e+01 3.100000000000000000000000000000e+01 3.078300000000000000000000000000e+04 4.400000000000000000000000000000e+01
9.400000000000000000000000000000e+01 6.100000000000000000000000000000e+01 2.307630000000000000000000000000e+05 4.500000000000000000000000000000e+01
9.500000000000000000000000000000e+01 5.100000000000000000000000000000e+01 1.353030000000000000000000000000e+05 4.600000000000000000000000000000e+01
9.800000000000000000000000000000e+01 4.800000000000000000000000000000e+01 1.129440000000000000000000000000e+05 4.700000000000000000000000000000e+01
1.000000000000000000000000000000e+02 6.600000000000000000000000000000e+01 2.919180000000000000000000000000e+05 4.800000000000000000000000000000e+01
1.010000000000000000000000000000e+02 2.230000000000000000000000000000e+02 1.113951900000000000000000000000e+07 4.900000000000000000000000000000e+01
1.060000000000000000000000000000e+02 1.160000000000000000000000000000e+02 1.574468000000000000000000000000e+06 5.000000000000000000000000000000e+01
1.070000000000000000000000000000e+02 9.100000000000000000000000000000e+01 7.619430000000000000000000000000e+05 5.100000000000000000000000000000e+01
1.080000000000000000000000000000e+02 2.100000000000000000000000000000e+01 9.723000000000000000000000000000e+03 5.200000000000000000000000000000e+01
1.130000000000000000000000000000e+02 1.000000000000000000000000000000e+00 3.000000000000000000000000000000e+00 5.300000000000000000000000000000e+01
1.140000000000000000000000000000e+02 2.100000000000000000000000000000e+01 9.723000000000000000000000000000e+03 5.400000000000000000000000000000e+01
1.150000000000000000000000000000e+02 6.400000000000000000000000000000e+01 2.663040000000000000000000000000e+05 5.500000000000000000000000000000e+01
1.210000000000000000000000000000e+02 2.140000000000000000000000000000e+02 9.846354000000000000000000000000e+06 5.600000000000000000000000000000e+01
1.230000000000000000000000000000e+02 2.320000000000000000000000000000e+02 1.254122400000000000000000000000e+07 5.700000000000000000000000000000e+01
1.240000000000000000000000000000e+02 1.510000000000000000000000000000e+02 3.465903000000000000000000000000e+06 5.800000000000000000000000000000e+01
1.310000000000000000000000000000e+02 3.600000000000000000000000000000e+01 4.798800000000000000000000000000e+04 5.900000000000000000000000000000e+01
1.330000000000000000000000000000e+02 6.300000000000000000000000000000e+01 2.540790000000000000000000000000e+05 6.000000000000000000000000000000e+01
1.340000000000000000000000000000e+02 2.870000000000000000000000000000e+02 2.372255900000000000000000000000e+07 6.100000000000000000000000000000e+01
1.350000000000000000000000000000e+02 4.700000000000000000000000000000e+01 1.060790000000000000000000000000e+05 6.200000000000000000000000000000e+01
1.360000000000000000000000000000e+02 2.000000000000000000000000000000e+01 8.420000000000000000000000000000e+03 6.300000000000000000000000000000e+01
1.380000000000000000000000000000e+02 2.430000000000000000000000000000e+02 1.440819900000000000000000000000e+07 6.400000000000000000000000000000e+01
1.410000000000000000000000000000e+02 3.510000000000000000000000000000e+02 4.336710300000000000000000000000e+07 6.500000000000000000000000000000e+01
1.430000000000000000000000000000e+02 6.000000000000000000000000000000e+00 2.580000000000000000000000000000e+02 6.600000000000000000000000000000e+01
1.450000000000000000000000000000e+02 1.090000000000000000000000000000e+02 1.307019000000000000000000000000e+06 6.700000000000000000000000000000e+01
1.470000000000000000000000000000e+02 3.290000000000000000000000000000e+02 3.571985900000000000000000000000e+07 6.800000000000000000000000000000e+01
