1.000000000000000000000000000000e+00 1.380000000000000000000000000000e+02 2.647254000000000000000000000000e+06 0.000000000000000000000000000000e+00
7.000000000000000000000000000000e+00 7.900000000000000000000000000000e+01 4.993590000000000000000000000000e+05 1.000000000000000000000000000000e+00
8.000000000000000000000000000000e+00 5.000000000000000000000000000000e+00 1.550000000000000000000000000000e+02 2.000000000000000000000000000000e+00
1.200000000000000000000000000000e+01 3.440000000000000000000000000000e+02 4.082626400000000000000000000000e+07 3.000000000000000000000000000000e+00
1.300000000000000000000000000000e+01 7.400000000000000000000000000000e+01 4.107740000000000000000000000000e+05 4.000000000000000000000000000000e+00
1.900000000000000000000000000000e+01 2.510000000000000000000000000000e+02 1.587650300000000000000000000000e+07 5.000000000000000000000000000000e+00
2.000000000000000000000000000000e+01 1.130000000000000000000000000000e+02 1.455779000000000000000000000000e+06 6.000000000000000000000000000000e+00
2.300000000000000000000000000000e+01 1.270000000000000000000000000000e+02 2.064639000000000000000000000000e+06 7.000000000000000000000000000000e+00
2.600000000000000000000000000000e+01 6.700000000000000000000000000000e+01 3.053190000000000000000000000000e+05 8.000000000000000000000000000000e+00
2.800000000000000000000000000000e+01 1.030000000000000000000000000000e+02 1.103439000000000000000000000000e+06 9.000000000000000000000000000000e+00
2.900000000000000000000000000000e+01 1.470000000000000000000000000000e+02 3.198279000000000000000000000000e+06 1.000000000000000000000000000000e+01
3.100000000000000000000000000000e+01 1.180000000000000000000000000000e+02 1.657074000000000000000000000000e+06 1.100000000000000000000000000000e+01
3.400000000000000000000000000000e+01 7.000000000000000000000000000000e+00 3.990000000000000000000000000000e+02 1.200000000000000000000000000000e+01
3.500000000000000000000000000000e+01 8.000000000000000000000000000000e+00 5.840000000000000000000000000000e+02 1.300000000000000000000000000000e+01
3.700000000000000000000000000000e+01 3.000000000000000000000000000000e+00 3.900000000000000000000000000000e+01 1.400000000000000000000000000000e+01
3.900000000000000000000000000000e+01 4.200000000000000000000000000000e+01 7.589400000000000000000000000000e+04 1.500000000000000000000000000000e+01
4.000000000000000000000000000000e+01 3.270000000000000000000000000000e+02 3.507303900000000000000000000000e+07 1.600000000000000000000000000000e+01
4.400000000000000000000000000000e+01 2.770000000000000000000000000000e+02 2.133093900000000000000000000000e+07 1.700000000000000000000000000000e+01
4.600000000000000000000000000000e+01 1.440000000000000000000000000000e+02 3.006864000000000000000000000000e+06 1.800000000000000000000000000000e+01
4.900000000000000000000000000000e+01 3.900000000000000000000000000000e+01 6.087900000000000000000000000000e+04 1.900000000000000000000000000000e+01
5.100000000000000000000000000000e+01 4.500000000000000000000000000000e+01 9.319500000000000000000000000000e+04 2.000000000000000000000000000000e+01
5.200000000000000000000000000000e+01 5.200000000000000000000000000000e+01 1.433640000000000000000000000000e+05 2.100000000000000000000000000000e+01
5.300000000000000000000000000000e+01 2.200000000000000000000000000000e+01 1.115400000000000000000000000000e+04 2.200000000000000000000000000000e+01
5.500000000000000000000000000000e+01 6.300000000000000000000000000000e+01 2.540790000000000000000000000000e+05 2.300000000000000000000000000000e+01
5.600000000000000000000000000000e+01 2.800000000000000000000000000000e+01 2.276400000000000000000000000000e+04 2.400000000000000000000000000000e+01
5.700000000000000000000000000000e+01 2.600000000000000000000000000000e+01 1.827800000000000000000000000000e+04 2.500000000000000000000000000000e+01
5.900000000000000000000000000000e+01 1.850000000000000000000000000000e+02 6.366035000000000000000000000000e+06 2.600000000000000000000000000000e+01
6.000000000000000000000000000000e+01 1.630000000000000000000000000000e+02 4.357479000000000000000000000000e+06 2.700000000000000000000000000000e+01
6.300000000000000000000000000000e+01 1.000000000000000000000000000000e+01 1.110000000000000000000000000000e+03 2.800000000000000000000000000000e+01
6.500000000000000000000000000000e+01 1.400000000000000000000000000000e+01 2.954000000000000000000000000000e+03 2.900000000000000000000000000000e+01
6.800000000000000000000000000000e+01 9.600000000000000000000000000000e+01 8.940480000000000000000000000000e+05 3.000000000000000000000000000000e+01
6.900000000000000000000000000000e+01 9.200000000000000000000000000000e+01 7.872440000000000000000000000000e+05 3.100000000000000000000000000000e+01
7.100000000000000000000000000000e+01 1.420000000000000000000000000000e+02 2.883594000000000000000000000000e+06 3.200000000000000000000000000000e+01
7.300000000000000000000000000000e+01 1.700000000000000000000000000000e+01 5.219000000000000000000000000000e+03 3.300000000000000000000000000000e+01
7.500000000000000000000000000000e+01 7.200000000000000000000000000000e+01 3.785040000000000000000000000000e+05 3.400000000000000000000000000000e+01
7.800000000000000000000000000000e+01 1.500000000000000000000000000000e+01 3.615000000000000000000000000000e+03 3.500000000000000000000000000000e+01
7.900000000000000000000000000000e+01 1.130000000000000000000000000000e+02 1.455779000000000000000000000000e+06 3.600000000000000000000000000000e+01
8.600000000000000000000000000000e+01 1.620000000000000000000000000000e+02 4.277934000000000000000000000000e+06 3.700000000000000000000000000000e+01
8.800000000000000000000000000000e+01 4.150000000000000000000000000000e+02 7.164601500000000000000000000000e+07 3.800000000000000000000000000000e+01
9.000000000000000000000000000000e+01 1.330000000000000000000000000000e+02 2.370459000000000000000000000000e+06 3.900000000000000000000000000000e+01
9.300000000000000000000000000000e+01 3.600000000000000000000000000000e+01 4.798800000000000000000000000000e+04 4.000000000000000000000000000000e+01
9.400000000000000000000000000000e+01 1.800000000000000000000000000000e+01 6.174000000000000000000000000000e+03 4.100000000000000000000000000000e+01
9.600000000000000000000000000000e+01 5.000000000000000000000000000000e+00 1.550000000000000000000000000000e+02 4.200000000000000000000000000000e+01
9.700000000000000000000000000000e+01 3.000000000000000000000000000000e+01 2.793000000000000000000000000000e+04 4.300000000000000000000000000000e+01
9.800000000000000000000000000000e+01 9.100000000000000000000000000000e+01 7.619430000000000000000000000000e+05 4.400000000000000000000000000000e+01
9.900000000000000000000000000000e+01 1.470000000000000000000000000000e+02 3.198279000000000000000000000000e+06 4.500000000000000000000000000000e+01
1.040000000000000000000000000000e+02 6.200000000000000000000000000000e+01 2.422340000000000000000000000000e+05 4.600000000000000000000000000000e+01
1.050000000000000000000000000000e+02 3.360000000000000000000000000000e+02 3.804628800000000000000000000000e+07 4.700000000000000000000000000000e+01
1.070000000000000000000000000000e+02 6.000000000000000000000000000000e+00 2.580000000000000000000000000000e+02 4.800000000000000000000000000000e+01
1.090000000000000000000000000000e+02 1.100000000000000000000000000000e+01 1.463000000000000000000000000000e+03 4.900000000000000000000000000000e+01
1.100000000000000000000000000000e+02 1.260000000000000000000000000000e+02 2.016378000000000000000000000000e+06 5.000000000000000000000000000000e+01
1.180000000000000000000000000000e+02 7.900000000000000000000000000000e+01 4.993590000000000000000000000000e+05 5.100000000000000000000000000000e+01
1.210000000000000000000000000000e+02 3.930000000000000000000000000000e+02 6.085329900000000000000000000000e+07 5.200000000000000000000000000000e+01
1.220000000000000000000000000000e+02 1.100000000000000000000000000000e+01 1.463000000000000000000000000000e+03 5.300000000000000000000000000000e+01
1.230000000000000000000000000000e+02 4.300000000000000000000000000000e+01 8.139900000000000000000000000000e+04 5.400000000000000000000000000000e+01
1.240000000000000000000000000000e+02 7.500000000000000000000000000000e+01 4.275750000000000000000000000000e+05 5.500000000000000000000000000000e+01
1.250000000000000000000000000000e+02 9.500000000000000000000000000000e+01 8.664950000000000000000000000000e+05 5.600000000000000000000000000000e+01
1.260000000000000000000000000000e+02 8.500000000000000000000000000000e+01 6.214350000000000000000000000000e+05 5.700000000000000000000000000000e+01
1.270000000000000000000000000000e+02 3.190000000000000000000000000000e+02 3.256383900000000000000000000000e+07 5.800000000000000000000000000000e+01
1.290000000000000000000000000000e+02 1.010000000000000000000000000000e+02 1.040603000000000000000000000000e+06 5.900000000000000000000000000000e+01
1.310000000000000000000000000000e+02 8.200000000000000000000000000000e+01 5.581740000000000000000000000000e+05 6.000000000000000000000000000000e+01
1.330000000000000000000000000000e+02 1.700000000000000000000000000000e+01 5.219000000000000000000000000000e+03 6.100000000000000000000000000000e+01
1.360000000000000000000000000000e+02 9.240000000000000000000000000000e+02 7.897437240000000000000000000000e+08 6.200000000000000000000000000000e+01
1.390000000000000000000000000000e+02 1.500000000000000000000000000000e+02 3.397650000000000000000000000000e+06 6.300000000000000000000000000000e+01
1.410000000000000000000000000000e+02 1.220000000000000000000000000000e+02 1.830854000000000000000000000000e+06 6.400000000000000000000000000000e+01
1.420000000000000000000000000000e+02 1.120000000000000000000000000000e+02 1.417584000000000000000000000000e+06 6.500000000000000000000000000000e+01
1.430000000000000000000000000000e+02 2.460000000000000000000000000000e+02 1.494769800000000000000000000000e+07 6.600000000000000000000000000000e+01
1.440000000000000000000000000000e+02 9.000000000000000000000000000000e+00 8.190000000000000000000000000000e+02 6.700000000000000000000000000000e+01
1.450000000000000000000000000000e+02 1.400000000000000000000000000000e+01 2.954000000000000000000000000000e+03 6.800000000000000000000000000000e+01
1.460000000000000000000000000000e+02 7.000000000000000000000000000000e+00 3.990000000000000000000000000000e+02 6.900000000000000000000000000000e+01
1.470000000000000000000000000000e+02 1.700000000000000000000000000000e+01 5.219000000000000000000000000000e+03 7.000000000000000000000000000000e+01
