3.000000000000000000000000000000e+00 2.060000000000000000000000000000e+02 8.784458000000000000000000000000e+06 0.000000000000000000000000000000e+00
1.100000000000000000000000000000e+01 1.000000000000000000000000000000e+00 3.000000000000000000000000000000e+00 1.000000000000000000000000000000e+00
1.200000000000000000000000000000e+01 6.700000000000000000000000000000e+01 3.053190000000000000000000000000e+05 2.000000000000000000000000000000e+00
1.400000000000000000000000000000e+01 9.500000000000000000000000000000e+01 8.664950000000000000000000000000e+05 3.000000000000000000000000000000e+00
1.500000000000000000000000000000e+01 1.450000000000000000000000000000e+02 3.069795000000000000000000000000e+06 4.000000000000000000000000000000e+00
1.700000000000000000000000000000e+01 1.250000000000000000000000000000e+02 1.968875000000000000000000000000e+06 5.000000000000000000000000000000e+00
2.000000000000000000000000000000e+01 2.500000000000000000000000000000e+01 1.627500000000000000000000000000e+04 6.000000000000000000000000000000e+00
2.400000000000000000000000000000e+01 4.500000000000000000000000000000e+01 9.319500000000000000000000000000e+04 7.000000000000000000000000000000e+00
2.500000000000000000000000000000e+01 1.400000000000000000000000000000e+02 2.763740000000000000000000000000e+06 8.000000000000000000000000000000e+00
2.600000000000000000000000000000e+01 8.000000000000000000000000000000e+00 5.840000000000000000000000000000e+02 9.000000000000000000000000000000e+00
2.700000000000000000000000000000e+01 1.380000000000000000000000000000e+02 2.647254000000000000000000000000e+06 1.000000000000000000000000000000e+01
2.900000000000000000000000000000e+01 4.400000000000000000000000000000e+01 8.716400000000000000000000000000e+04 1.100000000000000000000000000000e+01
3.000000000000000000000000000000e+01 3.000000000000000000000000000000e+01 2.793000000000000000000000000000e+04 1.200000000000000000000000000000e+01
3.100000000000000000000000000000e+01 2.100000000000000000000000000000e+01 9.723000000000000000000000000000e+03 1.300000000000000000000000000000e+01
3.500000000000000000000000000000e+01 1.700000000000000000000000000000e+01 5.219000000000000000000000000000e+03 1.400000000000000000000000000000e+01
3.600000000000000000000000000000e+01 7.700000000000000000000000000000e+01 4.625390000000000000000000000000e+05 1.500000000000000000000000000000e+01
3.700000000000000000000000000000e+01 3.150000000000000000000000000000e+02 3.135541500000000000000000000000e+07 1.600000000000000000000000000000e+01
3.900000000000000000000000000000e+01 1.000000000000000000000000000000e+00 3.000000000000000000000000000000e+00 1.700000000000000000000000000000e+01
4.000000000000000000000000000000e+01 2.700000000000000000000000000000e+01 2.043900000000000000000000000000e+04 1.800000000000000000000000000000e+01
4.200000000000000000000000000000e+01 2.800000000000000000000000000000e+02 2.203068000000000000000000000000e+07 1.900000000000000000000000000000e+01
4.300000000000000000000000000000e+01 1.480000000000000000000000000000e+02 3.263844000000000000000000000000e+06 2.000000000000000000000000000000e+01
4.500000000000000000000000000000e+01 1.330000000000000000000000000000e+02 2.370459000000000000000000000000e+06 2.100000000000000000000000000000e+01
4.800000000000000000000000000000e+01 5.700000000000000000000000000000e+01 1.884990000000000000000000000000e+05 2.200000000000000000000000000000e+01
5.000000000000000000000000000000e+01 1.300000000000000000000000000000e+01 2.379000000000000000000000000000e+03 2.300000000000000000000000000000e+01
5.200000000000000000000000000000e+01 1.500000000000000000000000000000e+02 3.397650000000000000000000000000e+06 2.400000000000000000000000000000e+01
5.600000000000000000000000000000e+01 4.210000000000000000000000000000e+02 7.479612300000000000000000000000e+07 2.500000000000000000000000000000e+01
5.700000000000000000000000000000e+01 2.300000000000000000000000000000e+01 1.271900000000000000000000000000e+04 2.600000000000000000000000000000e+01
5.900000000000000000000000000000e+01 1.030000000000000000000000000000e+02 1.103439000000000000000000000000e+06 2.700000000000000000000000000000e+01
6.000000000000000000000000000000e+01 4.000000000000000000000000000000e+01 6.564000000000000000000000000000e+04 2.800000000000000000000000000000e+01
6.100000000000000000000000000000e+01 1.530000000000000000000000000000e+02 3.605139000000000000000000000000e+06 2.900000000000000000000000000000e+01
6.300000000000000000000000000000e+01 3.280000000000000000000000000000e+02 3.539546400000000000000000000000e+07 3.000000000000000000000000000000e+01
6.600000000000000000000000000000e+01 3.410000000000000000000000000000e+02 3.976844300000000000000000000000e+07 3.100000000000000000000000000000e+01
6.700000000000000000000000000000e+01 5.200000000000000000000000000000e+02 1.408789200000000000000000000000e+08 3.200000000000000000000000000000e+01
6.900000000000000000000000000000e+01 3.800000000000000000000000000000e+01 5.635400000000000000000000000000e+04 3.300000000000000000000000000000e+01
7.000000000000000000000000000000e+01 1.350000000000000000000000000000e+02 2.478735000000000000000000000000e+06 3.400000000000000000000000000000e+01
7.100000000000000000000000000000e+01 3.100000000000000000000000000000e+01 3.078300000000000000000000000000e+04 3.500000000000000000000000000000e+01
7.500000000000000000000000000000e+01 1.400000000000000000000000000000e+02 2.763740000000000000000000000000e+06 3.600000000000000000000000000000e+01
7.700000000000000000000000000000e+01 1.180000000000000000000000000000e+02 1.657074000000000000000000000000e+06 3.700000000000000000000000000000e+01
8.100000000000000000000000000000e+01 1.840000000000000000000000000000e+02 6.263544000000000000000000000000e+06 3.800000000000000000000000000000e+01
8.200000000000000000000000000000e+01 9.000000000000000000000000000000e+00 8.190000000000000000000000000000e+02 3.900000000000000000000000000000e+01
8.300000000000000000000000000000e+01 6.000000000000000000000000000000e+00 2.580000000000000000000000000000e+02 4.000000000000000000000000000000e+01
8.400000000000000000000000000000e+01 2.900000000000000000000000000000e+01 2.525900000000000000000000000000e+04 4.100000000000000000000000000000e+01
8.500000000000000000000000000000e+01 1.670000000000000000000000000000e+02 4.685519000000000000000000000000e+06 4.200000000000000000000000000000e+01
9.000000000000000000000000000000e+01 1.150000000000000000000000000000e+02 1.534215000000000000000000000000e+06 4.300000000000000000000000000000e+01
9.100000000000000000000000000000e+01 1.230000000000000000000000000000e+02 1.876119000000000000000000000000e+06 4.400000000000000000000000000000e+01
9.200000000000000000000000000000e+01 6.600000000000000000000000000000e+01 2.919180000000000000000000000000e+05 4.500000000000000000000000000000e+01
9.400000000000000000000000000000e+01 2.300000000000000000000000000000e+01 1.271900000000000000000000000000e+04 4.600000000000000000000000000000e+01
9.500000000000000000000000000000e+01 1.370000000000000000000000000000e+02 2.590259000000000000000000000000e+06 4.700000000000000000000000000000e+01
9.600000000000000000000000000000e+01 8.000000000000000000000000000000e+00 5.840000000000000000000000000000e+02 4.800000000000000000000000000000e+01
9.900000000000000000000000000000e+01 1.570000000000000000000000000000e+02 3.894699000000000000000000000000e+06 4.900000000000000000000000000000e+01
1.000000000000000000000000000000e+02 6.700000000000000000000000000000e+01 3.053190000000000000000000000000e+05 5.000000000000000000000000000000e+01
1.030000000000000000000000000000e+02 1.550000000000000000000000000000e+02 3.748055000000000000000000000000e+06 5.100000000000000000000000000000e+01
1.050000000000000000000000000000e+02 2.180000000000000000000000000000e+02 1.040797400000000000000000000000e+07 5.200000000000000000000000000000e+01
1.100000000000000000000000000000e+02 2.900000000000000000000000000000e+01 2.525900000000000000000000000000e+04 5.300000000000000000000000000000e+01
1.120000000000000000000000000000e+02 1.800000000000000000000000000000e+01 6.174000000000000000000000000000e+03 5.400000000000000000000000000000e+01
1.130000000000000000000000000000e+02 8.000000000000000000000000000000e+01 5.184800000000000000000000000000e+05 5.500000000000000000000000000000e+01
1.150000000000000000000000000000e+02 1.180000000000000000000000000000e+02 1.657074000000000000000000000000e+06 5.600000000000000000000000000000e+01
1.180000000000000000000000000000e+02 2.650000000000000000000000000000e+02 1.868011500000000000000000000000e+07 5.700000000000000000000000000000e+01
1.200000000000000000000000000000e+02 7.000000000000000000000000000000e+01 3.479700000000000000000000000000e+05 5.800000000000000000000000000000e+01
1.220000000000000000000000000000e+02 3.000000000000000000000000000000e+01 2.793000000000000000000000000000e+04 5.900000000000000000000000000000e+01
1.240000000000000000000000000000e+02 1.510000000000000000000000000000e+02 3.465903000000000000000000000000e+06 6.000000000000000000000000000000e+01
1.270000000000000000000000000000e+02 6.600000000000000000000000000000e+01 2.919180000000000000000000000000e+05 6.100000000000000000000000000000e+01
1.290000000000000000000000000000e+02 1.210000000000000000000000000000e+02 1.786323000000000000000000000000e+06 6.200000000000000000000000000000e+01
1.300000000000000000000000000000e+02 6.400000000000000000000000000000e+01 2.663040000000000000000000000000e+05 6.300000000000000000000000000000e+01
1.350000000000000000000000000000e+02 2.070000000000000000000000000000e+02 8.912799000000000000000000000000e+06 6.400000000000000000000000000000e+01
1.360000000000000000000000000000e+02 1.900000000000000000000000000000e+02 6.895290000000000000000000000000e+06 6.500000000000000000000000000000e+01
1.390000000000000000000000000000e+02 1.630000000000000000000000000000e+02 4.357479000000000000000000000000e+06 6.600000000000000000000000000000e+01
1.440000000000000000000000000000e+02 1.300000000000000000000000000000e+01 2.379000000000000000000000000000e+03 6.700000000000000000000000000000e+01
1.460000000000000000000000000000e+02 1.830000000000000000000000000000e+02 6.162159000000000000000000000000e+06 6.800000000000000000000000000000e+01
