0.000000000000000000000000000000e+00 3.920000000000000000000000000000e+02 6.039034400000000000000000000000e+07 0.000000000000000000000000000000e+00
1.000000000000000000000000000000e+00 1.210000000000000000000000000000e+02 1.786323000000000000000000000000e+06 1.000000000000000000000000000000e+00
5.000000000000000000000000000000e+00 2.630000000000000000000000000000e+02 1.826087900000000000000000000000e+07 2.000000000000000000000000000000e+00
7.000000000000000000000000000000e+00 6.200000000000000000000000000000e+01 2.422340000000000000000000000000e+05 3.000000000000000000000000000000e+00
8.000000000000000000000000000000e+00 1.640000000000000000000000000000e+02 4.438004000000000000000000000000e+06 4.000000000000000000000000000000e+00
9.000000000000000000000000000000e+00 2.510000000000000000000000000000e+02 1.587650300000000000000000000000e+07 5.000000000000000000000000000000e+00
1.100000000000000000000000000000e+01 1.580000000000000000000000000000e+02 3.969434000000000000000000000000e+06 6.000000000000000000000000000000e+00
1.200000000000000000000000000000e+01 1.100000000000000000000000000000e+02 1.343210000000000000000000000000e+06 7.000000000000000000000000000000e+00
1.300000000000000000000000000000e+01 2.600000000000000000000000000000e+01 1.827800000000000000000000000000e+04 8.000000000000000000000000000000e+00
1.400000000000000000000000000000e+01 4.700000000000000000000000000000e+01 1.060790000000000000000000000000e+05 9.000000000000000000000000000000e+00
1.500000000000000000000000000000e+01 1.000000000000000000000000000000e+00 3.000000000000000000000000000000e+00 1.000000000000000000000000000000e+01
1.600000000000000000000000000000e+01 2.010000000000000000000000000000e+02 8.161203000000000000000000000000e+06 1.100000000000000000000000000000e+01
1.700000000000000000000000000000e+01 1.090000000000000000000000000000e+02 1.307019000000000000000000000000e+06 1.200000000000000000000000000000e+01
2.100000000000000000000000000000e+01 1.680000000000000000000000000000e+02 4.770024000000000000000000000000e+06 1.300000000000000000000000000000e+01
2.400000000000000000000000000000e+01 2.800000000000000000000000000000e+01 2.276400000000000000000000000000e+04 1.400000000000000000000000000000e+01
2.500000000000000000000000000000e+01 1.000000000000000000000000000000e+02 1.010100000000000000000000000000e+06 1.500000000000000000000000000000e+01
2.600000000000000000000000000000e+01 4.500000000000000000000000000000e+01 9.319500000000000000000000000000e+04 1.600000000000000000000000000000e+01
2.700000000000000000000000000000e+01 9.400000000000000000000000000000e+01 8.395140000000000000000000000000e+05 1.700000000000000000000000000000e+01
3.000000000000000000000000000000e+01 6.000000000000000000000000000000e+00 2.580000000000000000000000000000e+02 1.800000000000000000000000000000e+01
3.100000000000000000000000000000e+01 5.500000000000000000000000000000e+01 1.694550000000000000000000000000e+05 1.900000000000000000000000000000e+01
3.300000000000000000000000000000e+01 4.100000000000000000000000000000e+01 7.064300000000000000000000000000e+04 2.000000000000000000000000000000e+01
3.700000000000000000000000000000e+01 6.000000000000000000000000000000e+00 2.580000000000000000000000000000e+02 2.100000000000000000000000000000e+01
4.200000000000000000000000000000e+01 4.300000000000000000000000000000e+01 8.139900000000000000000000000000e+04 2.200000000000000000000000000000e+01
4.300000000000000000000000000000e+01 8.000000000000000000000000000000e+00 5.840000000000000000000000000000e+02 2.300000000000000000000000000000e+01
4.600000000000000000000000000000e+01 1.400000000000000000000000000000e+01 2.954000000000000000000000000000e+03 2.400000000000000000000000000000e+01
4.700000000000000000000000000000e+01 6.200000000000000000000000000000e+01 2.422340000000000000000000000000e+05 2.500000000000000000000000000000e+01
4.800000000000000000000000000000e+01 1.840000000000000000000000000000e+02 6.263544000000000000000000000000e+06 2.600000000000000000000000000000e+01
4.900000000000000000000000000000e+01 1.600000000000000000000000000000e+01 4.368000000000000000000000000000e+03 2.700000000000000000000000000000e+01
5.100000000000000000000000000000e+01 8.000000000000000000000000000000e+01 5.184800000000000000000000000000e+05 2.800000000000000000000000000000e+01
5.400000000000000000000000000000e+01 7.000000000000000000000000000000e+01 3.479700000000000000000000000000e+05 2.900000000000000000000000000000e+01
5.700000000000000000000000000000e+01 7.000000000000000000000000000000e+00 3.990000000000000000000000000000e+02 3.000000000000000000000000000000e+01
5.800000000000000000000000000000e+01 2.210000000000000000000000000000e+02 1.084292300000000000000000000000e+07 3.100000000000000000000000000000e+01
6.000000000000000000000000000000e+01 6.700000000000000000000000000000e+01 3.053190000000000000000000000000e+05 3.200000000000000000000000000000e+01
6.300000000000000000000000000000e+01 2.100000000000000000000000000000e+01 9.723000000000000000000000000000e+03 3.300000000000000000000000000000e+01
6.400000000000000000000000000000e+01 1.510000000000000000000000000000e+02 3.465903000000000000000000000000e+06 3.400000000000000000000000000000e+01
6.600000000000000000000000000000e+01 2.400000000000000000000000000000e+01 1.442400000000000000000000000000e+04 3.500000000000000000000000000000e+01
6.700000000000000000000000000000e+01 1.070000000000000000000000000000e+02 1.236599000000000000000000000000e+06 3.600000000000000000000000000000e+01
6.800000000000000000000000000000e+01 5.150000000000000000000000000000e+02 1.368566150000000000000000000000e+08 3.700000000000000000000000000000e+01
6.900000000000000000000000000000e+01 2.900000000000000000000000000000e+01 2.525900000000000000000000000000e+04 3.800000000000000000000000000000e+01
7.100000000000000000000000000000e+01 4.600000000000000000000000000000e+01 9.949800000000000000000000000000e+04 3.900000000000000000000000000000e+01
7.200000000000000000000000000000e+01 1.790000000000000000000000000000e+02 5.767559000000000000000000000000e+06 4.000000000000000000000000000000e+01
7.300000000000000000000000000000e+01 5.000000000000000000000000000000e+00 1.550000000000000000000000000000e+02 4.100000000000000000000000000000e+01
7.700000000000000000000000000000e+01 1.490000000000000000000000000000e+02 3.330299000000000000000000000000e+06 4.200000000000000000000000000000e+01
8.100000000000000000000000000000e+01 3.100000000000000000000000000000e+01 3.078300000000000000000000000000e+04 4.300000000000000000000000000000e+01
8.500000000000000000000000000000e+01 8.800000000000000000000000000000e+01 6.893040000000000000000000000000e+05 4.400000000000000000000000000000e+01
8.600000000000000000000000000000e+01 5.000000000000000000000000000000e+00 1.550000000000000000000000000000e+02 4.500000000000000000000000000000e+01
8.800000000000000000000000000000e+01 2.910000000000000000000000000000e+02 2.472714300000000000000000000000e+07 4.600000000000000000000000000000e+01
9.100000000000000000000000000000e+01 1.060000000000000000000000000000e+02 1.202358000000000000000000000000e+06 4.700000000000000000000000000000e+01
9.300000000000000000000000000000e+01 6.000000000000000000000000000000e+00 2.580000000000000000000000000000e+02 4.800000000000000000000000000000e+01
9.600000000000000000000000000000e+01 1.390000000000000000000000000000e+02 2.705079000000000000000000000000e+06 4.900000000000000000000000000000e+01
9.700000000000000000000000000000e+01 7.200000000000000000000000000000e+01 3.785040000000000000000000000000e+05 5.000000000000000000000000000000e+01
9.800000000000000000000000000000e+01 7.500000000000000000000000000000e+01 4.275750000000000000000000000000e+05 5.100000000000000000000000000000e+01
1.000000000000000000000000000000e+02 8.300000000000000000000000000000e+01 5.787590000000000000000000000000e+05 5.200000000000000000000000000000e+01
1.010000000000000000000000000000e+02 7.100000000000000000000000000000e+01 3.630230000000000000000000000000e+05 5.300000000000000000000000000000e+01
1.020000000000000000000000000000e+02 1.640000000000000000000000000000e+02 4.438004000000000000000000000000e+06 5.400000000000000000000000000000e+01
1.040000000000000000000000000000e+02 1.050000000000000000000000000000e+02 1.168755000000000000000000000000e+06 5.500000000000000000000000000000e+01
1.050000000000000000000000000000e+02 7.200000000000000000000000000000e+01 3.785040000000000000000000000000e+05 5.600000000000000000000000000000e+01
1.060000000000000000000000000000e+02 2.100000000000000000000000000000e+01 9.723000000000000000000000000000e+03 5.700000000000000000000000000000e+01
1.090000000000000000000000000000e+02 5.400000000000000000000000000000e+01 1.604340000000000000000000000000e+05 5.800000000000000000000000000000e+01
1.100000000000000000000000000000e+02 1.900000000000000000000000000000e+02 6.895290000000000000000000000000e+06 5.900000000000000000000000000000e+01
1.120000000000000000000000000000e+02 1.150000000000000000000000000000e+02 1.534215000000000000000000000000e+06 6.000000000000000000000000000000e+01
1.130000000000000000000000000000e+02 2.400000000000000000000000000000e+02 1.388184000000000000000000000000e+07 6.100000000000000000000000000000e+01
1.140000000000000000000000000000e+02 2.600000000000000000000000000000e+01 1.827800000000000000000000000000e+04 6.200000000000000000000000000000e+01
1.160000000000000000000000000000e+02 3.800000000000000000000000000000e+01 5.635400000000000000000000000000e+04 6.300000000000000000000000000000e+01
1.170000000000000000000000000000e+02 2.200000000000000000000000000000e+02 1.069662000000000000000000000000e+07 6.400000000000000000000000000000e+01
1.190000000000000000000000000000e+02 3.900000000000000000000000000000e+01 6.087900000000000000000000000000e+04 6.500000000000000000000000000000e+01
1.230000000000000000000000000000e+02 4.220000000000000000000000000000e+02 7.532995400000000000000000000000e+07 6.600000000000000000000000000000e+01
1.240000000000000000000000000000e+02 9.200000000000000000000000000000e+01 7.872440000000000000000000000000e+05 6.700000000000000000000000000000e+01
1.250000000000000000000000000000e+02 1.490000000000000000000000000000e+02 3.330299000000000000000000000000e+06 6.800000000000000000000000000000e+01
1.270000000000000000000000000000e+02 1.550000000000000000000000000000e+02 3.748055000000000000000000000000e+06 6.900000000000000000000000000000e+01
1.290000000000000000000000000000e+02 1.400000000000000000000000000000e+02 2.763740000000000000000000000000e+06 7.000000000000000000000000000000e+01
1.300000000000000000000000000000e+02 4.250000000000000000000000000000e+02 7.694667500000000000000000000000e+07 7.100000000000000000000000000000e+01
1.340000000000000000000000000000e+02 5.900000000000000000000000000000e+01 2.089190000000000000000000000000e+05 7.200000000000000000000000000000e+01
1.390000000000000000000000000000e+02 1.000000000000000000000000000000e+01 1.110000000000000000000000000000e+03 7.300000000000000000000000000000e+01
1.420000000000000000000000000000e+02 2.100000000000000000000000000000e+01 9.723000000000000000000000000000e+03 7.400000000000000000000000000000e+01
1.440000000000000000000000000000e+02 8.200000000000000000000000000000e+01 5.581740000000000000000000000000e+05 7.500000000000000000000000000000e+01
1.460000000000000000000000000000e+02 5.500000000000000000000000000000e+01 1.694550000000000000000000000000e+05 7.600000000000000000000000000000e+01
1.490000000000000000000000000000e+02 4.000000000000000000000000000000e+01 6.564000000000000000000000000000e+04 7.700000000000000000000000000000e+01
