0.000000000000000000000000000000e+00 7.800000000000000000000000000000e+01 4.807140000000000000000000000000e+05 0.000000000000000000000000000000e+00
1.000000000000000000000000000000e+00 2.440000000000000000000000000000e+02 1.458656400000000000000000000000e+07 1.000000000000000000000000000000e+00
3.000000000000000000000000000000e+00 7.300000000000000000000000000000e+01 3.944190000000000000000000000000e+05 2.000000000000000000000000000000e+00
4.000000000000000000000000000000e+00 1.000000000000000000000000000000e+01 1.110000000000000000000000000000e+03 3.000000000000000000000000000000e+00
5.000000000000000000000000000000e+00 6.200000000000000000000000000000e+01 2.422340000000000000000000000000e+05 4.000000000000000000000000000000e+00
8.000000000000000000000000000000e+00 6.000000000000000000000000000000e+01 2.196600000000000000000000000000e+05 5.000000000000000000000000000000e+00
1.300000000000000000000000000000e+01 6.700000000000000000000000000000e+01 3.053190000000000000000000000000e+05 6.000000000000000000000000000000e+00
1.700000000000000000000000000000e+01 1.750000000000000000000000000000e+02 5.390175000000000000000000000000e+06 7.000000000000000000000000000000e+00
1.800000000000000000000000000000e+01 4.600000000000000000000000000000e+01 9.949800000000000000000000000000e+04 8.000000000000000000000000000000e+00
2.200000000000000000000000000000e+01 1.800000000000000000000000000000e+02 5.864580000000000000000000000000e+06 9.000000000000000000000000000000e+00
2.300000000000000000000000000000e+01 6.200000000000000000000000000000e+01 2.422340000000000000000000000000e+05 1.000000000000000000000000000000e+01
2.700000000000000000000000000000e+01 4.800000000000000000000000000000e+01 1.129440000000000000000000000000e+05 1.100000000000000000000000000000e+01
2.800000000000000000000000000000e+01 1.500000000000000000000000000000e+01 3.615000000000000000000000000000e+03 1.200000000000000000000000000000e+01
2.900000000000000000000000000000e+01 2.170000000000000000000000000000e+02 1.026561900000000000000000000000e+07 1.300000000000000000000000000000e+01
3.200000000000000000000000000000e+01 6.800000000000000000000000000000e+01 3.191240000000000000000000000000e+05 1.400000000000000000000000000000e+01
3.300000000000000000000000000000e+01 1.830000000000000000000000000000e+02 6.162159000000000000000000000000e+06 1.500000000000000000000000000000e+01
3.700000000000000000000000000000e+01 1.360000000000000000000000000000e+02 2.534088000000000000000000000000e+06 1.600000000000000000000000000000e+01
3.800000000000000000000000000000e+01 4.100000000000000000000000000000e+01 7.064300000000000000000000000000e+04 1.700000000000000000000000000000e+01
3.900000000000000000000000000000e+01 1.220000000000000000000000000000e+02 1.830854000000000000000000000000e+06 1.800000000000000000000000000000e+01
4.100000000000000000000000000000e+01 1.480000000000000000000000000000e+02 3.263844000000000000000000000000e+06 1.900000000000000000000000000000e+01
4.300000000000000000000000000000e+01 1.380000000000000000000000000000e+02 2.647254000000000000000000000000e+06 2.000000000000000000000000000000e+01
4.500000000000000000000000000000e+01 2.400000000000000000000000000000e+01 1.442400000000000000000000000000e+04 2.100000000000000000000000000000e+01
4.700000000000000000000000000000e+01 2.590000000000000000000000000000e+02 1.744131900000000000000000000000e+07 2.200000000000000000000000000000e+01
4.800000000000000000000000000000e+01 1.950000000000000000000000000000e+02 7.453095000000000000000000000000e+06 2.300000000000000000000000000000e+01
5.100000000000000000000000000000e+01 6.500000000000000000000000000000e+01 2.789150000000000000000000000000e+05 2.400000000000000000000000000000e+01
5.200000000000000000000000000000e+01 2.800000000000000000000000000000e+01 2.276400000000000000000000000000e+04 2.500000000000000000000000000000e+01
5.400000000000000000000000000000e+01 2.800000000000000000000000000000e+02 2.203068000000000000000000000000e+07 2.600000000000000000000000000000e+01
5.600000000000000000000000000000e+01 1.300000000000000000000000000000e+01 2.379000000000000000000000000000e+03 2.700000000000000000000000000000e+01
5.800000000000000000000000000000e+01 8.000000000000000000000000000000e+00 5.840000000000000000000000000000e+02 2.800000000000000000000000000000e+01
5.900000000000000000000000000000e+01 1.720000000000000000000000000000e+02 5.118204000000000000000000000000e+06 2.900000000000000000000000000000e+01
6.200000000000000000000000000000e+01 6.100000000000000000000000000000e+01 2.307630000000000000000000000000e+05 3.000000000000000000000000000000e+01
6.600000000000000000000000000000e+01 1.260000000000000000000000000000e+02 2.016378000000000000000000000000e+06 3.100000000000000000000000000000e+01
6.700000000000000000000000000000e+01 2.400000000000000000000000000000e+01 1.442400000000000000000000000000e+04 3.200000000000000000000000000000e+01
6.800000000000000000000000000000e+01 1.200000000000000000000000000000e+01 1.884000000000000000000000000000e+03 3.300000000000000000000000000000e+01
6.900000000000000000000000000000e+01 4.400000000000000000000000000000e+01 8.716400000000000000000000000000e+04 3.400000000000000000000000000000e+01
7.000000000000000000000000000000e+01 4.400000000000000000000000000000e+01 8.716400000000000000000000000000e+04 3.500000000000000000000000000000e+01
7.400000000000000000000000000000e+01 4.000000000000000000000000000000e+01 6.564000000000000000000000000000e+04 3.600000000000000000000000000000e+01
7.500000000000000000000000000000e+01 2.840000000000000000000000000000e+02 2.298724400000000000000000000000e+07 3.700000000000000000000000000000e+01
7.600000000000000000000000000000e+01 5.500000000000000000000000000000e+01 1.694550000000000000000000000000e+05 3.800000000000000000000000000000e+01
7.900000000000000000000000000000e+01 2.040000000000000000000000000000e+02 8.531484000000000000000000000000e+06 3.900000000000000000000000000000e+01
8.000000000000000000000000000000e+01 6.000000000000000000000000000000e+00 2.580000000000000000000000000000e+02 4.000000000000000000000000000000e+01
8.100000000000000000000000000000e+01 2.900000000000000000000000000000e+01 2.525900000000000000000000000000e+04 4.100000000000000000000000000000e+01
8.300000000000000000000000000000e+01 1.400000000000000000000000000000e+02 2.763740000000000000000000000000e+06 4.200000000000000000000000000000e+01
8.600000000000000000000000000000e+01 5.100000000000000000000000000000e+01 1.353030000000000000000000000000e+05 4.300000000000000000000000000000e+01
8.700000000000000000000000000000e+01 3.300000000000000000000000000000e+01 3.705900000000000000000000000000e+04 4.400000000000000000000000000000e+01
8.900000000000000000000000000000e+01 1.830000000000000000000000000000e+02 6.162159000000000000000000000000e+06 4.500000000000000000000000000000e+01
9.100000000000000000000000000000e+01 9.300000000000000000000000000000e+01 8.130990000000000000000000000000e+05 4.600000000000000000000000000000e+01
9.500000000000000000000000000000e+01 2.910000000000000000000000000000e+02 2.472714300000000000000000000000e+07 4.700000000000000000000000000000e+01
9.600000000000000000000000000000e+01 5.800000000000000000000000000000e+01 1.985340000000000000000000000000e+05 4.800000000000000000000000000000e+01
9.900000000000000000000000000000e+01 1.290000000000000000000000000000e+02 2.163459000000000000000000000000e+06 4.900000000000000000000000000000e+01
1.000000000000000000000000000000e+02 2.300000000000000000000000000000e+02 1.222013000000000000000000000000e+07 5.000000000000000000000000000000e+01
1.040000000000000000000000000000e+02 5.100000000000000000000000000000e+01 1.353030000000000000000000000000e+05 5.100000000000000000000000000000e+01
1.050000000000000000000000000000e+02 3.870000000000000000000000000000e+02 5.811075900000000000000000000000e+07 5.200000000000000000000000000000e+01
1.060000000000000000000000000000e+02 4.600000000000000000000000000000e+01 9.949800000000000000000000000000e+04 5.300000000000000000000000000000e+01
1.070000000000000000000000000000e+02 2.500000000000000000000000000000e+01 1.627500000000000000000000000000e+04 5.400000000000000000000000000000e+01
1.080000000000000000000000000000e+02 1.560000000000000000000000000000e+02 3.820908000000000000000000000000e+06 5.500000000000000000000000000000e+01
1.100000000000000000000000000000e+02 2.700000000000000000000000000000e+01 2.043900000000000000000000000000e+04 5.600000000000000000000000000000e+01
1.110000000000000000000000000000e+02 5.100000000000000000000000000000e+01 1.353030000000000000000000000000e+05 5.700000000000000000000000000000e+01
1.120000000000000000000000000000e+02 4.100000000000000000000000000000e+01 7.064300000000000000000000000000e+04 5.800000000000000000000000000000e+01
1.170000000000000000000000000000e+02 1.810000000000000000000000000000e+02 5.962683000000000000000000000000e+06 5.900000000000000000000000000000e+01
1.180000000000000000000000000000e+02 1.930000000000000000000000000000e+02 7.226499000000000000000000000000e+06 6.000000000000000000000000000000e+01
1.190000000000000000000000000000e+02 1.870000000000000000000000000000e+02 6.574359000000000000000000000000e+06 6.100000000000000000000000000000e+01
1.200000000000000000000000000000e+02 2.560000000000000000000000000000e+02 1.684300800000000000000000000000e+07 6.200000000000000000000000000000e+01
1.210000000000000000000000000000e+02 7.300000000000000000000000000000e+01 3.944190000000000000000000000000e+05 6.300000000000000000000000000000e+01
1.220000000000000000000000000000e+02 5.000000000000000000000000000000e+00 1.550000000000000000000000000000e+02 6.400000000000000000000000000000e+01
1.230000000000000000000000000000e+02 3.000000000000000000000000000000e+01 2.793000000000000000000000000000e+04 6.500000000000000000000000000000e+01
1.240000000000000000000000000000e+02 9.300000000000000000000000000000e+01 8.130990000000000000000000000000e+05 6.600000000000000000000000000000e+01
1.250000000000000000000000000000e+02 4.000000000000000000000000000000e+01 6.564000000000000000000000000000e+04 6.700000000000000000000000000000e+01
1.290000000000000000000000000000e+02 1.290000000000000000000000000000e+02 2.163459000000000000000000000000e+06 6.800000000000000000000000000000e+01
1.300000000000000000000000000000e+02 5.800000000000000000000000000000e+01 1.985340000000000000000000000000e+05 6.900000000000000000000000000000e+01
1.310000000000000000000000000000e+02 5.600000000000000000000000000000e+01 1.788080000000000000000000000000e+05 7.000000000000000000000000000000e+01
1.320000000000000000000000000000e+02 2.800000000000000000000000000000e+01 2.276400000000000000000000000000e+04 7.100000000000000000000000000000e+01
1.330000000000000000000000000000e+02 2.920000000000000000000000000000e+02 2.498264400000000000000000000000e+07 7.200000000000000000000000000000e+01
1.340000000000000000000000000000e+02 1.560000000000000000000000000000e+02 3.820908000000000000000000000000e+06 7.300000000000000000000000000000e+01
1.350000000000000000000000000000e+02 1.410000000000000000000000000000e+02 2.823243000000000000000000000000e+06 7.400000000000000000000000000000e+01
1.370000000000000000000000000000e+02 2.900000000000000000000000000000e+01 2.525900000000000000000000000000e+04 7.500000000000000000000000000000e+01
1.400000000000000000000000000000e+02 1.700000000000000000000000000000e+01 5.219000000000000000000000000000e+03 7.600000000000000000000000000000e+01
1.410000000000000000000000000000e+02 1.110000000000000000000000000000e+02 1.380063000000000000000000000000e+06 7.700000000000000000000000000000e+01
1.430000000000000000000000000000e+02 1.090000000000000000000000000000e+02 1.307019000000000000000000000000e+06 7.800000000000000000000000000000e+01
1.440000000000000000000000000000e+02 1.700000000000000000000000000000e+01 5.219000000000000000000000000000e+03 7.900000000000000000000000000000e+01
1.460000000000000000000000000000e+02 2.100000000000000000000000000000e+01 9.723000000000000000000000000000e+03 8.000000000000000000000000000000e+01
1.470000000000000000000000000000e+02 5.900000000000000000000000000000e+01 2.089190000000000000000000000000e+05 8.100000000000000000000000000000e+01
1.480000000000000000000000000000e+02 6.300000000000000000000000000000e+01 2.540790000000000000000000000000e+05 8.200000000000000000000000000000e+01
