0.000000000000000000000000000000e+00 6.000000000000000000000000000000e+01 2.196600000000000000000000000000e+05 0.000000000000000000000000000000e+00
5.000000000000000000000000000000e+00 5.000000000000000000000000000000e+00 1.550000000000000000000000000000e+02 1.000000000000000000000000000000e+00
6.000000000000000000000000000000e+00 8.800000000000000000000000000000e+01 6.893040000000000000000000000000e+05 2.000000000000000000000000000000e+00
7.000000000000000000000000000000e+00 8.300000000000000000000000000000e+01 5.787590000000000000000000000000e+05 3.000000000000000000000000000000e+00
1.000000000000000000000000000000e+01 2.660000000000000000000000000000e+02 1.889211800000000000000000000000e+07 4.000000000000000000000000000000e+00
1.400000000000000000000000000000e+01 4.700000000000000000000000000000e+01 1.060790000000000000000000000000e+05 5.000000000000000000000000000000e+00
1.500000000000000000000000000000e+01 6.500000000000000000000000000000e+01 2.789150000000000000000000000000e+05 6.000000000000000000000000000000e+00
1.600000000000000000000000000000e+01 2.200000000000000000000000000000e+01 1.115400000000000000000000000000e+04 7.000000000000000000000000000000e+00
1.700000000000000000000000000000e+01 1.120000000000000000000000000000e+02 1.417584000000000000000000000000e+06 8.000000000000000000000000000000e+00
1.800000000000000000000000000000e+01 3.800000000000000000000000000000e+01 5.635400000000000000000000000000e+04 9.000000000000000000000000000000e+00
1.900000000000000000000000000000e+01 3.800000000000000000000000000000e+01 5.635400000000000000000000000000e+04 1.000000000000000000000000000000e+01
2.400000000000000000000000000000e+01 9.600000000000000000000000000000e+01 8.940480000000000000000000000000e+05 1.100000000000000000000000000000e+01
2.500000000000000000000000000000e+01 3.500000000000000000000000000000e+01 4.413500000000000000000000000000e+04 1.200000000000000000000000000000e+01
2.600000000000000000000000000000e+01 7.100000000000000000000000000000e+01 3.630230000000000000000000000000e+05 1.300000000000000000000000000000e+01
3.000000000000000000000000000000e+01 8.500000000000000000000000000000e+01 6.214350000000000000000000000000e+05 1.400000000000000000000000000000e+01
3.200000000000000000000000000000e+01 9.100000000000000000000000000000e+01 7.619430000000000000000000000000e+05 1.500000000000000000000000000000e+01
3.300000000000000000000000000000e+01 1.010000000000000000000000000000e+02 1.040603000000000000000000000000e+06 1.600000000000000000000000000000e+01
3.500000000000000000000000000000e+01 1.120000000000000000000000000000e+02 1.417584000000000000000000000000e+06 1.700000000000000000000000000000e+01
4.100000000000000000000000000000e+01 8.000000000000000000000000000000e+00 5.840000000000000000000000000000e+02 1.800000000000000000000000000000e+01
4.200000000000000000000000000000e+01 2.420000000000000000000000000000e+02 1.423129400000000000000000000000e+07 1.900000000000000000000000000000e+01
4.600000000000000000000000000000e+01 4.900000000000000000000000000000e+01 1.200990000000000000000000000000e+05 2.000000000000000000000000000000e+01
4.700000000000000000000000000000e+01 1.310000000000000000000000000000e+02 2.265383000000000000000000000000e+06 2.100000000000000000000000000000e+01
4.800000000000000000000000000000e+01 1.000000000000000000000000000000e+02 1.010100000000000000000000000000e+06 2.200000000000000000000000000000e+01
5.000000000000000000000000000000e+01 1.700000000000000000000000000000e+01 5.219000000000000000000000000000e+03 2.300000000000000000000000000000e+01
5.300000000000000000000000000000e+01 9.300000000000000000000000000000e+01 8.130990000000000000000000000000e+05 2.400000000000000000000000000000e+01
5.500000000000000000000000000000e+01 2.680000000000000000000000000000e+02 1.932092400000000000000000000000e+07 2.500000000000000000000000000000e+01
5.600000000000000000000000000000e+01 1.010000000000000000000000000000e+02 1.040603000000000000000000000000e+06 2.600000000000000000000000000000e+01
5.700000000000000000000000000000e+01 4.970000000000000000000000000000e+02 1.230109790000000000000000000000e+08 2.700000000000000000000000000000e+01
5.800000000000000000000000000000e+01 3.800000000000000000000000000000e+01 5.635400000000000000000000000000e+04 2.800000000000000000000000000000e+01
6.000000000000000000000000000000e+01 2.010000000000000000000000000000e+02 8.161203000000000000000000000000e+06 2.900000000000000000000000000000e+01
6.300000000000000000000000000000e+01 1.970000000000000000000000000000e+02 7.684379000000000000000000000000e+06 3.000000000000000000000000000000e+01
6.400000000000000000000000000000e+01 1.410000000000000000000000000000e+02 2.823243000000000000000000000000e+06 3.100000000000000000000000000000e+01
6.500000000000000000000000000000e+01 1.700000000000000000000000000000e+01 5.219000000000000000000000000000e+03 3.200000000000000000000000000000e+01
6.600000000000000000000000000000e+01 6.600000000000000000000000000000e+01 2.919180000000000000000000000000e+05 3.300000000000000000000000000000e+01
6.700000000000000000000000000000e+01 2.900000000000000000000000000000e+01 2.525900000000000000000000000000e+04 3.400000000000000000000000000000e+01
6.900000000000000000000000000000e+01 1.390000000000000000000000000000e+02 2.705079000000000000000000000000e+06 3.500000000000000000000000000000e+01
7.100000000000000000000000000000e+01 2.510000000000000000000000000000e+02 1.587650300000000000000000000000e+07 3.600000000000000000000000000000e+01
7.400000000000000000000000000000e+01 3.100000000000000000000000000000e+01 3.078300000000000000000000000000e+04 3.700000000000000000000000000000e+01
7.600000000000000000000000000000e+01 3.700000000000000000000000000000e+01 5.205900000000000000000000000000e+04 3.800000000000000000000000000000e+01
7.900000000000000000000000000000e+01 2.030000000000000000000000000000e+02 8.406839000000000000000000000000e+06 3.900000000000000000000000000000e+01
8.000000000000000000000000000000e+01 5.000000000000000000000000000000e+00 1.550000000000000000000000000000e+02 4.000000000000000000000000000000e+01
8.100000000000000000000000000000e+01 7.000000000000000000000000000000e+00 3.990000000000000000000000000000e+02 4.100000000000000000000000000000e+01
8.200000000000000000000000000000e+01 3.340000000000000000000000000000e+02 3.737159400000000000000000000000e+07 4.200000000000000000000000000000e+01
8.600000000000000000000000000000e+01 9.700000000000000000000000000000e+01 9.221790000000000000000000000000e+05 4.300000000000000000000000000000e+01
8.700000000000000000000000000000e+01 5.500000000000000000000000000000e+01 1.694550000000000000000000000000e+05 4.400000000000000000000000000000e+01
8.900000000000000000000000000000e+01 3.360000000000000000000000000000e+02 3.804628800000000000000000000000e+07 4.500000000000000000000000000000e+01
9.100000000000000000000000000000e+01 5.800000000000000000000000000000e+01 1.985340000000000000000000000000e+05 4.600000000000000000000000000000e+01
9.400000000000000000000000000000e+01 1.400000000000000000000000000000e+02 2.763740000000000000000000000000e+06 4.700000000000000000000000000000e+01
9.500000000000000000000000000000e+01 5.300000000000000000000000000000e+01 1.517390000000000000000000000000e+05 4.800000000000000000000000000000e+01
9.800000000000000000000000000000e+01 3.100000000000000000000000000000e+02 2.988741000000000000000000000000e+07 4.900000000000000000000000000000e+01
1.000000000000000000000000000000e+02 1.890000000000000000000000000000e+02 6.787179000000000000000000000000e+06 5.000000000000000000000000000000e+01
1.020000000000000000000000000000e+02 1.270000000000000000000000000000e+02 2.064639000000000000000000000000e+06 5.100000000000000000000000000000e+01
1.030000000000000000000000000000e+02 1.000000000000000000000000000000e+01 1.110000000000000000000000000000e+03 5.200000000000000000000000000000e+01
1.060000000000000000000000000000e+02 1.770000000000000000000000000000e+02 5.576739000000000000000000000000e+06 5.300000000000000000000000000000e+01
1.070000000000000000000000000000e+02 1.050000000000000000000000000000e+02 1.168755000000000000000000000000e+06 5.400000000000000000000000000000e+01
1.080000000000000000000000000000e+02 2.550000000000000000000000000000e+02 1.664665500000000000000000000000e+07 5.500000000000000000000000000000e+01
1.130000000000000000000000000000e+02 3.300000000000000000000000000000e+01 3.705900000000000000000000000000e+04 5.600000000000000000000000000000e+01
1.160000000000000000000000000000e+02 3.620000000000000000000000000000e+02 4.756933400000000000000000000000e+07 5.700000000000000000000000000000e+01
1.170000000000000000000000000000e+02 2.630000000000000000000000000000e+02 1.826087900000000000000000000000e+07 5.800000000000000000000000000000e+01
1.180000000000000000000000000000e+02 8.000000000000000000000000000000e+00 5.840000000000000000000000000000e+02 5.900000000000000000000000000000e+01
1.190000000000000000000000000000e+02 4.900000000000000000000000000000e+01 1.200990000000000000000000000000e+05 6.000000000000000000000000000000e+01
1.210000000000000000000000000000e+02 1.450000000000000000000000000000e+02 3.069795000000000000000000000000e+06 6.100000000000000000000000000000e+01
1.220000000000000000000000000000e+02 4.100000000000000000000000000000e+01 7.064300000000000000000000000000e+04 6.200000000000000000000000000000e+01
1.260000000000000000000000000000e+02 1.030000000000000000000000000000e+02 1.103439000000000000000000000000e+06 6.300000000000000000000000000000e+01
1.270000000000000000000000000000e+02 6.400000000000000000000000000000e+01 2.663040000000000000000000000000e+05 6.400000000000000000000000000000e+01
1.290000000000000000000000000000e+02 1.500000000000000000000000000000e+01 3.615000000000000000000000000000e+03 6.500000000000000000000000000000e+01
1.310000000000000000000000000000e+02 1.500000000000000000000000000000e+01 3.615000000000000000000000000000e+03 6.600000000000000000000000000000e+01
1.320000000000000000000000000000e+02 1.350000000000000000000000000000e+02 2.478735000000000000000000000000e+06 6.700000000000000000000000000000e+01
1.340000000000000000000000000000e+02 5.000000000000000000000000000000e+00 1.550000000000000000000000000000e+02 6.800000000000000000000000000000e+01
1.350000000000000000000000000000e+02 1.290000000000000000000000000000e+02 2.163459000000000000000000000000e+06 6.900000000000000000000000000000e+01
1.370000000000000000000000000000e+02 3.400000000000000000000000000000e+02 3.941994000000000000000000000000e+07 7.000000000000000000000000000000e+01
1.380000000000000000000000000000e+02 1.200000000000000000000000000000e+01 1.884000000000000000000000000000e+03 7.100000000000000000000000000000e+01
1.450000000000000000000000000000e+02 1.100000000000000000000000000000e+02 1.343210000000000000000000000000e+06 7.200000000000000000000000000000e+01
1.460000000000000000000000000000e+02 2.400000000000000000000000000000e+01 1.442400000000000000000000000000e+04 7.300000000000000000000000000000e+01
