0.000000000000000000000000000000e+00 7.800000000000000000000000000000e+01 4.807140000000000000000000000000e+05 0.000000000000000000000000000000e+00
1.000000000000000000000000000000e+00 3.980000000000000000000000000000e+02 6.320359400000000000000000000000e+07 1.000000000000000000000000000000e+00
3.000000000000000000000000000000e+00 3.100000000000000000000000000000e+01 3.078300000000000000000000000000e+04 2.000000000000000000000000000000e+00
4.000000000000000000000000000000e+00 1.930000000000000000000000000000e+02 7.226499000000000000000000000000e+06 3.000000000000000000000000000000e+00
5.000000000000000000000000000000e+00 3.600000000000000000000000000000e+01 4.798800000000000000000000000000e+04 4.000000000000000000000000000000e+00
6.000000000000000000000000000000e+00 2.900000000000000000000000000000e+01 2.525900000000000000000000000000e+04 5.000000000000000000000000000000e+00
8.000000000000000000000000000000e+00 1.800000000000000000000000000000e+01 6.174000000000000000000000000000e+03 6.000000000000000000000000000000e+00
1.000000000000000000000000000000e+01 3.600000000000000000000000000000e+01 4.798800000000000000000000000000e+04 7.000000000000000000000000000000e+00
1.100000000000000000000000000000e+01 1.280000000000000000000000000000e+02 2.113664000000000000000000000000e+06 8.000000000000000000000000000000e+00
1.300000000000000000000000000000e+01 1.890000000000000000000000000000e+02 6.787179000000000000000000000000e+06 9.000000000000000000000000000000e+00
1.600000000000000000000000000000e+01 3.490000000000000000000000000000e+02 4.263069900000000000000000000000e+07 1.000000000000000000000000000000e+01
1.700000000000000000000000000000e+01 8.200000000000000000000000000000e+01 5.581740000000000000000000000000e+05 1.100000000000000000000000000000e+01
2.100000000000000000000000000000e+01 6.400000000000000000000000000000e+01 2.663040000000000000000000000000e+05 1.200000000000000000000000000000e+01
2.300000000000000000000000000000e+01 6.300000000000000000000000000000e+01 2.540790000000000000000000000000e+05 1.300000000000000000000000000000e+01
2.400000000000000000000000000000e+01 4.000000000000000000000000000000e+00 8.400000000000000000000000000000e+01 1.400000000000000000000000000000e+01
2.500000000000000000000000000000e+01 3.040000000000000000000000000000e+02 2.818718400000000000000000000000e+07 1.500000000000000000000000000000e+01
2.800000000000000000000000000000e+01 1.880000000000000000000000000000e+02 6.680204000000000000000000000000e+06 1.600000000000000000000000000000e+01
2.900000000000000000000000000000e+01 1.010000000000000000000000000000e+02 1.040603000000000000000000000000e+06 1.700000000000000000000000000000e+01
3.000000000000000000000000000000e+01 1.250000000000000000000000000000e+02 1.968875000000000000000000000000e+06 1.800000000000000000000000000000e+01
3.100000000000000000000000000000e+01 4.000000000000000000000000000000e+00 8.400000000000000000000000000000e+01 1.900000000000000000000000000000e+01
3.500000000000000000000000000000e+01 1.530000000000000000000000000000e+02 3.605139000000000000000000000000e+06 2.000000000000000000000000000000e+01
3.600000000000000000000000000000e+01 6.900000000000000000000000000000e+01 3.333390000000000000000000000000e+05 2.100000000000000000000000000000e+01
3.800000000000000000000000000000e+01 1.160000000000000000000000000000e+02 1.574468000000000000000000000000e+06 2.200000000000000000000000000000e+01
3.900000000000000000000000000000e+01 4.750000000000000000000000000000e+02 1.073979750000000000000000000000e+08 2.300000000000000000000000000000e+01
4.100000000000000000000000000000e+01 1.250000000000000000000000000000e+02 1.968875000000000000000000000000e+06 2.400000000000000000000000000000e+01
4.200000000000000000000000000000e+01 2.350000000000000000000000000000e+02 1.303333500000000000000000000000e+07 2.500000000000000000000000000000e+01
5.400000000000000000000000000000e+01 1.740000000000000000000000000000e+02 5.298474000000000000000000000000e+06 2.600000000000000000000000000000e+01
5.800000000000000000000000000000e+01 2.730000000000000000000000000000e+02 2.042121900000000000000000000000e+07 2.700000000000000000000000000000e+01
5.900000000000000000000000000000e+01 3.300000000000000000000000000000e+01 3.705900000000000000000000000000e+04 2.800000000000000000000000000000e+01
6.100000000000000000000000000000e+01 1.870000000000000000000000000000e+02 6.574359000000000000000000000000e+06 2.900000000000000000000000000000e+01
6.200000000000000000000000000000e+01 1.800000000000000000000000000000e+01 6.174000000000000000000000000000e+03 3.000000000000000000000000000000e+01
6.300000000000000000000000000000e+01 2.400000000000000000000000000000e+01 1.442400000000000000000000000000e+04 3.100000000000000000000000000000e+01
6.800000000000000000000000000000e+01 8.000000000000000000000000000000e+00 5.840000000000000000000000000000e+02 3.200000000000000000000000000000e+01
6.900000000000000000000000000000e+01 4.200000000000000000000000000000e+01 7.589400000000000000000000000000e+04 3.300000000000000000000000000000e+01
7.000000000000000000000000000000e+01 1.000000000000000000000000000000e+01 1.110000000000000000000000000000e+03 3.400000000000000000000000000000e+01
7.300000000000000000000000000000e+01 1.890000000000000000000000000000e+02 6.787179000000000000000000000000e+06 3.500000000000000000000000000000e+01
7.600000000000000000000000000000e+01 7.100000000000000000000000000000e+01 3.630230000000000000000000000000e+05 3.600000000000000000000000000000e+01
7.700000000000000000000000000000e+01 1.690000000000000000000000000000e+02 4.855539000000000000000000000000e+06 3.700000000000000000000000000000e+01
7.900000000000000000000000000000e+01 1.700000000000000000000000000000e+01 5.219000000000000000000000000000e+03 3.800000000000000000000000000000e+01
8.000000000000000000000000000000e+01 1.950000000000000000000000000000e+02 7.453095000000000000000000000000e+06 3.900000000000000000000000000000e+01
8.200000000000000000000000000000e+01 5.300000000000000000000000000000e+01 1.517390000000000000000000000000e+05 4.000000000000000000000000000000e+01
8.400000000000000000000000000000e+01 1.570000000000000000000000000000e+02 3.894699000000000000000000000000e+06 4.100000000000000000000000000000e+01
8.500000000000000000000000000000e+01 2.700000000000000000000000000000e+01 2.043900000000000000000000000000e+04 4.200000000000000000000000000000e+01
8.800000000000000000000000000000e+01 6.200000000000000000000000000000e+01 2.422340000000000000000000000000e+05 4.300000000000000000000000000000e+01
8.900000000000000000000000000000e+01 4.700000000000000000000000000000e+01 1.060790000000000000000000000000e+05 4.400000000000000000000000000000e+01
9.100000000000000000000000000000e+01 2.850000000000000000000000000000e+02 2.323063500000000000000000000000e+07 4.500000000000000000000000000000e+01
9.300000000000000000000000000000e+01 1.030000000000000000000000000000e+02 1.103439000000000000000000000000e+06 4.600000000000000000000000000000e+01
9.400000000000000000000000000000e+01 1.570000000000000000000000000000e+02 3.894699000000000000000000000000e+06 4.700000000000000000000000000000e+01
9.800000000000000000000000000000e+01 1.450000000000000000000000000000e+02 3.069795000000000000000000000000e+06 4.800000000000000000000000000000e+01
9.900000000000000000000000000000e+01 1.700000000000000000000000000000e+01 5.219000000000000000000000000000e+03 4.900000000000000000000000000000e+01
1.010000000000000000000000000000e+02 5.000000000000000000000000000000e+01 1.275500000000000000000000000000e+05 5.000000000000000000000000000000e+01
1.050000000000000000000000000000e+02 2.200000000000000000000000000000e+01 1.115400000000000000000000000000e+04 5.100000000000000000000000000000e+01
1.060000000000000000000000000000e+02 2.450000000000000000000000000000e+02 1.476639500000000000000000000000e+07 5.200000000000000000000000000000e+01
1.070000000000000000000000000000e+02 1.680000000000000000000000000000e+02 4.770024000000000000000000000000e+06 5.300000000000000000000000000000e+01
1.080000000000000000000000000000e+02 2.400000000000000000000000000000e+01 1.442400000000000000000000000000e+04 5.400000000000000000000000000000e+01
1.100000000000000000000000000000e+02 8.000000000000000000000000000000e+01 5.184800000000000000000000000000e+05 5.500000000000000000000000000000e+01
1.130000000000000000000000000000e+02 9.000000000000000000000000000000e+00 8.190000000000000000000000000000e+02 5.600000000000000000000000000000e+01
1.140000000000000000000000000000e+02 5.100000000000000000000000000000e+01 1.353030000000000000000000000000e+05 5.700000000000000000000000000000e+01
1.150000000000000000000000000000e+02 1.100000000000000000000000000000e+01 1.463000000000000000000000000000e+03 5.800000000000000000000000000000e+01
1.160000000000000000000000000000e+02 2.900000000000000000000000000000e+01 2.525900000000000000000000000000e+04 5.900000000000000000000000000000e+01
1.190000000000000000000000000000e+02 1.010000000000000000000000000000e+02 1.040603000000000000000000000000e+06 6.000000000000000000000000000000e+01
1.230000000000000000000000000000e+02 1.500000000000000000000000000000e+02 3.397650000000000000000000000000e+06 6.100000000000000000000000000000e+01
1.240000000000000000000000000000e+02 1.790000000000000000000000000000e+02 5.767559000000000000000000000000e+06 6.200000000000000000000000000000e+01
1.250000000000000000000000000000e+02 9.200000000000000000000000000000e+01 7.872440000000000000000000000000e+05 6.300000000000000000000000000000e+01
1.280000000000000000000000000000e+02 1.400000000000000000000000000000e+01 2.954000000000000000000000000000e+03 6.400000000000000000000000000000e+01
1.310000000000000000000000000000e+02 9.200000000000000000000000000000e+01 7.872440000000000000000000000000e+05 6.500000000000000000000000000000e+01
1.340000000000000000000000000000e+02 6.600000000000000000000000000000e+01 2.919180000000000000000000000000e+05 6.600000000000000000000000000000e+01
1.360000000000000000000000000000e+02 2.220000000000000000000000000000e+02 1.099055400000000000000000000000e+07 6.700000000000000000000000000000e+01
1.370000000000000000000000000000e+02 9.500000000000000000000000000000e+01 8.664950000000000000000000000000e+05 6.800000000000000000000000000000e+01
1.380000000000000000000000000000e+02 2.640000000000000000000000000000e+02 1.846970400000000000000000000000e+07 6.900000000000000000000000000000e+01
1.390000000000000000000000000000e+02 1.000000000000000000000000000000e+00 3.000000000000000000000000000000e+00 7.000000000000000000000000000000e+01
1.450000000000000000000000000000e+02 3.200000000000000000000000000000e+01 3.382400000000000000000000000000e+04 7.100000000000000000000000000000e+01
1.460000000000000000000000000000e+02 4.000000000000000000000000000000e+01 6.564000000000000000000000000000e+04 7.200000000000000000000000000000e+01
1.470000000000000000000000000000e+02 1.500000000000000000000000000000e+01 3.615000000000000000000000000000e+03 7.300000000000000000000000000000e+01
1.490000000000000000000000000000e+02 1.500000000000000000000000000000e+01 3.615000000000000000000000000000e+03 7.400000000000000000000000000000e+01
