1.000000000000000000000000000000e+00 1.660000000000000000000000000000e+02 4.602018000000000000000000000000e+06 0.000000000000000000000000000000e+00
4.000000000000000000000000000000e+00 1.240000000000000000000000000000e+02 1.922124000000000000000000000000e+06 1.000000000000000000000000000000e+00
6.000000000000000000000000000000e+00 8.600000000000000000000000000000e+01 6.435380000000000000000000000000e+05 2.000000000000000000000000000000e+00
7.000000000000000000000000000000e+00 3.700000000000000000000000000000e+01 5.205900000000000000000000000000e+04 3.000000000000000000000000000000e+00
9.000000000000000000000000000000e+00 1.250000000000000000000000000000e+02 1.968875000000000000000000000000e+06 4.000000000000000000000000000000e+00
1.100000000000000000000000000000e+01 1.160000000000000000000000000000e+02 1.574468000000000000000000000000e+06 5.000000000000000000000000000000e+00
1.200000000000000000000000000000e+01 3.000000000000000000000000000000e+01 2.793000000000000000000000000000e+04 6.000000000000000000000000000000e+00
1.400000000000000000000000000000e+01 1.260000000000000000000000000000e+02 2.016378000000000000000000000000e+06 7.000000000000000000000000000000e+00
1.500000000000000000000000000000e+01 1.300000000000000000000000000000e+01 2.379000000000000000000000000000e+03 8.000000000000000000000000000000e+00
1.800000000000000000000000000000e+01 5.600000000000000000000000000000e+01 1.788080000000000000000000000000e+05 9.000000000000000000000000000000e+00
1.900000000000000000000000000000e+01 1.510000000000000000000000000000e+02 3.465903000000000000000000000000e+06 1.000000000000000000000000000000e+01
2.100000000000000000000000000000e+01 5.500000000000000000000000000000e+01 1.694550000000000000000000000000e+05 1.100000000000000000000000000000e+01
2.200000000000000000000000000000e+01 1.250000000000000000000000000000e+02 1.968875000000000000000000000000e+06 1.200000000000000000000000000000e+01
2.500000000000000000000000000000e+01 1.770000000000000000000000000000e+02 5.576739000000000000000000000000e+06 1.300000000000000000000000000000e+01
2.600000000000000000000000000000e+01 2.130000000000000000000000000000e+02 9.709179000000000000000000000000e+06 1.400000000000000000000000000000e+01
2.900000000000000000000000000000e+01 8.000000000000000000000000000000e+01 5.184800000000000000000000000000e+05 1.500000000000000000000000000000e+01
3.000000000000000000000000000000e+01 2.950000000000000000000000000000e+02 2.575969500000000000000000000000e+07 1.600000000000000000000000000000e+01
3.300000000000000000000000000000e+01 7.900000000000000000000000000000e+01 4.993590000000000000000000000000e+05 1.700000000000000000000000000000e+01
3.500000000000000000000000000000e+01 5.500000000000000000000000000000e+01 1.694550000000000000000000000000e+05 1.800000000000000000000000000000e+01
3.700000000000000000000000000000e+01 4.420000000000000000000000000000e+02 8.654669400000000000000000000000e+07 1.900000000000000000000000000000e+01
3.800000000000000000000000000000e+01 1.200000000000000000000000000000e+02 1.742520000000000000000000000000e+06 2.000000000000000000000000000000e+01
4.100000000000000000000000000000e+01 7.590000000000000000000000000000e+02 4.378223190000000000000000000000e+08 2.100000000000000000000000000000e+01
4.200000000000000000000000000000e+01 2.900000000000000000000000000000e+01 2.525900000000000000000000000000e+04 2.200000000000000000000000000000e+01
4.300000000000000000000000000000e+01 3.880000000000000000000000000000e+02 5.856200400000000000000000000000e+07 2.300000000000000000000000000000e+01
4.400000000000000000000000000000e+01 1.430000000000000000000000000000e+02 2.944799000000000000000000000000e+06 2.400000000000000000000000000000e+01
4.600000000000000000000000000000e+01 4.120000000000000000000000000000e+02 7.010468400000000000000000000000e+07 2.500000000000000000000000000000e+01
4.900000000000000000000000000000e+01 1.810000000000000000000000000000e+02 5.962683000000000000000000000000e+06 2.600000000000000000000000000000e+01
5.000000000000000000000000000000e+01 1.100000000000000000000000000000e+02 1.343210000000000000000000000000e+06 2.700000000000000000000000000000e+01
5.100000000000000000000000000000e+01 1.940000000000000000000000000000e+02 7.339214000000000000000000000000e+06 2.800000000000000000000000000000e+01
5.400000000000000000000000000000e+01 9.200000000000000000000000000000e+01 7.872440000000000000000000000000e+05 2.900000000000000000000000000000e+01
5.700000000000000000000000000000e+01 3.000000000000000000000000000000e+00 3.900000000000000000000000000000e+01 3.000000000000000000000000000000e+01
5.800000000000000000000000000000e+01 9.600000000000000000000000000000e+01 8.940480000000000000000000000000e+05 3.100000000000000000000000000000e+01
6.200000000000000000000000000000e+01 1.200000000000000000000000000000e+02 1.742520000000000000000000000000e+06 3.200000000000000000000000000000e+01
6.500000000000000000000000000000e+01 4.400000000000000000000000000000e+01 8.716400000000000000000000000000e+04 3.300000000000000000000000000000e+01
6.800000000000000000000000000000e+01 1.000000000000000000000000000000e+00 3.000000000000000000000000000000e+00 3.400000000000000000000000000000e+01
7.300000000000000000000000000000e+01 7.700000000000000000000000000000e+01 4.625390000000000000000000000000e+05 3.500000000000000000000000000000e+01
8.100000000000000000000000000000e+01 5.600000000000000000000000000000e+01 1.788080000000000000000000000000e+05 3.600000000000000000000000000000e+01
8.300000000000000000000000000000e+01 7.100000000000000000000000000000e+01 3.630230000000000000000000000000e+05 3.700000000000000000000000000000e+01
9.000000000000000000000000000000e+01 8.900000000000000000000000000000e+01 7.129790000000000000000000000000e+05 3.800000000000000000000000000000e+01
9.100000000000000000000000000000e+01 1.490000000000000000000000000000e+02 3.330299000000000000000000000000e+06 3.900000000000000000000000000000e+01
9.400000000000000000000000000000e+01 8.500000000000000000000000000000e+01 6.214350000000000000000000000000e+05 4.000000000000000000000000000000e+01
9.600000000000000000000000000000e+01 1.140000000000000000000000000000e+02 1.494654000000000000000000000000e+06 4.100000000000000000000000000000e+01
1.010000000000000000000000000000e+02 1.700000000000000000000000000000e+01 5.219000000000000000000000000000e+03 4.200000000000000000000000000000e+01
1.060000000000000000000000000000e+02 1.030000000000000000000000000000e+02 1.103439000000000000000000000000e+06 4.300000000000000000000000000000e+01
1.090000000000000000000000000000e+02 8.400000000000000000000000000000e+01 5.998440000000000000000000000000e+05 4.400000000000000000000000000000e+01
1.100000000000000000000000000000e+02 5.080000000000000000000000000000e+02 1.313550840000000000000000000000e+08 4.500000000000000000000000000000e+01
1.110000000000000000000000000000e+02 1.200000000000000000000000000000e+02 1.742520000000000000000000000000e+06 4.600000000000000000000000000000e+01
1.120000000000000000000000000000e+02 5.500000000000000000000000000000e+01 1.694550000000000000000000000000e+05 4.700000000000000000000000000000e+01
1.140000000000000000000000000000e+02 2.340000000000000000000000000000e+02 1.286789400000000000000000000000e+07 4.800000000000000000000000000000e+01
1.150000000000000000000000000000e+02 1.260000000000000000000000000000e+02 2.016378000000000000000000000000e+06 4.900000000000000000000000000000e+01
1.170000000000000000000000000000e+02 1.840000000000000000000000000000e+02 6.263544000000000000000000000000e+06 5.000000000000000000000000000000e+01
1.190000000000000000000000000000e+02 1.500000000000000000000000000000e+01 3.615000000000000000000000000000e+03 5.100000000000000000000000000000e+01
1.210000000000000000000000000000e+02 4.700000000000000000000000000000e+01 1.060790000000000000000000000000e+05 5.200000000000000000000000000000e+01
1.220000000000000000000000000000e+02 2.000000000000000000000000000000e+01 8.420000000000000000000000000000e+03 5.300000000000000000000000000000e+01
1.230000000000000000000000000000e+02 9.100000000000000000000000000000e+01 7.619430000000000000000000000000e+05 5.400000000000000000000000000000e+01
1.260000000000000000000000000000e+02 3.500000000000000000000000000000e+01 4.413500000000000000000000000000e+04 5.500000000000000000000000000000e+01
1.270000000000000000000000000000e+02 6.500000000000000000000000000000e+01 2.789150000000000000000000000000e+05 5.600000000000000000000000000000e+01
1.290000000000000000000000000000e+02 5.000000000000000000000000000000e+00 1.550000000000000000000000000000e+02 5.700000000000000000000000000000e+01
1.310000000000000000000000000000e+02 1.190000000000000000000000000000e+02 1.699439000000000000000000000000e+06 5.800000000000000000000000000000e+01
1.330000000000000000000000000000e+02 2.600000000000000000000000000000e+01 1.827800000000000000000000000000e+04 5.900000000000000000000000000000e+01
1.360000000000000000000000000000e+02 3.300000000000000000000000000000e+01 3.705900000000000000000000000000e+04 6.000000000000000000000000000000e+01
1.410000000000000000000000000000e+02 8.000000000000000000000000000000e+00 5.840000000000000000000000000000e+02 6.100000000000000000000000000000e+01
1.440000000000000000000000000000e+02 3.400000000000000000000000000000e+01 4.049400000000000000000000000000e+04 6.200000000000000000000000000000e+01
1.480000000000000000000000000000e+02 1.440000000000000000000000000000e+02 3.006864000000000000000000000000e+06 6.300000000000000000000000000000e+01
1.490000000000000000000000000000e+02 1.100000000000000000000000000000e+01 1.463000000000000000000000000000e+03 6.400000000000000000000000000000e+01
