5.000000000000000000000000000000e+00 1.900000000000000000000000000000e+01 7.239000000000000000000000000000e+03 0.000000000000000000000000000000e+00
7.000000000000000000000000000000e+00 9.700000000000000000000000000000e+01 9.221790000000000000000000000000e+05 1.000000000000000000000000000000e+00
8.000000000000000000000000000000e+00 1.000000000000000000000000000000e+00 3.000000000000000000000000000000e+00 2.000000000000000000000000000000e+00
1.000000000000000000000000000000e+01 1.030000000000000000000000000000e+02 1.103439000000000000000000000000e+06 3.000000000000000000000000000000e+00
1.600000000000000000000000000000e+01 1.970000000000000000000000000000e+02 7.684379000000000000000000000000e+06 4.000000000000000000000000000000e+00
1.900000000000000000000000000000e+01 4.650000000000000000000000000000e+02 1.007613150000000000000000000000e+08 5.000000000000000000000000000000e+00
2.000000000000000000000000000000e+01 2.000000000000000000000000000000e+01 8.420000000000000000000000000000e+03 6.000000000000000000000000000000e+00
2.200000000000000000000000000000e+01 5.600000000000000000000000000000e+01 1.788080000000000000000000000000e+05 7.000000000000000000000000000000e+00
2.500000000000000000000000000000e+01 1.030000000000000000000000000000e+02 1.103439000000000000000000000000e+06 8.000000000000000000000000000000e+00
2.700000000000000000000000000000e+01 1.980000000000000000000000000000e+02 7.801794000000000000000000000000e+06 9.000000000000000000000000000000e+00
3.000000000000000000000000000000e+01 3.900000000000000000000000000000e+01 6.087900000000000000000000000000e+04 1.000000000000000000000000000000e+01
3.100000000000000000000000000000e+01 1.000000000000000000000000000000e+02 1.010100000000000000000000000000e+06 1.100000000000000000000000000000e+01
3.600000000000000000000000000000e+01 1.290000000000000000000000000000e+02 2.163459000000000000000000000000e+06 1.200000000000000000000000000000e+01
3.700000000000000000000000000000e+01 1.980000000000000000000000000000e+02 7.801794000000000000000000000000e+06 1.300000000000000000000000000000e+01
3.900000000000000000000000000000e+01 1.000000000000000000000000000000e+00 3.000000000000000000000000000000e+00 1.400000000000000000000000000000e+01
4.000000000000000000000000000000e+01 1.370000000000000000000000000000e+02 2.590259000000000000000000000000e+06 1.500000000000000000000000000000e+01
4.100000000000000000000000000000e+01 1.310000000000000000000000000000e+02 2.265383000000000000000000000000e+06 1.600000000000000000000000000000e+01
4.300000000000000000000000000000e+01 8.700000000000000000000000000000e+01 6.661590000000000000000000000000e+05 1.700000000000000000000000000000e+01
4.700000000000000000000000000000e+01 2.500000000000000000000000000000e+01 1.627500000000000000000000000000e+04 1.800000000000000000000000000000e+01
4.900000000000000000000000000000e+01 4.400000000000000000000000000000e+01 8.716400000000000000000000000000e+04 1.900000000000000000000000000000e+01
5.200000000000000000000000000000e+01 1.040000000000000000000000000000e+02 1.135784000000000000000000000000e+06 2.000000000000000000000000000000e+01
5.300000000000000000000000000000e+01 1.900000000000000000000000000000e+01 7.239000000000000000000000000000e+03 2.100000000000000000000000000000e+01
5.500000000000000000000000000000e+01 4.400000000000000000000000000000e+01 8.716400000000000000000000000000e+04 2.200000000000000000000000000000e+01
5.800000000000000000000000000000e+01 5.130000000000000000000000000000e+02 1.352693790000000000000000000000e+08 2.300000000000000000000000000000e+01
6.000000000000000000000000000000e+01 5.000000000000000000000000000000e+01 1.275500000000000000000000000000e+05 2.400000000000000000000000000000e+01
6.100000000000000000000000000000e+01 2.980000000000000000000000000000e+02 2.655269400000000000000000000000e+07 2.500000000000000000000000000000e+01
6.200000000000000000000000000000e+01 1.100000000000000000000000000000e+01 1.463000000000000000000000000000e+03 2.600000000000000000000000000000e+01
6.400000000000000000000000000000e+01 4.800000000000000000000000000000e+01 1.129440000000000000000000000000e+05 2.700000000000000000000000000000e+01
6.500000000000000000000000000000e+01 1.340000000000000000000000000000e+02 2.424194000000000000000000000000e+06 2.800000000000000000000000000000e+01
6.600000000000000000000000000000e+01 4.700000000000000000000000000000e+01 1.060790000000000000000000000000e+05 2.900000000000000000000000000000e+01
6.700000000000000000000000000000e+01 1.000000000000000000000000000000e+00 3.000000000000000000000000000000e+00 3.000000000000000000000000000000e+01
6.800000000000000000000000000000e+01 2.900000000000000000000000000000e+01 2.525900000000000000000000000000e+04 3.100000000000000000000000000000e+01
7.000000000000000000000000000000e+01 4.000000000000000000000000000000e+00 8.400000000000000000000000000000e+01 3.200000000000000000000000000000e+01
7.100000000000000000000000000000e+01 2.900000000000000000000000000000e+01 2.525900000000000000000000000000e+04 3.300000000000000000000000000000e+01
7.200000000000000000000000000000e+01 2.200000000000000000000000000000e+01 1.115400000000000000000000000000e+04 3.400000000000000000000000000000e+01
7.400000000000000000000000000000e+01 1.440000000000000000000000000000e+02 3.006864000000000000000000000000e+06 3.500000000000000000000000000000e+01
7.500000000000000000000000000000e+01 2.200000000000000000000000000000e+01 1.115400000000000000000000000000e+04 3.600000000000000000000000000000e+01
7.900000000000000000000000000000e+01 2.200000000000000000000000000000e+01 1.115400000000000000000000000000e+04 3.700000000000000000000000000000e+01
8.100000000000000000000000000000e+01 2.500000000000000000000000000000e+01 1.627500000000000000000000000000e+04 3.800000000000000000000000000000e+01
8.200000000000000000000000000000e+01 8.700000000000000000000000000000e+01 6.661590000000000000000000000000e+05 3.900000000000000000000000000000e+01
8.400000000000000000000000000000e+01 3.100000000000000000000000000000e+01 3.078300000000000000000000000000e+04 4.000000000000000000000000000000e+01
8.500000000000000000000000000000e+01 1.600000000000000000000000000000e+01 4.368000000000000000000000000000e+03 4.100000000000000000000000000000e+01
9.300000000000000000000000000000e+01 1.000000000000000000000000000000e+01 1.110000000000000000000000000000e+03 4.200000000000000000000000000000e+01
9.400000000000000000000000000000e+01 4.800000000000000000000000000000e+01 1.129440000000000000000000000000e+05 4.300000000000000000000000000000e+01
9.500000000000000000000000000000e+01 8.000000000000000000000000000000e+01 5.184800000000000000000000000000e+05 4.400000000000000000000000000000e+01
9.700000000000000000000000000000e+01 1.730000000000000000000000000000e+02 5.207819000000000000000000000000e+06 4.500000000000000000000000000000e+01
9.800000000000000000000000000000e+01 5.720000000000000000000000000000e+02 1.874770040000000000000000000000e+08 4.600000000000000000000000000000e+01
9.900000000000000000000000000000e+01 1.130000000000000000000000000000e+02 1.455779000000000000000000000000e+06 4.700000000000000000000000000000e+01
1.000000000000000000000000000000e+02 1.100000000000000000000000000000e+01 1.463000000000000000000000000000e+03 4.800000000000000000000000000000e+01
1.010000000000000000000000000000e+02 4.500000000000000000000000000000e+01 9.319500000000000000000000000000e+04 4.900000000000000000000000000000e+01
1.020000000000000000000000000000e+02 1.500000000000000000000000000000e+01 3.615000000000000000000000000000e+03 5.000000000000000000000000000000e+01
1.030000000000000000000000000000e+02 3.000000000000000000000000000000e+00 3.900000000000000000000000000000e+01 5.100000000000000000000000000000e+01
1.060000000000000000000000000000e+02 2.600000000000000000000000000000e+01 1.827800000000000000000000000000e+04 5.200000000000000000000000000000e+01
1.100000000000000000000000000000e+02 8.700000000000000000000000000000e+01 6.661590000000000000000000000000e+05 5.300000000000000000000000000000e+01
1.110000000000000000000000000000e+02 6.000000000000000000000000000000e+00 2.580000000000000000000000000000e+02 5.400000000000000000000000000000e+01
1.130000000000000000000000000000e+02 6.000000000000000000000000000000e+01 2.196600000000000000000000000000e+05 5.500000000000000000000000000000e+01
1.140000000000000000000000000000e+02 2.700000000000000000000000000000e+01 2.043900000000000000000000000000e+04 5.600000000000000000000000000000e+01
1.170000000000000000000000000000e+02 1.700000000000000000000000000000e+01 5.219000000000000000000000000000e+03 5.700000000000000000000000000000e+01
1.200000000000000000000000000000e+02 3.100000000000000000000000000000e+01 3.078300000000000000000000000000e+04 5.800000000000000000000000000000e+01
1.210000000000000000000000000000e+02 5.800000000000000000000000000000e+01 1.985340000000000000000000000000e+05 5.900000000000000000000000000000e+01
1.230000000000000000000000000000e+02 8.000000000000000000000000000000e+00 5.840000000000000000000000000000e+02 6.000000000000000000000000000000e+01
1.240000000000000000000000000000e+02 1.710000000000000000000000000000e+02 5.029623000000000000000000000000e+06 6.100000000000000000000000000000e+01
1.250000000000000000000000000000e+02 7.200000000000000000000000000000e+01 3.785040000000000000000000000000e+05 6.200000000000000000000000000000e+01
1.300000000000000000000000000000e+02 1.130000000000000000000000000000e+02 1.455779000000000000000000000000e+06 6.300000000000000000000000000000e+01
1.310000000000000000000000000000e+02 1.400000000000000000000000000000e+01 2.954000000000000000000000000000e+03 6.400000000000000000000000000000e+01
1.330000000000000000000000000000e+02 8.300000000000000000000000000000e+01 5.787590000000000000000000000000e+05 6.500000000000000000000000000000e+01
1.340000000000000000000000000000e+02 1.550000000000000000000000000000e+02 3.748055000000000000000000000000e+06 6.600000000000000000000000000000e+01
1.360000000000000000000000000000e+02 2.400000000000000000000000000000e+01 1.442400000000000000000000000000e+04 6.700000000000000000000000000000e+01
1.370000000000000000000000000000e+02 5.700000000000000000000000000000e+01 1.884990000000000000000000000000e+05 6.800000000000000000000000000000e+01
1.390000000000000000000000000000e+02 3.700000000000000000000000000000e+01 5.205900000000000000000000000000e+04 6.900000000000000000000000000000e+01
1.430000000000000000000000000000e+02 4.500000000000000000000000000000e+01 9.319500000000000000000000000000e+04 7.000000000000000000000000000000e+01
1.440000000000000000000000000000e+02 1.400000000000000000000000000000e+02 2.763740000000000000000000000000e+06 7.100000000000000000000000000000e+01
1.470000000000000000000000000000e+02 1.500000000000000000000000000000e+02 3.397650000000000000000000000000e+06 7.200000000000000000000000000000e+01
1.480000000000000000000000000000e+02 2.140000000000000000000000000000e+02 9.846354000000000000000000000000e+06 7.300000000000000000000000000000e+01
