0.000000000000000000000000000000e+00 1.980000000000000000000000000000e+02 7.801794000000000000000000000000e+06 0.000000000000000000000000000000e+00
1.000000000000000000000000000000e+00 6.400000000000000000000000000000e+01 2.663040000000000000000000000000e+05 1.000000000000000000000000000000e+00
2.000000000000000000000000000000e+00 2.300000000000000000000000000000e+01 1.271900000000000000000000000000e+04 2.000000000000000000000000000000e+00
4.000000000000000000000000000000e+00 3.000000000000000000000000000000e+00 3.900000000000000000000000000000e+01 3.000000000000000000000000000000e+00
6.000000000000000000000000000000e+00 1.430000000000000000000000000000e+02 2.944799000000000000000000000000e+06 4.000000000000000000000000000000e+00
8.000000000000000000000000000000e+00 1.320000000000000000000000000000e+02 2.317524000000000000000000000000e+06 5.000000000000000000000000000000e+00
9.000000000000000000000000000000e+00 2.780000000000000000000000000000e+02 2.156251400000000000000000000000e+07 6.000000000000000000000000000000e+00
1.100000000000000000000000000000e+01 1.300000000000000000000000000000e+01 2.379000000000000000000000000000e+03 7.000000000000000000000000000000e+00
1.200000000000000000000000000000e+01 1.200000000000000000000000000000e+01 1.884000000000000000000000000000e+03 8.000000000000000000000000000000e+00
1.400000000000000000000000000000e+01 1.810000000000000000000000000000e+02 5.962683000000000000000000000000e+06 9.000000000000000000000000000000e+00
1.800000000000000000000000000000e+01 3.280000000000000000000000000000e+02 3.539546400000000000000000000000e+07 1.000000000000000000000000000000e+01
2.200000000000000000000000000000e+01 9.000000000000000000000000000000e+01 7.371900000000000000000000000000e+05 1.100000000000000000000000000000e+01
2.300000000000000000000000000000e+01 1.570000000000000000000000000000e+02 3.894699000000000000000000000000e+06 1.200000000000000000000000000000e+01
2.400000000000000000000000000000e+01 7.200000000000000000000000000000e+01 3.785040000000000000000000000000e+05 1.300000000000000000000000000000e+01
2.600000000000000000000000000000e+01 4.000000000000000000000000000000e+00 8.400000000000000000000000000000e+01 1.400000000000000000000000000000e+01
2.900000000000000000000000000000e+01 6.300000000000000000000000000000e+01 2.540790000000000000000000000000e+05 1.500000000000000000000000000000e+01
3.300000000000000000000000000000e+01 6.900000000000000000000000000000e+01 3.333390000000000000000000000000e+05 1.600000000000000000000000000000e+01
3.400000000000000000000000000000e+01 1.000000000000000000000000000000e+01 1.110000000000000000000000000000e+03 1.700000000000000000000000000000e+01
3.600000000000000000000000000000e+01 2.000000000000000000000000000000e+01 8.420000000000000000000000000000e+03 1.800000000000000000000000000000e+01
3.700000000000000000000000000000e+01 1.380000000000000000000000000000e+02 2.647254000000000000000000000000e+06 1.900000000000000000000000000000e+01
3.800000000000000000000000000000e+01 2.000000000000000000000000000000e+02 8.040200000000000000000000000000e+06 2.000000000000000000000000000000e+01
4.000000000000000000000000000000e+01 5.300000000000000000000000000000e+01 1.517390000000000000000000000000e+05 2.100000000000000000000000000000e+01
4.100000000000000000000000000000e+01 1.000000000000000000000000000000e+01 1.110000000000000000000000000000e+03 2.200000000000000000000000000000e+01
4.200000000000000000000000000000e+01 4.300000000000000000000000000000e+01 8.139900000000000000000000000000e+04 2.300000000000000000000000000000e+01
4.700000000000000000000000000000e+01 7.200000000000000000000000000000e+01 3.785040000000000000000000000000e+05 2.400000000000000000000000000000e+01
5.000000000000000000000000000000e+01 9.600000000000000000000000000000e+01 8.940480000000000000000000000000e+05 2.500000000000000000000000000000e+01
5.500000000000000000000000000000e+01 9.000000000000000000000000000000e+01 7.371900000000000000000000000000e+05 2.600000000000000000000000000000e+01
5.600000000000000000000000000000e+01 1.690000000000000000000000000000e+02 4.855539000000000000000000000000e+06 2.700000000000000000000000000000e+01
5.700000000000000000000000000000e+01 4.800000000000000000000000000000e+01 1.129440000000000000000000000000e+05 2.800000000000000000000000000000e+01
5.800000000000000000000000000000e+01 1.400000000000000000000000000000e+02 2.763740000000000000000000000000e+06 2.900000000000000000000000000000e+01
6.100000000000000000000000000000e+01 1.110000000000000000000000000000e+02 1.380063000000000000000000000000e+06 3.000000000000000000000000000000e+01
6.200000000000000000000000000000e+01 1.450000000000000000000000000000e+02 3.069795000000000000000000000000e+06 3.100000000000000000000000000000e+01
6.900000000000000000000000000000e+01 2.640000000000000000000000000000e+02 1.846970400000000000000000000000e+07 3.200000000000000000000000000000e+01
7.000000000000000000000000000000e+01 1.400000000000000000000000000000e+01 2.954000000000000000000000000000e+03 3.300000000000000000000000000000e+01
7.200000000000000000000000000000e+01 2.870000000000000000000000000000e+02 2.372255900000000000000000000000e+07 3.400000000000000000000000000000e+01
7.300000000000000000000000000000e+01 1.900000000000000000000000000000e+01 7.239000000000000000000000000000e+03 3.500000000000000000000000000000e+01
7.400000000000000000000000000000e+01 1.650000000000000000000000000000e+02 4.519515000000000000000000000000e+06 3.600000000000000000000000000000e+01
7.500000000000000000000000000000e+01 1.100000000000000000000000000000e+02 1.343210000000000000000000000000e+06 3.700000000000000000000000000000e+01
8.000000000000000000000000000000e+01 3.000000000000000000000000000000e+01 2.793000000000000000000000000000e+04 3.800000000000000000000000000000e+01
8.400000000000000000000000000000e+01 2.160000000000000000000000000000e+02 1.012456800000000000000000000000e+07 3.900000000000000000000000000000e+01
8.700000000000000000000000000000e+01 1.090000000000000000000000000000e+02 1.307019000000000000000000000000e+06 4.000000000000000000000000000000e+01
9.600000000000000000000000000000e+01 2.900000000000000000000000000000e+01 2.525900000000000000000000000000e+04 4.100000000000000000000000000000e+01
9.700000000000000000000000000000e+01 6.500000000000000000000000000000e+01 2.789150000000000000000000000000e+05 4.200000000000000000000000000000e+01
9.900000000000000000000000000000e+01 9.000000000000000000000000000000e+00 8.190000000000000000000000000000e+02 4.300000000000000000000000000000e+01
1.000000000000000000000000000000e+02 1.120000000000000000000000000000e+02 1.417584000000000000000000000000e+06 4.400000000000000000000000000000e+01
1.010000000000000000000000000000e+02 7.600000000000000000000000000000e+01 4.448280000000000000000000000000e+05 4.500000000000000000000000000000e+01
1.020000000000000000000000000000e+02 2.200000000000000000000000000000e+02 1.069662000000000000000000000000e+07 4.600000000000000000000000000000e+01
1.030000000000000000000000000000e+02 1.310000000000000000000000000000e+02 2.265383000000000000000000000000e+06 4.700000000000000000000000000000e+01
1.040000000000000000000000000000e+02 6.900000000000000000000000000000e+01 3.333390000000000000000000000000e+05 4.800000000000000000000000000000e+01
1.070000000000000000000000000000e+02 9.300000000000000000000000000000e+01 8.130990000000000000000000000000e+05 4.900000000000000000000000000000e+01
1.080000000000000000000000000000e+02 2.060000000000000000000000000000e+02 8.784458000000000000000000000000e+06 5.000000000000000000000000000000e+01
1.090000000000000000000000000000e+02 8.100000000000000000000000000000e+01 5.380830000000000000000000000000e+05 5.100000000000000000000000000000e+01
1.110000000000000000000000000000e+02 2.680000000000000000000000000000e+02 1.932092400000000000000000000000e+07 5.200000000000000000000000000000e+01
1.130000000000000000000000000000e+02 1.230000000000000000000000000000e+02 1.876119000000000000000000000000e+06 5.300000000000000000000000000000e+01
1.200000000000000000000000000000e+02 5.000000000000000000000000000000e+00 1.550000000000000000000000000000e+02 5.400000000000000000000000000000e+01
1.210000000000000000000000000000e+02 1.240000000000000000000000000000e+02 1.922124000000000000000000000000e+06 5.500000000000000000000000000000e+01
1.230000000000000000000000000000e+02 3.900000000000000000000000000000e+01 6.087900000000000000000000000000e+04 5.600000000000000000000000000000e+01
1.240000000000000000000000000000e+02 1.000000000000000000000000000000e+01 1.110000000000000000000000000000e+03 5.700000000000000000000000000000e+01
1.250000000000000000000000000000e+02 8.000000000000000000000000000000e+01 5.184800000000000000000000000000e+05 5.800000000000000000000000000000e+01
1.260000000000000000000000000000e+02 6.900000000000000000000000000000e+01 3.333390000000000000000000000000e+05 5.900000000000000000000000000000e+01
1.280000000000000000000000000000e+02 8.300000000000000000000000000000e+01 5.787590000000000000000000000000e+05 6.000000000000000000000000000000e+01
1.300000000000000000000000000000e+02 3.200000000000000000000000000000e+01 3.382400000000000000000000000000e+04 6.100000000000000000000000000000e+01
1.310000000000000000000000000000e+02 6.300000000000000000000000000000e+01 2.540790000000000000000000000000e+05 6.200000000000000000000000000000e+01
1.330000000000000000000000000000e+02 6.600000000000000000000000000000e+01 2.919180000000000000000000000000e+05 6.300000000000000000000000000000e+01
1.350000000000000000000000000000e+02 4.100000000000000000000000000000e+01 7.064300000000000000000000000000e+04 6.400000000000000000000000000000e+01
1.360000000000000000000000000000e+02 2.110000000000000000000000000000e+02 9.438663000000000000000000000000e+06 6.500000000000000000000000000000e+01
1.370000000000000000000000000000e+02 1.670000000000000000000000000000e+02 4.685519000000000000000000000000e+06 6.600000000000000000000000000000e+01
1.380000000000000000000000000000e+02 3.260000000000000000000000000000e+02 3.475257800000000000000000000000e+07 6.700000000000000000000000000000e+01
1.390000000000000000000000000000e+02 2.400000000000000000000000000000e+01 1.442400000000000000000000000000e+04 6.800000000000000000000000000000e+01
1.430000000000000000000000000000e+02 2.200000000000000000000000000000e+01 1.115400000000000000000000000000e+04 6.900000000000000000000000000000e+01
1.440000000000000000000000000000e+02 9.600000000000000000000000000000e+01 8.940480000000000000000000000000e+05 7.000000000000000000000000000000e+01
1.450000000000000000000000000000e+02 2.700000000000000000000000000000e+01 2.043900000000000000000000000000e+04 7.100000000000000000000000000000e+01
1.470000000000000000000000000000e+02 4.000000000000000000000000000000e+00 8.400000000000000000000000000000e+01 7.200000000000000000000000000000e+01
1.490000000000000000000000000000e+02 5.900000000000000000000000000000e+01 2.089190000000000000000000000000e+05 7.300000000000000000000000000000e+01
