0.000000000000000000000000000000e+00 7.000000000000000000000000000000e+00 3.990000000000000000000000000000e+02 0.000000000000000000000000000000e+00
2.000000000000000000000000000000e+00 1.400000000000000000000000000000e+01 2.954000000000000000000000000000e+03 1.000000000000000000000000000000e+00
4.000000000000000000000000000000e+00 1.700000000000000000000000000000e+01 5.219000000000000000000000000000e+03 2.000000000000000000000000000000e+00
1.100000000000000000000000000000e+01 4.430000000000000000000000000000e+02 8.713499900000000000000000000000e+07 3.000000000000000000000000000000e+00
1.200000000000000000000000000000e+01 2.420000000000000000000000000000e+02 1.423129400000000000000000000000e+07 4.000000000000000000000000000000e+00
1.300000000000000000000000000000e+01 1.410000000000000000000000000000e+02 2.823243000000000000000000000000e+06 5.000000000000000000000000000000e+00
1.400000000000000000000000000000e+01 1.600000000000000000000000000000e+01 4.368000000000000000000000000000e+03 6.000000000000000000000000000000e+00
1.500000000000000000000000000000e+01 6.100000000000000000000000000000e+01 2.307630000000000000000000000000e+05 7.000000000000000000000000000000e+00
1.600000000000000000000000000000e+01 1.220000000000000000000000000000e+02 1.830854000000000000000000000000e+06 8.000000000000000000000000000000e+00
1.800000000000000000000000000000e+01 1.770000000000000000000000000000e+02 5.576739000000000000000000000000e+06 9.000000000000000000000000000000e+00
2.000000000000000000000000000000e+01 1.000000000000000000000000000000e+02 1.010100000000000000000000000000e+06 1.000000000000000000000000000000e+01
2.400000000000000000000000000000e+01 2.250000000000000000000000000000e+02 1.144147500000000000000000000000e+07 1.100000000000000000000000000000e+01
2.500000000000000000000000000000e+01 7.000000000000000000000000000000e+00 3.990000000000000000000000000000e+02 1.200000000000000000000000000000e+01
2.700000000000000000000000000000e+01 2.070000000000000000000000000000e+02 8.912799000000000000000000000000e+06 1.300000000000000000000000000000e+01
2.800000000000000000000000000000e+01 9.700000000000000000000000000000e+01 9.221790000000000000000000000000e+05 1.400000000000000000000000000000e+01
2.900000000000000000000000000000e+01 2.370000000000000000000000000000e+02 1.336845900000000000000000000000e+07 1.500000000000000000000000000000e+01
3.000000000000000000000000000000e+01 2.300000000000000000000000000000e+01 1.271900000000000000000000000000e+04 1.600000000000000000000000000000e+01
3.100000000000000000000000000000e+01 1.530000000000000000000000000000e+02 3.605139000000000000000000000000e+06 1.700000000000000000000000000000e+01
3.200000000000000000000000000000e+01 3.540000000000000000000000000000e+02 4.448753400000000000000000000000e+07 1.800000000000000000000000000000e+01
3.400000000000000000000000000000e+01 1.500000000000000000000000000000e+02 3.397650000000000000000000000000e+06 1.900000000000000000000000000000e+01
3.700000000000000000000000000000e+01 8.000000000000000000000000000000e+01 5.184800000000000000000000000000e+05 2.000000000000000000000000000000e+01
3.800000000000000000000000000000e+01 3.200000000000000000000000000000e+01 3.382400000000000000000000000000e+04 2.100000000000000000000000000000e+01
4.000000000000000000000000000000e+01 3.600000000000000000000000000000e+01 4.798800000000000000000000000000e+04 2.200000000000000000000000000000e+01
4.400000000000000000000000000000e+01 2.200000000000000000000000000000e+01 1.115400000000000000000000000000e+04 2.300000000000000000000000000000e+01
4.800000000000000000000000000000e+01 1.420000000000000000000000000000e+02 2.883594000000000000000000000000e+06 2.400000000000000000000000000000e+01
4.900000000000000000000000000000e+01 1.470000000000000000000000000000e+02 3.198279000000000000000000000000e+06 2.500000000000000000000000000000e+01
5.000000000000000000000000000000e+01 4.200000000000000000000000000000e+01 7.589400000000000000000000000000e+04 2.600000000000000000000000000000e+01
5.100000000000000000000000000000e+01 6.800000000000000000000000000000e+01 3.191240000000000000000000000000e+05 2.700000000000000000000000000000e+01
5.400000000000000000000000000000e+01 6.100000000000000000000000000000e+01 2.307630000000000000000000000000e+05 2.800000000000000000000000000000e+01
5.600000000000000000000000000000e+01 1.570000000000000000000000000000e+02 3.894699000000000000000000000000e+06 2.900000000000000000000000000000e+01
5.700000000000000000000000000000e+01 4.000000000000000000000000000000e+01 6.564000000000000000000000000000e+04 3.000000000000000000000000000000e+01
5.800000000000000000000000000000e+01 7.600000000000000000000000000000e+01 4.448280000000000000000000000000e+05 3.100000000000000000000000000000e+01
5.900000000000000000000000000000e+01 3.480000000000000000000000000000e+02 4.226564400000000000000000000000e+07 3.200000000000000000000000000000e+01
6.000000000000000000000000000000e+01 6.000000000000000000000000000000e+00 2.580000000000000000000000000000e+02 3.300000000000000000000000000000e+01
6.100000000000000000000000000000e+01 3.700000000000000000000000000000e+01 5.205900000000000000000000000000e+04 3.400000000000000000000000000000e+01
6.500000000000000000000000000000e+01 1.930000000000000000000000000000e+02 7.226499000000000000000000000000e+06 3.500000000000000000000000000000e+01
6.600000000000000000000000000000e+01 1.310000000000000000000000000000e+02 2.265383000000000000000000000000e+06 3.600000000000000000000000000000e+01
6.700000000000000000000000000000e+01 8.300000000000000000000000000000e+01 5.787590000000000000000000000000e+05 3.700000000000000000000000000000e+01
6.800000000000000000000000000000e+01 5.300000000000000000000000000000e+01 1.517390000000000000000000000000e+05 3.800000000000000000000000000000e+01
7.000000000000000000000000000000e+01 3.700000000000000000000000000000e+01 5.205900000000000000000000000000e+04 3.900000000000000000000000000000e+01
7.500000000000000000000000000000e+01 6.400000000000000000000000000000e+01 2.663040000000000000000000000000e+05 4.000000000000000000000000000000e+01
7.600000000000000000000000000000e+01 1.940000000000000000000000000000e+02 7.339214000000000000000000000000e+06 4.100000000000000000000000000000e+01
7.900000000000000000000000000000e+01 2.820000000000000000000000000000e+02 2.250557400000000000000000000000e+07 4.200000000000000000000000000000e+01
8.500000000000000000000000000000e+01 5.100000000000000000000000000000e+01 1.353030000000000000000000000000e+05 4.300000000000000000000000000000e+01
8.700000000000000000000000000000e+01 6.100000000000000000000000000000e+01 2.307630000000000000000000000000e+05 4.400000000000000000000000000000e+01
8.900000000000000000000000000000e+01 2.000000000000000000000000000000e+00 1.400000000000000000000000000000e+01 4.500000000000000000000000000000e+01
9.100000000000000000000000000000e+01 9.400000000000000000000000000000e+01 8.395140000000000000000000000000e+05 4.600000000000000000000000000000e+01
9.200000000000000000000000000000e+01 5.800000000000000000000000000000e+01 1.985340000000000000000000000000e+05 4.700000000000000000000000000000e+01
9.400000000000000000000000000000e+01 8.900000000000000000000000000000e+01 7.129790000000000000000000000000e+05 4.800000000000000000000000000000e+01
9.500000000000000000000000000000e+01 1.820000000000000000000000000000e+02 6.061874000000000000000000000000e+06 4.900000000000000000000000000000e+01
9.800000000000000000000000000000e+01 1.200000000000000000000000000000e+02 1.742520000000000000000000000000e+06 5.000000000000000000000000000000e+01
9.900000000000000000000000000000e+01 2.900000000000000000000000000000e+01 2.525900000000000000000000000000e+04 5.100000000000000000000000000000e+01
1.000000000000000000000000000000e+02 6.000000000000000000000000000000e+00 2.580000000000000000000000000000e+02 5.200000000000000000000000000000e+01
1.010000000000000000000000000000e+02 1.200000000000000000000000000000e+02 1.742520000000000000000000000000e+06 5.300000000000000000000000000000e+01
1.020000000000000000000000000000e+02 5.200000000000000000000000000000e+01 1.433640000000000000000000000000e+05 5.400000000000000000000000000000e+01
1.030000000000000000000000000000e+02 6.100000000000000000000000000000e+01 2.307630000000000000000000000000e+05 5.500000000000000000000000000000e+01
1.040000000000000000000000000000e+02 1.310000000000000000000000000000e+02 2.265383000000000000000000000000e+06 5.600000000000000000000000000000e+01
1.090000000000000000000000000000e+02 5.200000000000000000000000000000e+01 1.433640000000000000000000000000e+05 5.700000000000000000000000000000e+01
1.100000000000000000000000000000e+02 7.400000000000000000000000000000e+01 4.107740000000000000000000000000e+05 5.800000000000000000000000000000e+01
1.110000000000000000000000000000e+02 1.300000000000000000000000000000e+01 2.379000000000000000000000000000e+03 5.900000000000000000000000000000e+01
1.160000000000000000000000000000e+02 1.200000000000000000000000000000e+01 1.884000000000000000000000000000e+03 6.000000000000000000000000000000e+01
1.170000000000000000000000000000e+02 4.000000000000000000000000000000e+00 8.400000000000000000000000000000e+01 6.100000000000000000000000000000e+01
1.180000000000000000000000000000e+02 1.000000000000000000000000000000e+01 1.110000000000000000000000000000e+03 6.200000000000000000000000000000e+01
1.190000000000000000000000000000e+02 2.000000000000000000000000000000e+00 1.400000000000000000000000000000e+01 6.300000000000000000000000000000e+01
1.200000000000000000000000000000e+02 1.000000000000000000000000000000e+01 1.110000000000000000000000000000e+03 6.400000000000000000000000000000e+01
1.210000000000000000000000000000e+02 1.250000000000000000000000000000e+02 1.968875000000000000000000000000e+06 6.500000000000000000000000000000e+01
1.220000000000000000000000000000e+02 9.000000000000000000000000000000e+00 8.190000000000000000000000000000e+02 6.600000000000000000000000000000e+01
1.240000000000000000000000000000e+02 1.000000000000000000000000000000e+01 1.110000000000000000000000000000e+03 6.700000000000000000000000000000e+01
1.270000000000000000000000000000e+02 8.000000000000000000000000000000e+00 5.840000000000000000000000000000e+02 6.800000000000000000000000000000e+01
1.280000000000000000000000000000e+02 1.700000000000000000000000000000e+01 5.219000000000000000000000000000e+03 6.900000000000000000000000000000e+01
1.290000000000000000000000000000e+02 4.420000000000000000000000000000e+02 8.654669400000000000000000000000e+07 7.000000000000000000000000000000e+01
1.310000000000000000000000000000e+02 4.300000000000000000000000000000e+01 8.139900000000000000000000000000e+04 7.100000000000000000000000000000e+01
1.320000000000000000000000000000e+02 3.000000000000000000000000000000e+00 3.900000000000000000000000000000e+01 7.200000000000000000000000000000e+01
1.330000000000000000000000000000e+02 5.000000000000000000000000000000e+00 1.550000000000000000000000000000e+02 7.300000000000000000000000000000e+01
1.340000000000000000000000000000e+02 2.250000000000000000000000000000e+02 1.144147500000000000000000000000e+07 7.400000000000000000000000000000e+01
1.350000000000000000000000000000e+02 1.900000000000000000000000000000e+01 7.239000000000000000000000000000e+03 7.500000000000000000000000000000e+01
1.370000000000000000000000000000e+02 6.900000000000000000000000000000e+01 3.333390000000000000000000000000e+05 7.600000000000000000000000000000e+01
1.380000000000000000000000000000e+02 1.210000000000000000000000000000e+02 1.786323000000000000000000000000e+06 7.700000000000000000000000000000e+01
1.390000000000000000000000000000e+02 4.200000000000000000000000000000e+01 7.589400000000000000000000000000e+04 7.800000000000000000000000000000e+01
1.420000000000000000000000000000e+02 7.000000000000000000000000000000e+01 3.479700000000000000000000000000e+05 7.900000000000000000000000000000e+01
1.440000000000000000000000000000e+02 1.010000000000000000000000000000e+02 1.040603000000000000000000000000e+06 8.000000000000000000000000000000e+01
1.450000000000000000000000000000e+02 1.560000000000000000000000000000e+02 3.820908000000000000000000000000e+06 8.100000000000000000000000000000e+01
1.460000000000000000000000000000e+02 2.440000000000000000000000000000e+02 1.458656400000000000000000000000e+07 8.200000000000000000000000000000e+01
1.470000000000000000000000000000e+02 7.100000000000000000000000000000e+01 3.630230000000000000000000000000e+05 8.300000000000000000000000000000e+01
1.490000000000000000000000000000e+02 1.000000000000000000000000000000e+01 1.110000000000000000000000000000e+03 8.400000000000000000000000000000e+01
