5.000000000000000000000000000000e+00 6.000000000000000000000000000000e+00 2.580000000000000000000000000000e+02 0.000000000000000000000000000000e+00
8.000000000000000000000000000000e+00 7.000000000000000000000000000000e+00 3.990000000000000000000000000000e+02 1.000000000000000000000000000000e+00
9.000000000000000000000000000000e+00 2.300000000000000000000000000000e+02 1.222013000000000000000000000000e+07 2.000000000000000000000000000000e+00
1.000000000000000000000000000000e+01 1.470000000000000000000000000000e+02 3.198279000000000000000000000000e+06 3.000000000000000000000000000000e+00
1.100000000000000000000000000000e+01 1.770000000000000000000000000000e+02 5.576739000000000000000000000000e+06 4.000000000000000000000000000000e+00
1.300000000000000000000000000000e+01 1.130000000000000000000000000000e+02 1.455779000000000000000000000000e+06 5.000000000000000000000000000000e+00
1.500000000000000000000000000000e+01 1.040000000000000000000000000000e+02 1.135784000000000000000000000000e+06 6.000000000000000000000000000000e+00
2.200000000000000000000000000000e+01 1.720000000000000000000000000000e+02 5.118204000000000000000000000000e+06 7.000000000000000000000000000000e+00
2.400000000000000000000000000000e+01 9.200000000000000000000000000000e+01 7.872440000000000000000000000000e+05 8.000000000000000000000000000000e+00
2.500000000000000000000000000000e+01 1.670000000000000000000000000000e+02 4.685519000000000000000000000000e+06 9.000000000000000000000000000000e+00
2.600000000000000000000000000000e+01 5.420000000000000000000000000000e+02 1.595143940000000000000000000000e+08 1.000000000000000000000000000000e+01
2.700000000000000000000000000000e+01 1.700000000000000000000000000000e+01 5.219000000000000000000000000000e+03 1.100000000000000000000000000000e+01
2.900000000000000000000000000000e+01 7.500000000000000000000000000000e+01 4.275750000000000000000000000000e+05 1.200000000000000000000000000000e+01
3.100000000000000000000000000000e+01 1.380000000000000000000000000000e+02 2.647254000000000000000000000000e+06 1.300000000000000000000000000000e+01
3.300000000000000000000000000000e+01 2.160000000000000000000000000000e+02 1.012456800000000000000000000000e+07 1.400000000000000000000000000000e+01
3.500000000000000000000000000000e+01 7.000000000000000000000000000000e+00 3.990000000000000000000000000000e+02 1.500000000000000000000000000000e+01
3.600000000000000000000000000000e+01 1.820000000000000000000000000000e+02 6.061874000000000000000000000000e+06 1.600000000000000000000000000000e+01
3.800000000000000000000000000000e+01 2.100000000000000000000000000000e+01 9.723000000000000000000000000000e+03 1.700000000000000000000000000000e+01
3.900000000000000000000000000000e+01 3.800000000000000000000000000000e+01 5.635400000000000000000000000000e+04 1.800000000000000000000000000000e+01
4.000000000000000000000000000000e+01 1.250000000000000000000000000000e+02 1.968875000000000000000000000000e+06 1.900000000000000000000000000000e+01
4.100000000000000000000000000000e+01 1.200000000000000000000000000000e+02 1.742520000000000000000000000000e+06 2.000000000000000000000000000000e+01
4.300000000000000000000000000000e+01 3.710000000000000000000000000000e+02 5.120282300000000000000000000000e+07 2.100000000000000000000000000000e+01
4.500000000000000000000000000000e+01 2.600000000000000000000000000000e+01 1.827800000000000000000000000000e+04 2.200000000000000000000000000000e+01
4.600000000000000000000000000000e+01 5.000000000000000000000000000000e+01 1.275500000000000000000000000000e+05 2.300000000000000000000000000000e+01
4.700000000000000000000000000000e+01 7.800000000000000000000000000000e+01 4.807140000000000000000000000000e+05 2.400000000000000000000000000000e+01
4.900000000000000000000000000000e+01 1.990000000000000000000000000000e+02 7.920399000000000000000000000000e+06 2.500000000000000000000000000000e+01
5.000000000000000000000000000000e+01 3.600000000000000000000000000000e+02 4.678596000000000000000000000000e+07 2.600000000000000000000000000000e+01
5.100000000000000000000000000000e+01 2.500000000000000000000000000000e+01 1.627500000000000000000000000000e+04 2.700000000000000000000000000000e+01
5.300000000000000000000000000000e+01 6.200000000000000000000000000000e+01 2.422340000000000000000000000000e+05 2.800000000000000000000000000000e+01
5.500000000000000000000000000000e+01 1.090000000000000000000000000000e+02 1.307019000000000000000000000000e+06 2.900000000000000000000000000000e+01
5.600000000000000000000000000000e+01 3.470000000000000000000000000000e+02 4.190267900000000000000000000000e+07 3.000000000000000000000000000000e+01
5.900000000000000000000000000000e+01 1.810000000000000000000000000000e+02 5.962683000000000000000000000000e+06 3.100000000000000000000000000000e+01
6.000000000000000000000000000000e+01 1.000000000000000000000000000000e+00 3.000000000000000000000000000000e+00 3.200000000000000000000000000000e+01
6.300000000000000000000000000000e+01 8.600000000000000000000000000000e+01 6.435380000000000000000000000000e+05 3.300000000000000000000000000000e+01
6.800000000000000000000000000000e+01 1.100000000000000000000000000000e+01 1.463000000000000000000000000000e+03 3.400000000000000000000000000000e+01
6.900000000000000000000000000000e+01 1.830000000000000000000000000000e+02 6.162159000000000000000000000000e+06 3.500000000000000000000000000000e+01
7.100000000000000000000000000000e+01 8.800000000000000000000000000000e+01 6.893040000000000000000000000000e+05 3.600000000000000000000000000000e+01
7.200000000000000000000000000000e+01 6.000000000000000000000000000000e+01 2.196600000000000000000000000000e+05 3.700000000000000000000000000000e+01
7.300000000000000000000000000000e+01 3.700000000000000000000000000000e+01 5.205900000000000000000000000000e+04 3.800000000000000000000000000000e+01
7.400000000000000000000000000000e+01 2.000000000000000000000000000000e+00 1.400000000000000000000000000000e+01 3.900000000000000000000000000000e+01
7.500000000000000000000000000000e+01 1.900000000000000000000000000000e+01 7.239000000000000000000000000000e+03 4.000000000000000000000000000000e+01
7.600000000000000000000000000000e+01 1.150000000000000000000000000000e+02 1.534215000000000000000000000000e+06 4.100000000000000000000000000000e+01
7.800000000000000000000000000000e+01 1.810000000000000000000000000000e+02 5.962683000000000000000000000000e+06 4.200000000000000000000000000000e+01
8.200000000000000000000000000000e+01 2.900000000000000000000000000000e+01 2.525900000000000000000000000000e+04 4.300000000000000000000000000000e+01
8.700000000000000000000000000000e+01 8.700000000000000000000000000000e+01 6.661590000000000000000000000000e+05 4.400000000000000000000000000000e+01
8.800000000000000000000000000000e+01 1.510000000000000000000000000000e+02 3.465903000000000000000000000000e+06 4.500000000000000000000000000000e+01
8.900000000000000000000000000000e+01 2.700000000000000000000000000000e+01 2.043900000000000000000000000000e+04 4.600000000000000000000000000000e+01
9.100000000000000000000000000000e+01 8.500000000000000000000000000000e+01 6.214350000000000000000000000000e+05 4.700000000000000000000000000000e+01
9.300000000000000000000000000000e+01 1.300000000000000000000000000000e+01 2.379000000000000000000000000000e+03 4.800000000000000000000000000000e+01
9.500000000000000000000000000000e+01 3.300000000000000000000000000000e+01 3.705900000000000000000000000000e+04 4.900000000000000000000000000000e+01
9.700000000000000000000000000000e+01 1.000000000000000000000000000000e+01 1.110000000000000000000000000000e+03 5.000000000000000000000000000000e+01
9.900000000000000000000000000000e+01 1.020000000000000000000000000000e+02 1.071714000000000000000000000000e+06 5.100000000000000000000000000000e+01
1.000000000000000000000000000000e+02 2.800000000000000000000000000000e+01 2.276400000000000000000000000000e+04 5.200000000000000000000000000000e+01
1.010000000000000000000000000000e+02 9.900000000000000000000000000000e+01 9.801990000000000000000000000000e+05 5.300000000000000000000000000000e+01
1.020000000000000000000000000000e+02 1.480000000000000000000000000000e+02 3.263844000000000000000000000000e+06 5.400000000000000000000000000000e+01
1.030000000000000000000000000000e+02 4.300000000000000000000000000000e+01 8.139900000000000000000000000000e+04 5.500000000000000000000000000000e+01
1.050000000000000000000000000000e+02 2.460000000000000000000000000000e+02 1.494769800000000000000000000000e+07 5.600000000000000000000000000000e+01
1.080000000000000000000000000000e+02 3.400000000000000000000000000000e+01 4.049400000000000000000000000000e+04 5.700000000000000000000000000000e+01
1.110000000000000000000000000000e+02 2.000000000000000000000000000000e+01 8.420000000000000000000000000000e+03 5.800000000000000000000000000000e+01
1.150000000000000000000000000000e+02 1.080000000000000000000000000000e+02 1.271484000000000000000000000000e+06 5.900000000000000000000000000000e+01
1.160000000000000000000000000000e+02 9.200000000000000000000000000000e+01 7.872440000000000000000000000000e+05 6.000000000000000000000000000000e+01
1.170000000000000000000000000000e+02 2.780000000000000000000000000000e+02 2.156251400000000000000000000000e+07 6.100000000000000000000000000000e+01
1.190000000000000000000000000000e+02 2.000000000000000000000000000000e+00 1.400000000000000000000000000000e+01 6.200000000000000000000000000000e+01
1.200000000000000000000000000000e+02 1.000000000000000000000000000000e+02 1.010100000000000000000000000000e+06 6.300000000000000000000000000000e+01
1.210000000000000000000000000000e+02 4.600000000000000000000000000000e+01 9.949800000000000000000000000000e+04 6.400000000000000000000000000000e+01
1.250000000000000000000000000000e+02 2.100000000000000000000000000000e+01 9.723000000000000000000000000000e+03 6.500000000000000000000000000000e+01
1.260000000000000000000000000000e+02 3.600000000000000000000000000000e+01 4.798800000000000000000000000000e+04 6.600000000000000000000000000000e+01
1.270000000000000000000000000000e+02 3.000000000000000000000000000000e+00 3.900000000000000000000000000000e+01 6.700000000000000000000000000000e+01
1.350000000000000000000000000000e+02 6.500000000000000000000000000000e+01 2.789150000000000000000000000000e+05 6.800000000000000000000000000000e+01
1.360000000000000000000000000000e+02 9.300000000000000000000000000000e+01 8.130990000000000000000000000000e+05 6.900000000000000000000000000000e+01
1.370000000000000000000000000000e+02 1.260000000000000000000000000000e+02 2.016378000000000000000000000000e+06 7.000000000000000000000000000000e+01
1.410000000000000000000000000000e+02 6.900000000000000000000000000000e+01 3.333390000000000000000000000000e+05 7.100000000000000000000000000000e+01
1.420000000000000000000000000000e+02 3.090000000000000000000000000000e+02 2.959941900000000000000000000000e+07 7.200000000000000000000000000000e+01
1.440000000000000000000000000000e+02 1.670000000000000000000000000000e+02 4.685519000000000000000000000000e+06 7.300000000000000000000000000000e+01
1.460000000000000000000000000000e+02 1.100000000000000000000000000000e+01 1.463000000000000000000000000000e+03 7.400000000000000000000000000000e+01
1.470000000000000000000000000000e+02 1.700000000000000000000000000000e+02 4.942070000000000000000000000000e+06 7.500000000000000000000000000000e+01
1.490000000000000000000000000000e+02 4.360000000000000000000000000000e+02 8.307238800000000000000000000000e+07 7.600000000000000000000000000000e+01
