4.000000000000000000000000000000e+00 5.300000000000000000000000000000e+01 1.517390000000000000000000000000e+05 0.000000000000000000000000000000e+00
5.000000000000000000000000000000e+00 1.420000000000000000000000000000e+02 2.883594000000000000000000000000e+06 1.000000000000000000000000000000e+00
8.000000000000000000000000000000e+00 1.020000000000000000000000000000e+02 1.071714000000000000000000000000e+06 2.000000000000000000000000000000e+00
2.200000000000000000000000000000e+01 1.100000000000000000000000000000e+02 1.343210000000000000000000000000e+06 3.000000000000000000000000000000e+00
2.400000000000000000000000000000e+01 3.210000000000000000000000000000e+02 3.317952300000000000000000000000e+07 4.000000000000000000000000000000e+00
2.700000000000000000000000000000e+01 1.390000000000000000000000000000e+02 2.705079000000000000000000000000e+06 5.000000000000000000000000000000e+00
2.900000000000000000000000000000e+01 2.230000000000000000000000000000e+02 1.113951900000000000000000000000e+07 6.000000000000000000000000000000e+00
3.100000000000000000000000000000e+01 1.200000000000000000000000000000e+02 1.742520000000000000000000000000e+06 7.000000000000000000000000000000e+00
3.200000000000000000000000000000e+01 2.600000000000000000000000000000e+01 1.827800000000000000000000000000e+04 8.000000000000000000000000000000e+00
3.300000000000000000000000000000e+01 1.230000000000000000000000000000e+02 1.876119000000000000000000000000e+06 9.000000000000000000000000000000e+00
3.400000000000000000000000000000e+01 1.840000000000000000000000000000e+02 6.263544000000000000000000000000e+06 1.000000000000000000000000000000e+01
3.500000000000000000000000000000e+01 2.700000000000000000000000000000e+01 2.043900000000000000000000000000e+04 1.100000000000000000000000000000e+01
3.800000000000000000000000000000e+01 2.100000000000000000000000000000e+01 9.723000000000000000000000000000e+03 1.200000000000000000000000000000e+01
4.000000000000000000000000000000e+01 1.100000000000000000000000000000e+01 1.463000000000000000000000000000e+03 1.300000000000000000000000000000e+01
4.100000000000000000000000000000e+01 1.400000000000000000000000000000e+01 2.954000000000000000000000000000e+03 1.400000000000000000000000000000e+01
4.400000000000000000000000000000e+01 2.380000000000000000000000000000e+02 1.353815400000000000000000000000e+07 1.500000000000000000000000000000e+01
4.600000000000000000000000000000e+01 2.600000000000000000000000000000e+01 1.827800000000000000000000000000e+04 1.600000000000000000000000000000e+01
5.200000000000000000000000000000e+01 5.300000000000000000000000000000e+01 1.517390000000000000000000000000e+05 1.700000000000000000000000000000e+01
5.500000000000000000000000000000e+01 4.700000000000000000000000000000e+01 1.060790000000000000000000000000e+05 1.800000000000000000000000000000e+01
5.600000000000000000000000000000e+01 8.000000000000000000000000000000e+00 5.840000000000000000000000000000e+02 1.900000000000000000000000000000e+01
5.700000000000000000000000000000e+01 6.100000000000000000000000000000e+01 2.307630000000000000000000000000e+05 2.000000000000000000000000000000e+01
6.000000000000000000000000000000e+01 5.400000000000000000000000000000e+01 1.604340000000000000000000000000e+05 2.100000000000000000000000000000e+01
6.100000000000000000000000000000e+01 1.780000000000000000000000000000e+02 5.671614000000000000000000000000e+06 2.200000000000000000000000000000e+01
6.200000000000000000000000000000e+01 1.010000000000000000000000000000e+02 1.040603000000000000000000000000e+06 2.300000000000000000000000000000e+01
6.700000000000000000000000000000e+01 2.900000000000000000000000000000e+01 2.525900000000000000000000000000e+04 2.400000000000000000000000000000e+01
7.000000000000000000000000000000e+01 1.230000000000000000000000000000e+02 1.876119000000000000000000000000e+06 2.500000000000000000000000000000e+01
7.100000000000000000000000000000e+01 4.100000000000000000000000000000e+01 7.064300000000000000000000000000e+04 2.600000000000000000000000000000e+01
7.300000000000000000000000000000e+01 5.000000000000000000000000000000e+00 1.550000000000000000000000000000e+02 2.700000000000000000000000000000e+01
7.500000000000000000000000000000e+01 9.900000000000000000000000000000e+01 9.801990000000000000000000000000e+05 2.800000000000000000000000000000e+01
7.600000000000000000000000000000e+01 1.560000000000000000000000000000e+02 3.820908000000000000000000000000e+06 2.900000000000000000000000000000e+01
7.800000000000000000000000000000e+01 7.900000000000000000000000000000e+01 4.993590000000000000000000000000e+05 3.000000000000000000000000000000e+01
8.100000000000000000000000000000e+01 3.050000000000000000000000000000e+02 2.846595500000000000000000000000e+07 3.100000000000000000000000000000e+01
8.200000000000000000000000000000e+01 1.470000000000000000000000000000e+02 3.198279000000000000000000000000e+06 3.200000000000000000000000000000e+01
8.300000000000000000000000000000e+01 3.300000000000000000000000000000e+01 3.705900000000000000000000000000e+04 3.300000000000000000000000000000e+01
8.400000000000000000000000000000e+01 4.900000000000000000000000000000e+01 1.200990000000000000000000000000e+05 3.400000000000000000000000000000e+01
8.500000000000000000000000000000e+01 5.020000000000000000000000000000e+02 1.267585140000000000000000000000e+08 3.500000000000000000000000000000e+01
8.700000000000000000000000000000e+01 7.000000000000000000000000000000e+00 3.990000000000000000000000000000e+02 3.600000000000000000000000000000e+01
8.800000000000000000000000000000e+01 1.030000000000000000000000000000e+02 1.103439000000000000000000000000e+06 3.700000000000000000000000000000e+01
9.000000000000000000000000000000e+01 2.020000000000000000000000000000e+02 8.283414000000000000000000000000e+06 3.800000000000000000000000000000e+01
9.200000000000000000000000000000e+01 6.000000000000000000000000000000e+00 2.580000000000000000000000000000e+02 3.900000000000000000000000000000e+01
9.500000000000000000000000000000e+01 8.200000000000000000000000000000e+01 5.581740000000000000000000000000e+05 4.000000000000000000000000000000e+01
9.600000000000000000000000000000e+01 4.800000000000000000000000000000e+01 1.129440000000000000000000000000e+05 4.100000000000000000000000000000e+01
1.000000000000000000000000000000e+02 7.700000000000000000000000000000e+01 4.625390000000000000000000000000e+05 4.200000000000000000000000000000e+01
1.030000000000000000000000000000e+02 2.220000000000000000000000000000e+02 1.099055400000000000000000000000e+07 4.300000000000000000000000000000e+01
1.070000000000000000000000000000e+02 1.700000000000000000000000000000e+01 5.219000000000000000000000000000e+03 4.400000000000000000000000000000e+01
1.090000000000000000000000000000e+02 4.900000000000000000000000000000e+01 1.200990000000000000000000000000e+05 4.500000000000000000000000000000e+01
1.120000000000000000000000000000e+02 5.200000000000000000000000000000e+01 1.433640000000000000000000000000e+05 4.600000000000000000000000000000e+01
1.140000000000000000000000000000e+02 4.300000000000000000000000000000e+01 8.139900000000000000000000000000e+04 4.700000000000000000000000000000e+01
1.160000000000000000000000000000e+02 1.930000000000000000000000000000e+02 7.226499000000000000000000000000e+06 4.800000000000000000000000000000e+01
1.170000000000000000000000000000e+02 3.660000000000000000000000000000e+02 4.916221800000000000000000000000e+07 4.900000000000000000000000000000e+01
1.180000000000000000000000000000e+02 1.400000000000000000000000000000e+01 2.954000000000000000000000000000e+03 5.000000000000000000000000000000e+01
1.280000000000000000000000000000e+02 1.170000000000000000000000000000e+02 1.615419000000000000000000000000e+06 5.100000000000000000000000000000e+01
1.310000000000000000000000000000e+02 1.820000000000000000000000000000e+02 6.061874000000000000000000000000e+06 5.200000000000000000000000000000e+01
1.320000000000000000000000000000e+02 3.230000000000000000000000000000e+02 3.380291900000000000000000000000e+07 5.300000000000000000000000000000e+01
1.330000000000000000000000000000e+02 1.400000000000000000000000000000e+01 2.954000000000000000000000000000e+03 5.400000000000000000000000000000e+01
1.350000000000000000000000000000e+02 9.800000000000000000000000000000e+01 9.508940000000000000000000000000e+05 5.500000000000000000000000000000e+01
1.380000000000000000000000000000e+02 5.800000000000000000000000000000e+01 1.985340000000000000000000000000e+05 5.600000000000000000000000000000e+01
1.390000000000000000000000000000e+02 8.500000000000000000000000000000e+01 6.214350000000000000000000000000e+05 5.700000000000000000000000000000e+01
1.400000000000000000000000000000e+02 1.340000000000000000000000000000e+02 2.424194000000000000000000000000e+06 5.800000000000000000000000000000e+01
1.410000000000000000000000000000e+02 1.400000000000000000000000000000e+02 2.763740000000000000000000000000e+06 5.900000000000000000000000000000e+01
1.440000000000000000000000000000e+02 2.120000000000000000000000000000e+02 9.573284000000000000000000000000e+06 6.000000000000000000000000000000e+01
1.490000000000000000000000000000e+02 1.710000000000000000000000000000e+02 5.029623000000000000000000000000e+06 6.100000000000000000000000000000e+01
