1.000000000000000000000000000000e+00 1.500000000000000000000000000000e+01 2.250000000000000000000000000000e+02 0.000000000000000000000000000000e+00
3.000000000000000000000000000000e+00 1.400000000000000000000000000000e+01 1.960000000000000000000000000000e+02 1.000000000000000000000000000000e+00
4.000000000000000000000000000000e+00 7.800000000000000000000000000000e+01 6.084000000000000000000000000000e+03 2.000000000000000000000000000000e+00
7.000000000000000000000000000000e+00 1.080000000000000000000000000000e+02 1.166400000000000000000000000000e+04 3.000000000000000000000000000000e+00
9.000000000000000000000000000000e+00 6.100000000000000000000000000000e+01 3.721000000000000000000000000000e+03 4.000000000000000000000000000000e+00
1.300000000000000000000000000000e+01 9.600000000000000000000000000000e+01 9.216000000000000000000000000000e+03 5.000000000000000000000000000000e+00
1.400000000000000000000000000000e+01 6.700000000000000000000000000000e+01 4.489000000000000000000000000000e+03 6.000000000000000000000000000000e+00
1.600000000000000000000000000000e+01 9.500000000000000000000000000000e+01 9.025000000000000000000000000000e+03 7.000000000000000000000000000000e+00
2.000000000000000000000000000000e+01 1.170000000000000000000000000000e+02 1.368900000000000000000000000000e+04 8.000000000000000000000000000000e+00
2.100000000000000000000000000000e+01 7.800000000000000000000000000000e+01 6.084000000000000000000000000000e+03 9.000000000000000000000000000000e+00
2.300000000000000000000000000000e+01 1.600000000000000000000000000000e+01 2.560000000000000000000000000000e+02 1.000000000000000000000000000000e+01
2.400000000000000000000000000000e+01 1.170000000000000000000000000000e+02 1.368900000000000000000000000000e+04 1.100000000000000000000000000000e+01
2.900000000000000000000000000000e+01 1.800000000000000000000000000000e+01 3.240000000000000000000000000000e+02 1.200000000000000000000000000000e+01
3.100000000000000000000000000000e+01 5.000000000000000000000000000000e+00 2.500000000000000000000000000000e+01 1.300000000000000000000000000000e+01
3.200000000000000000000000000000e+01 1.400000000000000000000000000000e+01 1.960000000000000000000000000000e+02 1.400000000000000000000000000000e+01
3.300000000000000000000000000000e+01 1.010000000000000000000000000000e+02 1.020100000000000000000000000000e+04 1.500000000000000000000000000000e+01
3.600000000000000000000000000000e+01 6.700000000000000000000000000000e+01 4.489000000000000000000000000000e+03 1.600000000000000000000000000000e+01
3.700000000000000000000000000000e+01 6.500000000000000000000000000000e+01 4.225000000000000000000000000000e+03 1.700000000000000000000000000000e+01
3.800000000000000000000000000000e+01 3.600000000000000000000000000000e+01 1.296000000000000000000000000000e+03 1.800000000000000000000000000000e+01
3.900000000000000000000000000000e+01 4.310000000000000000000000000000e+02 1.857610000000000000000000000000e+05 1.900000000000000000000000000000e+01
4.100000000000000000000000000000e+01 1.330000000000000000000000000000e+02 1.768900000000000000000000000000e+04 2.000000000000000000000000000000e+01
4.200000000000000000000000000000e+01 8.900000000000000000000000000000e+01 7.921000000000000000000000000000e+03 2.100000000000000000000000000000e+01
4.300000000000000000000000000000e+01 3.100000000000000000000000000000e+01 9.610000000000000000000000000000e+02 2.200000000000000000000000000000e+01
4.400000000000000000000000000000e+01 1.060000000000000000000000000000e+02 1.123600000000000000000000000000e+04 2.300000000000000000000000000000e+01
4.500000000000000000000000000000e+01 6.100000000000000000000000000000e+01 3.721000000000000000000000000000e+03 2.400000000000000000000000000000e+01
4.900000000000000000000000000000e+01 8.300000000000000000000000000000e+01 6.889000000000000000000000000000e+03 2.500000000000000000000000000000e+01
5.000000000000000000000000000000e+01 3.400000000000000000000000000000e+01 1.156000000000000000000000000000e+03 2.600000000000000000000000000000e+01
5.100000000000000000000000000000e+01 9.200000000000000000000000000000e+01 8.464000000000000000000000000000e+03 2.700000000000000000000000000000e+01
5.300000000000000000000000000000e+01 1.400000000000000000000000000000e+01 1.960000000000000000000000000000e+02 2.800000000000000000000000000000e+01
5.500000000000000000000000000000e+01 2.640000000000000000000000000000e+02 6.969600000000000000000000000000e+04 2.900000000000000000000000000000e+01
5.600000000000000000000000000000e+01 8.000000000000000000000000000000e+00 6.400000000000000000000000000000e+01 3.000000000000000000000000000000e+01
5.800000000000000000000000000000e+01 5.200000000000000000000000000000e+01 2.704000000000000000000000000000e+03 3.100000000000000000000000000000e+01
5.900000000000000000000000000000e+01 7.400000000000000000000000000000e+01 5.476000000000000000000000000000e+03 3.200000000000000000000000000000e+01
6.200000000000000000000000000000e+01 2.300000000000000000000000000000e+01 5.290000000000000000000000000000e+02 3.300000000000000000000000000000e+01
6.400000000000000000000000000000e+01 5.500000000000000000000000000000e+01 3.025000000000000000000000000000e+03 3.400000000000000000000000000000e+01
6.800000000000000000000000000000e+01 1.710000000000000000000000000000e+02 2.924100000000000000000000000000e+04 3.500000000000000000000000000000e+01
7.000000000000000000000000000000e+01 2.340000000000000000000000000000e+02 5.475600000000000000000000000000e+04 3.600000000000000000000000000000e+01
7.100000000000000000000000000000e+01 1.040000000000000000000000000000e+02 1.081600000000000000000000000000e+04 3.700000000000000000000000000000e+01
7.200000000000000000000000000000e+01 4.500000000000000000000000000000e+01 2.025000000000000000000000000000e+03 3.800000000000000000000000000000e+01
7.300000000000000000000000000000e+01 2.690000000000000000000000000000e+02 7.236100000000000000000000000000e+04 3.900000000000000000000000000000e+01
7.400000000000000000000000000000e+01 5.200000000000000000000000000000e+01 2.704000000000000000000000000000e+03 4.000000000000000000000000000000e+01
7.700000000000000000000000000000e+01 7.100000000000000000000000000000e+01 5.041000000000000000000000000000e+03 4.100000000000000000000000000000e+01
8.000000000000000000000000000000e+01 2.600000000000000000000000000000e+01 6.760000000000000000000000000000e+02 4.200000000000000000000000000000e+01
8.800000000000000000000000000000e+01 1.300000000000000000000000000000e+01 1.690000000000000000000000000000e+02 4.300000000000000000000000000000e+01
8.900000000000000000000000000000e+01 3.900000000000000000000000000000e+01 1.521000000000000000000000000000e+03 4.400000000000000000000000000000e+01
9.200000000000000000000000000000e+01 1.140000000000000000000000000000e+02 1.299600000000000000000000000000e+04 4.500000000000000000000000000000e+01
9.400000000000000000000000000000e+01 6.000000000000000000000000000000e+00 3.600000000000000000000000000000e+01 4.600000000000000000000000000000e+01
9.500000000000000000000000000000e+01 5.000000000000000000000000000000e+01 2.500000000000000000000000000000e+03 4.700000000000000000000000000000e+01
9.600000000000000000000000000000e+01 3.680000000000000000000000000000e+02 1.354240000000000000000000000000e+05 4.800000000000000000000000000000e+01
9.700000000000000000000000000000e+01 1.100000000000000000000000000000e+02 1.210000000000000000000000000000e+04 4.900000000000000000000000000000e+01
9.800000000000000000000000000000e+01 4.900000000000000000000000000000e+01 2.401000000000000000000000000000e+03 5.000000000000000000000000000000e+01
1.000000000000000000000000000000e+02 2.640000000000000000000000000000e+02 6.969600000000000000000000000000e+04 5.100000000000000000000000000000e+01
1.030000000000000000000000000000e+02 1.590000000000000000000000000000e+02 2.528100000000000000000000000000e+04 5.200000000000000000000000000000e+01
1.050000000000000000000000000000e+02 1.680000000000000000000000000000e+02 2.822400000000000000000000000000e+04 5.300000000000000000000000000000e+01
1.070000000000000000000000000000e+02 5.800000000000000000000000000000e+01 3.364000000000000000000000000000e+03 5.400000000000000000000000000000e+01
1.090000000000000000000000000000e+02 1.220000000000000000000000000000e+02 1.488400000000000000000000000000e+04 5.500000000000000000000000000000e+01
1.100000000000000000000000000000e+02 8.000000000000000000000000000000e+01 6.400000000000000000000000000000e+03 5.600000000000000000000000000000e+01
1.150000000000000000000000000000e+02 8.600000000000000000000000000000e+01 7.396000000000000000000000000000e+03 5.700000000000000000000000000000e+01
1.160000000000000000000000000000e+02 6.900000000000000000000000000000e+01 4.761000000000000000000000000000e+03 5.800000000000000000000000000000e+01
1.170000000000000000000000000000e+02 1.000000000000000000000000000000e+02 1.000000000000000000000000000000e+04 5.900000000000000000000000000000e+01
1.180000000000000000000000000000e+02 4.300000000000000000000000000000e+02 1.849000000000000000000000000000e+05 6.000000000000000000000000000000e+01
1.190000000000000000000000000000e+02 6.000000000000000000000000000000e+01 3.600000000000000000000000000000e+03 6.100000000000000000000000000000e+01
1.220000000000000000000000000000e+02 4.400000000000000000000000000000e+01 1.936000000000000000000000000000e+03 6.200000000000000000000000000000e+01
1.240000000000000000000000000000e+02 1.880000000000000000000000000000e+02 3.534400000000000000000000000000e+04 6.300000000000000000000000000000e+01
1.250000000000000000000000000000e+02 1.200000000000000000000000000000e+01 1.440000000000000000000000000000e+02 6.400000000000000000000000000000e+01
1.260000000000000000000000000000e+02 8.700000000000000000000000000000e+01 7.569000000000000000000000000000e+03 6.500000000000000000000000000000e+01
1.280000000000000000000000000000e+02 5.000000000000000000000000000000e+01 2.500000000000000000000000000000e+03 6.600000000000000000000000000000e+01
1.290000000000000000000000000000e+02 3.320000000000000000000000000000e+02 1.102240000000000000000000000000e+05 6.700000000000000000000000000000e+01
1.350000000000000000000000000000e+02 1.900000000000000000000000000000e+01 3.610000000000000000000000000000e+02 6.800000000000000000000000000000e+01
1.400000000000000000000000000000e+02 1.330000000000000000000000000000e+02 1.768900000000000000000000000000e+04 6.900000000000000000000000000000e+01
1.410000000000000000000000000000e+02 8.600000000000000000000000000000e+01 7.396000000000000000000000000000e+03 7.000000000000000000000000000000e+01
1.460000000000000000000000000000e+02 2.240000000000000000000000000000e+02 5.017600000000000000000000000000e+04 7.100000000000000000000000000000e+01
1.470000000000000000000000000000e+02 1.950000000000000000000000000000e+02 3.802500000000000000000000000000e+04 7.200000000000000000000000000000e+01
1.500000000000000000000000000000e+02 2.500000000000000000000000000000e+01 6.250000000000000000000000000000e+02 7.300000000000000000000000000000e+01
1.510000000000000000000000000000e+02 1.400000000000000000000000000000e+02 1.960000000000000000000000000000e+04 7.400000000000000000000000000000e+01
1.520000000000000000000000000000e+02 1.720000000000000000000000000000e+02 2.958400000000000000000000000000e+04 7.500000000000000000000000000000e+01
1.530000000000000000000000000000e+02 2.400000000000000000000000000000e+01 5.760000000000000000000000000000e+02 7.600000000000000000000000000000e+01
1.540000000000000000000000000000e+02 3.400000000000000000000000000000e+02 1.156000000000000000000000000000e+05 7.700000000000000000000000000000e+01
1.580000000000000000000000000000e+02 1.140000000000000000000000000000e+02 1.299600000000000000000000000000e+04 7.800000000000000000000000000000e+01
1.620000000000000000000000000000e+02 1.110000000000000000000000000000e+02 1.232100000000000000000000000000e+04 7.900000000000000000000000000000e+01
1.640000000000000000000000000000e+02 3.200000000000000000000000000000e+01 1.024000000000000000000000000000e+03 8.000000000000000000000000000000e+01
1.650000000000000000000000000000e+02 2.320000000000000000000000000000e+02 5.382400000000000000000000000000e+04 8.100000000000000000000000000000e+01
1.670000000000000000000000000000e+02 1.200000000000000000000000000000e+02 1.440000000000000000000000000000e+04 8.200000000000000000000000000000e+01
1.710000000000000000000000000000e+02 1.200000000000000000000000000000e+01 1.440000000000000000000000000000e+02 8.300000000000000000000000000000e+01
1.740000000000000000000000000000e+02 8.600000000000000000000000000000e+01 7.396000000000000000000000000000e+03 8.400000000000000000000000000000e+01
1.750000000000000000000000000000e+02 7.600000000000000000000000000000e+01 5.776000000000000000000000000000e+03 8.500000000000000000000000000000e+01
1.760000000000000000000000000000e+02 5.600000000000000000000000000000e+01 3.136000000000000000000000000000e+03 8.600000000000000000000000000000e+01
1.800000000000000000000000000000e+02 4.300000000000000000000000000000e+01 1.849000000000000000000000000000e+03 8.700000000000000000000000000000e+01
1.820000000000000000000000000000e+02 1.100000000000000000000000000000e+01 1.210000000000000000000000000000e+02 8.800000000000000000000000000000e+01
1.850000000000000000000000000000e+02 1.000000000000000000000000000000e+00 1.000000000000000000000000000000e+00 8.900000000000000000000000000000e+01
1.870000000000000000000000000000e+02 1.790000000000000000000000000000e+02 3.204100000000000000000000000000e+04 9.000000000000000000000000000000e+01
1.900000000000000000000000000000e+02 3.200000000000000000000000000000e+01 1.024000000000000000000000000000e+03 9.100000000000000000000000000000e+01
1.920000000000000000000000000000e+02 4.200000000000000000000000000000e+01 1.764000000000000000000000000000e+03 9.200000000000000000000000000000e+01
1.930000000000000000000000000000e+02 2.900000000000000000000000000000e+01 8.410000000000000000000000000000e+02 9.300000000000000000000000000000e+01
1.950000000000000000000000000000e+02 1.600000000000000000000000000000e+01 2.560000000000000000000000000000e+02 9.400000000000000000000000000000e+01
1.960000000000000000000000000000e+02 2.100000000000000000000000000000e+01 4.410000000000000000000000000000e+02 9.500000000000000000000000000000e+01
1.990000000000000000000000000000e+02 2.410000000000000000000000000000e+02 5.808100000000000000000000000000e+04 9.600000000000000000000000000000e+01
2.010000000000000000000000000000e+02 3.410000000000000000000000000000e+02 1.162810000000000000000000000000e+05 9.700000000000000000000000000000e+01
2.060000000000000000000000000000e+02 4.500000000000000000000000000000e+01 2.025000000000000000000000000000e+03 9.800000000000000000000000000000e+01
2.070000000000000000000000000000e+02 1.800000000000000000000000000000e+01 3.240000000000000000000000000000e+02 9.900000000000000000000000000000e+01
