4.000000000000000000000000000000e+00 2.000000000000000000000000000000e+01 4.000000000000000000000000000000e+02 0.000000000000000000000000000000e+00
7.000000000000000000000000000000e+00 2.010000000000000000000000000000e+02 4.040100000000000000000000000000e+04 1.000000000000000000000000000000e+00
1.000000000000000000000000000000e+01 5.170000000000000000000000000000e+02 2.672890000000000000000000000000e+05 2.000000000000000000000000000000e+00
1.300000000000000000000000000000e+01 1.440000000000000000000000000000e+02 2.073600000000000000000000000000e+04 3.000000000000000000000000000000e+00
1.400000000000000000000000000000e+01 1.130000000000000000000000000000e+02 1.276900000000000000000000000000e+04 4.000000000000000000000000000000e+00
1.600000000000000000000000000000e+01 2.060000000000000000000000000000e+02 4.243600000000000000000000000000e+04 5.000000000000000000000000000000e+00
1.700000000000000000000000000000e+01 8.000000000000000000000000000000e+00 6.400000000000000000000000000000e+01 6.000000000000000000000000000000e+00
1.800000000000000000000000000000e+01 6.200000000000000000000000000000e+01 3.844000000000000000000000000000e+03 7.000000000000000000000000000000e+00
2.000000000000000000000000000000e+01 9.200000000000000000000000000000e+01 8.464000000000000000000000000000e+03 8.000000000000000000000000000000e+00
2.200000000000000000000000000000e+01 9.000000000000000000000000000000e+00 8.100000000000000000000000000000e+01 9.000000000000000000000000000000e+00
2.400000000000000000000000000000e+01 4.900000000000000000000000000000e+01 2.401000000000000000000000000000e+03 1.000000000000000000000000000000e+01
2.600000000000000000000000000000e+01 8.100000000000000000000000000000e+01 6.561000000000000000000000000000e+03 1.100000000000000000000000000000e+01
2.800000000000000000000000000000e+01 1.050000000000000000000000000000e+02 1.102500000000000000000000000000e+04 1.200000000000000000000000000000e+01
2.900000000000000000000000000000e+01 3.500000000000000000000000000000e+01 1.225000000000000000000000000000e+03 1.300000000000000000000000000000e+01
3.100000000000000000000000000000e+01 2.880000000000000000000000000000e+02 8.294400000000000000000000000000e+04 1.400000000000000000000000000000e+01
3.300000000000000000000000000000e+01 9.500000000000000000000000000000e+01 9.025000000000000000000000000000e+03 1.500000000000000000000000000000e+01
3.500000000000000000000000000000e+01 2.120000000000000000000000000000e+02 4.494400000000000000000000000000e+04 1.600000000000000000000000000000e+01
3.900000000000000000000000000000e+01 2.400000000000000000000000000000e+01 5.760000000000000000000000000000e+02 1.700000000000000000000000000000e+01
4.000000000000000000000000000000e+01 8.700000000000000000000000000000e+01 7.569000000000000000000000000000e+03 1.800000000000000000000000000000e+01
4.200000000000000000000000000000e+01 9.100000000000000000000000000000e+01 8.281000000000000000000000000000e+03 1.900000000000000000000000000000e+01
4.300000000000000000000000000000e+01 8.900000000000000000000000000000e+01 7.921000000000000000000000000000e+03 2.000000000000000000000000000000e+01
4.400000000000000000000000000000e+01 4.700000000000000000000000000000e+01 2.209000000000000000000000000000e+03 2.100000000000000000000000000000e+01
4.500000000000000000000000000000e+01 3.000000000000000000000000000000e+00 9.000000000000000000000000000000e+00 2.200000000000000000000000000000e+01
4.600000000000000000000000000000e+01 1.140000000000000000000000000000e+02 1.299600000000000000000000000000e+04 2.300000000000000000000000000000e+01
4.800000000000000000000000000000e+01 4.270000000000000000000000000000e+02 1.823290000000000000000000000000e+05 2.400000000000000000000000000000e+01
4.900000000000000000000000000000e+01 9.000000000000000000000000000000e+00 8.100000000000000000000000000000e+01 2.500000000000000000000000000000e+01
5.000000000000000000000000000000e+01 3.600000000000000000000000000000e+01 1.296000000000000000000000000000e+03 2.600000000000000000000000000000e+01
5.200000000000000000000000000000e+01 2.800000000000000000000000000000e+01 7.840000000000000000000000000000e+02 2.700000000000000000000000000000e+01
5.300000000000000000000000000000e+01 1.670000000000000000000000000000e+02 2.788900000000000000000000000000e+04 2.800000000000000000000000000000e+01
5.400000000000000000000000000000e+01 3.660000000000000000000000000000e+02 1.339560000000000000000000000000e+05 2.900000000000000000000000000000e+01
5.500000000000000000000000000000e+01 4.400000000000000000000000000000e+01 1.936000000000000000000000000000e+03 3.000000000000000000000000000000e+01
5.700000000000000000000000000000e+01 2.300000000000000000000000000000e+01 5.290000000000000000000000000000e+02 3.100000000000000000000000000000e+01
6.000000000000000000000000000000e+01 3.600000000000000000000000000000e+01 1.296000000000000000000000000000e+03 3.200000000000000000000000000000e+01
6.200000000000000000000000000000e+01 2.000000000000000000000000000000e+00 4.000000000000000000000000000000e+00 3.300000000000000000000000000000e+01
6.300000000000000000000000000000e+01 3.200000000000000000000000000000e+01 1.024000000000000000000000000000e+03 3.400000000000000000000000000000e+01
6.400000000000000000000000000000e+01 1.930000000000000000000000000000e+02 3.724900000000000000000000000000e+04 3.500000000000000000000000000000e+01
6.800000000000000000000000000000e+01 1.700000000000000000000000000000e+01 2.890000000000000000000000000000e+02 3.600000000000000000000000000000e+01
6.900000000000000000000000000000e+01 2.980000000000000000000000000000e+02 8.880400000000000000000000000000e+04 3.700000000000000000000000000000e+01
7.000000000000000000000000000000e+01 1.140000000000000000000000000000e+02 1.299600000000000000000000000000e+04 3.800000000000000000000000000000e+01
7.200000000000000000000000000000e+01 6.300000000000000000000000000000e+01 3.969000000000000000000000000000e+03 3.900000000000000000000000000000e+01
7.300000000000000000000000000000e+01 7.300000000000000000000000000000e+01 5.329000000000000000000000000000e+03 4.000000000000000000000000000000e+01
7.500000000000000000000000000000e+01 4.200000000000000000000000000000e+01 1.764000000000000000000000000000e+03 4.100000000000000000000000000000e+01
7.700000000000000000000000000000e+01 1.000000000000000000000000000000e+00 1.000000000000000000000000000000e+00 4.200000000000000000000000000000e+01
8.000000000000000000000000000000e+01 2.920000000000000000000000000000e+02 8.526400000000000000000000000000e+04 4.300000000000000000000000000000e+01
8.200000000000000000000000000000e+01 6.000000000000000000000000000000e+00 3.600000000000000000000000000000e+01 4.400000000000000000000000000000e+01
8.300000000000000000000000000000e+01 2.400000000000000000000000000000e+01 5.760000000000000000000000000000e+02 4.500000000000000000000000000000e+01
8.400000000000000000000000000000e+01 8.600000000000000000000000000000e+01 7.396000000000000000000000000000e+03 4.600000000000000000000000000000e+01
8.700000000000000000000000000000e+01 3.000000000000000000000000000000e+00 9.000000000000000000000000000000e+00 4.700000000000000000000000000000e+01
8.900000000000000000000000000000e+01 1.130000000000000000000000000000e+02 1.276900000000000000000000000000e+04 4.800000000000000000000000000000e+01
9.000000000000000000000000000000e+01 1.810000000000000000000000000000e+02 3.276100000000000000000000000000e+04 4.900000000000000000000000000000e+01
9.100000000000000000000000000000e+01 1.860000000000000000000000000000e+02 3.459600000000000000000000000000e+04 5.000000000000000000000000000000e+01
9.200000000000000000000000000000e+01 1.700000000000000000000000000000e+01 2.890000000000000000000000000000e+02 5.100000000000000000000000000000e+01
9.300000000000000000000000000000e+01 2.670000000000000000000000000000e+02 7.128900000000000000000000000000e+04 5.200000000000000000000000000000e+01
9.700000000000000000000000000000e+01 1.600000000000000000000000000000e+01 2.560000000000000000000000000000e+02 5.300000000000000000000000000000e+01
9.900000000000000000000000000000e+01 8.300000000000000000000000000000e+01 6.889000000000000000000000000000e+03 5.400000000000000000000000000000e+01
1.000000000000000000000000000000e+02 5.300000000000000000000000000000e+01 2.809000000000000000000000000000e+03 5.500000000000000000000000000000e+01
1.020000000000000000000000000000e+02 1.030000000000000000000000000000e+02 1.060900000000000000000000000000e+04 5.600000000000000000000000000000e+01
1.050000000000000000000000000000e+02 1.000000000000000000000000000000e+00 1.000000000000000000000000000000e+00 5.700000000000000000000000000000e+01
1.060000000000000000000000000000e+02 2.100000000000000000000000000000e+02 4.410000000000000000000000000000e+04 5.800000000000000000000000000000e+01
1.070000000000000000000000000000e+02 4.600000000000000000000000000000e+01 2.116000000000000000000000000000e+03 5.900000000000000000000000000000e+01
1.080000000000000000000000000000e+02 2.390000000000000000000000000000e+02 5.712100000000000000000000000000e+04 6.000000000000000000000000000000e+01
1.110000000000000000000000000000e+02 1.860000000000000000000000000000e+02 3.459600000000000000000000000000e+04 6.100000000000000000000000000000e+01
1.150000000000000000000000000000e+02 1.270000000000000000000000000000e+02 1.612900000000000000000000000000e+04 6.200000000000000000000000000000e+01
1.160000000000000000000000000000e+02 2.100000000000000000000000000000e+01 4.410000000000000000000000000000e+02 6.300000000000000000000000000000e+01
1.170000000000000000000000000000e+02 5.620000000000000000000000000000e+02 3.158440000000000000000000000000e+05 6.400000000000000000000000000000e+01
1.180000000000000000000000000000e+02 1.940000000000000000000000000000e+02 3.763600000000000000000000000000e+04 6.500000000000000000000000000000e+01
1.200000000000000000000000000000e+02 2.070000000000000000000000000000e+02 4.284900000000000000000000000000e+04 6.600000000000000000000000000000e+01
1.210000000000000000000000000000e+02 1.730000000000000000000000000000e+02 2.992900000000000000000000000000e+04 6.700000000000000000000000000000e+01
1.220000000000000000000000000000e+02 3.000000000000000000000000000000e+01 9.000000000000000000000000000000e+02 6.800000000000000000000000000000e+01
1.250000000000000000000000000000e+02 1.130000000000000000000000000000e+02 1.276900000000000000000000000000e+04 6.900000000000000000000000000000e+01
1.270000000000000000000000000000e+02 1.600000000000000000000000000000e+01 2.560000000000000000000000000000e+02 7.000000000000000000000000000000e+01
1.280000000000000000000000000000e+02 9.800000000000000000000000000000e+01 9.604000000000000000000000000000e+03 7.100000000000000000000000000000e+01
1.300000000000000000000000000000e+02 1.560000000000000000000000000000e+02 2.433600000000000000000000000000e+04 7.200000000000000000000000000000e+01
1.310000000000000000000000000000e+02 9.500000000000000000000000000000e+01 9.025000000000000000000000000000e+03 7.300000000000000000000000000000e+01
1.330000000000000000000000000000e+02 1.400000000000000000000000000000e+02 1.960000000000000000000000000000e+04 7.400000000000000000000000000000e+01
1.340000000000000000000000000000e+02 9.800000000000000000000000000000e+01 9.604000000000000000000000000000e+03 7.500000000000000000000000000000e+01
1.350000000000000000000000000000e+02 2.600000000000000000000000000000e+01 6.760000000000000000000000000000e+02 7.600000000000000000000000000000e+01
1.360000000000000000000000000000e+02 3.500000000000000000000000000000e+01 1.225000000000000000000000000000e+03 7.700000000000000000000000000000e+01
1.400000000000000000000000000000e+02 1.250000000000000000000000000000e+02 1.562500000000000000000000000000e+04 7.800000000000000000000000000000e+01
1.420000000000000000000000000000e+02 1.060000000000000000000000000000e+02 1.123600000000000000000000000000e+04 7.900000000000000000000000000000e+01
1.430000000000000000000000000000e+02 5.100000000000000000000000000000e+01 2.601000000000000000000000000000e+03 8.000000000000000000000000000000e+01
1.490000000000000000000000000000e+02 2.200000000000000000000000000000e+01 4.840000000000000000000000000000e+02 8.100000000000000000000000000000e+01
1.500000000000000000000000000000e+02 3.000000000000000000000000000000e+01 9.000000000000000000000000000000e+02 8.200000000000000000000000000000e+01
1.510000000000000000000000000000e+02 4.200000000000000000000000000000e+01 1.764000000000000000000000000000e+03 8.300000000000000000000000000000e+01
1.560000000000000000000000000000e+02 4.000000000000000000000000000000e+00 1.600000000000000000000000000000e+01 8.400000000000000000000000000000e+01
1.620000000000000000000000000000e+02 8.600000000000000000000000000000e+01 7.396000000000000000000000000000e+03 8.500000000000000000000000000000e+01
1.630000000000000000000000000000e+02 1.590000000000000000000000000000e+02 2.528100000000000000000000000000e+04 8.600000000000000000000000000000e+01
1.640000000000000000000000000000e+02 3.380000000000000000000000000000e+02 1.142440000000000000000000000000e+05 8.700000000000000000000000000000e+01
1.650000000000000000000000000000e+02 1.750000000000000000000000000000e+02 3.062500000000000000000000000000e+04 8.800000000000000000000000000000e+01
1.680000000000000000000000000000e+02 1.340000000000000000000000000000e+02 1.795600000000000000000000000000e+04 8.900000000000000000000000000000e+01
1.690000000000000000000000000000e+02 1.920000000000000000000000000000e+02 3.686400000000000000000000000000e+04 9.000000000000000000000000000000e+01
1.730000000000000000000000000000e+02 1.830000000000000000000000000000e+02 3.348900000000000000000000000000e+04 9.100000000000000000000000000000e+01
1.750000000000000000000000000000e+02 1.990000000000000000000000000000e+02 3.960100000000000000000000000000e+04 9.200000000000000000000000000000e+01
1.780000000000000000000000000000e+02 3.560000000000000000000000000000e+02 1.267360000000000000000000000000e+05 9.300000000000000000000000000000e+01
1.830000000000000000000000000000e+02 1.690000000000000000000000000000e+02 2.856100000000000000000000000000e+04 9.400000000000000000000000000000e+01
1.840000000000000000000000000000e+02 1.370000000000000000000000000000e+02 1.876900000000000000000000000000e+04 9.500000000000000000000000000000e+01
1.860000000000000000000000000000e+02 1.200000000000000000000000000000e+01 1.440000000000000000000000000000e+02 9.600000000000000000000000000000e+01
1.870000000000000000000000000000e+02 2.400000000000000000000000000000e+01 5.760000000000000000000000000000e+02 9.700000000000000000000000000000e+01
1.900000000000000000000000000000e+02 2.300000000000000000000000000000e+01 5.290000000000000000000000000000e+02 9.800000000000000000000000000000e+01
1.930000000000000000000000000000e+02 1.130000000000000000000000000000e+02 1.276900000000000000000000000000e+04 9.900000000000000000000000000000e+01
