0.000000000000000000000000000000e+00 2.100000000000000000000000000000e+01 4.410000000000000000000000000000e+02 0.000000000000000000000000000000e+00
1.000000000000000000000000000000e+00 6.400000000000000000000000000000e+01 4.096000000000000000000000000000e+03 1.000000000000000000000000000000e+00
3.000000000000000000000000000000e+00 6.000000000000000000000000000000e+01 3.600000000000000000000000000000e+03 2.000000000000000000000000000000e+00
4.000000000000000000000000000000e+00 3.090000000000000000000000000000e+02 9.548100000000000000000000000000e+04 3.000000000000000000000000000000e+00
6.000000000000000000000000000000e+00 1.900000000000000000000000000000e+01 3.610000000000000000000000000000e+02 4.000000000000000000000000000000e+00
7.000000000000000000000000000000e+00 1.500000000000000000000000000000e+01 2.250000000000000000000000000000e+02 5.000000000000000000000000000000e+00
9.000000000000000000000000000000e+00 6.600000000000000000000000000000e+01 4.356000000000000000000000000000e+03 6.000000000000000000000000000000e+00
1.000000000000000000000000000000e+01 3.400000000000000000000000000000e+02 1.156000000000000000000000000000e+05 7.000000000000000000000000000000e+00
1.600000000000000000000000000000e+01 1.810000000000000000000000000000e+02 3.276100000000000000000000000000e+04 8.000000000000000000000000000000e+00
1.700000000000000000000000000000e+01 1.200000000000000000000000000000e+01 1.440000000000000000000000000000e+02 9.000000000000000000000000000000e+00
1.900000000000000000000000000000e+01 7.100000000000000000000000000000e+01 5.041000000000000000000000000000e+03 1.000000000000000000000000000000e+01
2.500000000000000000000000000000e+01 9.200000000000000000000000000000e+01 8.464000000000000000000000000000e+03 1.100000000000000000000000000000e+01
2.900000000000000000000000000000e+01 3.200000000000000000000000000000e+01 1.024000000000000000000000000000e+03 1.200000000000000000000000000000e+01
3.300000000000000000000000000000e+01 3.200000000000000000000000000000e+01 1.024000000000000000000000000000e+03 1.300000000000000000000000000000e+01
3.400000000000000000000000000000e+01 3.200000000000000000000000000000e+01 1.024000000000000000000000000000e+03 1.400000000000000000000000000000e+01
3.500000000000000000000000000000e+01 3.000000000000000000000000000000e+01 9.000000000000000000000000000000e+02 1.500000000000000000000000000000e+01
3.600000000000000000000000000000e+01 2.100000000000000000000000000000e+01 4.410000000000000000000000000000e+02 1.600000000000000000000000000000e+01
3.700000000000000000000000000000e+01 9.800000000000000000000000000000e+01 9.604000000000000000000000000000e+03 1.700000000000000000000000000000e+01
3.800000000000000000000000000000e+01 1.110000000000000000000000000000e+02 1.232100000000000000000000000000e+04 1.800000000000000000000000000000e+01
3.900000000000000000000000000000e+01 4.000000000000000000000000000000e+01 1.600000000000000000000000000000e+03 1.900000000000000000000000000000e+01
4.300000000000000000000000000000e+01 1.000000000000000000000000000000e+00 1.000000000000000000000000000000e+00 2.000000000000000000000000000000e+01
4.400000000000000000000000000000e+01 3.100000000000000000000000000000e+01 9.610000000000000000000000000000e+02 2.100000000000000000000000000000e+01
4.600000000000000000000000000000e+01 9.300000000000000000000000000000e+01 8.649000000000000000000000000000e+03 2.200000000000000000000000000000e+01
4.700000000000000000000000000000e+01 3.200000000000000000000000000000e+01 1.024000000000000000000000000000e+03 2.300000000000000000000000000000e+01
4.800000000000000000000000000000e+01 5.330000000000000000000000000000e+02 2.840890000000000000000000000000e+05 2.400000000000000000000000000000e+01
5.000000000000000000000000000000e+01 4.900000000000000000000000000000e+01 2.401000000000000000000000000000e+03 2.500000000000000000000000000000e+01
5.100000000000000000000000000000e+01 2.290000000000000000000000000000e+02 5.244100000000000000000000000000e+04 2.600000000000000000000000000000e+01
5.600000000000000000000000000000e+01 2.900000000000000000000000000000e+01 8.410000000000000000000000000000e+02 2.700000000000000000000000000000e+01
5.700000000000000000000000000000e+01 2.100000000000000000000000000000e+02 4.410000000000000000000000000000e+04 2.800000000000000000000000000000e+01
5.900000000000000000000000000000e+01 1.190000000000000000000000000000e+02 1.416100000000000000000000000000e+04 2.900000000000000000000000000000e+01
6.000000000000000000000000000000e+01 1.050000000000000000000000000000e+02 1.102500000000000000000000000000e+04 3.000000000000000000000000000000e+01
6.100000000000000000000000000000e+01 8.000000000000000000000000000000e+00 6.400000000000000000000000000000e+01 3.100000000000000000000000000000e+01
6.300000000000000000000000000000e+01 7.800000000000000000000000000000e+01 6.084000000000000000000000000000e+03 3.200000000000000000000000000000e+01
6.500000000000000000000000000000e+01 6.800000000000000000000000000000e+01 4.624000000000000000000000000000e+03 3.300000000000000000000000000000e+01
6.600000000000000000000000000000e+01 4.400000000000000000000000000000e+01 1.936000000000000000000000000000e+03 3.400000000000000000000000000000e+01
6.700000000000000000000000000000e+01 2.080000000000000000000000000000e+02 4.326400000000000000000000000000e+04 3.500000000000000000000000000000e+01
6.800000000000000000000000000000e+01 4.060000000000000000000000000000e+02 1.648360000000000000000000000000e+05 3.600000000000000000000000000000e+01
7.100000000000000000000000000000e+01 2.060000000000000000000000000000e+02 4.243600000000000000000000000000e+04 3.700000000000000000000000000000e+01
7.500000000000000000000000000000e+01 1.160000000000000000000000000000e+02 1.345600000000000000000000000000e+04 3.800000000000000000000000000000e+01
7.700000000000000000000000000000e+01 2.860000000000000000000000000000e+02 8.179600000000000000000000000000e+04 3.900000000000000000000000000000e+01
8.100000000000000000000000000000e+01 8.500000000000000000000000000000e+01 7.225000000000000000000000000000e+03 4.000000000000000000000000000000e+01
8.200000000000000000000000000000e+01 2.330000000000000000000000000000e+02 5.428900000000000000000000000000e+04 4.100000000000000000000000000000e+01
8.600000000000000000000000000000e+01 3.600000000000000000000000000000e+01 1.296000000000000000000000000000e+03 4.200000000000000000000000000000e+01
8.800000000000000000000000000000e+01 5.600000000000000000000000000000e+01 3.136000000000000000000000000000e+03 4.300000000000000000000000000000e+01
8.900000000000000000000000000000e+01 1.500000000000000000000000000000e+01 2.250000000000000000000000000000e+02 4.400000000000000000000000000000e+01
9.100000000000000000000000000000e+01 8.800000000000000000000000000000e+01 7.744000000000000000000000000000e+03 4.500000000000000000000000000000e+01
9.200000000000000000000000000000e+01 1.870000000000000000000000000000e+02 3.496900000000000000000000000000e+04 4.600000000000000000000000000000e+01
9.400000000000000000000000000000e+01 1.760000000000000000000000000000e+02 3.097600000000000000000000000000e+04 4.700000000000000000000000000000e+01
9.700000000000000000000000000000e+01 7.900000000000000000000000000000e+01 6.241000000000000000000000000000e+03 4.800000000000000000000000000000e+01
9.800000000000000000000000000000e+01 2.400000000000000000000000000000e+02 5.760000000000000000000000000000e+04 4.900000000000000000000000000000e+01
9.900000000000000000000000000000e+01 1.000000000000000000000000000000e+02 1.000000000000000000000000000000e+04 5.000000000000000000000000000000e+01
1.020000000000000000000000000000e+02 4.100000000000000000000000000000e+01 1.681000000000000000000000000000e+03 5.100000000000000000000000000000e+01
1.040000000000000000000000000000e+02 1.110000000000000000000000000000e+02 1.232100000000000000000000000000e+04 5.200000000000000000000000000000e+01
1.050000000000000000000000000000e+02 6.300000000000000000000000000000e+01 3.969000000000000000000000000000e+03 5.300000000000000000000000000000e+01
1.060000000000000000000000000000e+02 1.100000000000000000000000000000e+01 1.210000000000000000000000000000e+02 5.400000000000000000000000000000e+01
1.070000000000000000000000000000e+02 4.530000000000000000000000000000e+02 2.052090000000000000000000000000e+05 5.500000000000000000000000000000e+01
1.080000000000000000000000000000e+02 9.300000000000000000000000000000e+01 8.649000000000000000000000000000e+03 5.600000000000000000000000000000e+01
1.090000000000000000000000000000e+02 7.300000000000000000000000000000e+01 5.329000000000000000000000000000e+03 5.700000000000000000000000000000e+01
1.120000000000000000000000000000e+02 5.600000000000000000000000000000e+01 3.136000000000000000000000000000e+03 5.800000000000000000000000000000e+01
1.150000000000000000000000000000e+02 7.300000000000000000000000000000e+01 5.329000000000000000000000000000e+03 5.900000000000000000000000000000e+01
1.170000000000000000000000000000e+02 1.510000000000000000000000000000e+02 2.280100000000000000000000000000e+04 6.000000000000000000000000000000e+01
1.210000000000000000000000000000e+02 8.000000000000000000000000000000e+00 6.400000000000000000000000000000e+01 6.100000000000000000000000000000e+01
1.250000000000000000000000000000e+02 4.100000000000000000000000000000e+01 1.681000000000000000000000000000e+03 6.200000000000000000000000000000e+01
1.290000000000000000000000000000e+02 1.000000000000000000000000000000e+01 1.000000000000000000000000000000e+02 6.300000000000000000000000000000e+01
1.320000000000000000000000000000e+02 1.150000000000000000000000000000e+02 1.322500000000000000000000000000e+04 6.400000000000000000000000000000e+01
1.330000000000000000000000000000e+02 1.940000000000000000000000000000e+02 3.763600000000000000000000000000e+04 6.500000000000000000000000000000e+01
1.340000000000000000000000000000e+02 1.400000000000000000000000000000e+02 1.960000000000000000000000000000e+04 6.600000000000000000000000000000e+01
1.350000000000000000000000000000e+02 2.600000000000000000000000000000e+02 6.760000000000000000000000000000e+04 6.700000000000000000000000000000e+01
1.400000000000000000000000000000e+02 7.300000000000000000000000000000e+01 5.329000000000000000000000000000e+03 6.800000000000000000000000000000e+01
1.420000000000000000000000000000e+02 3.400000000000000000000000000000e+01 1.156000000000000000000000000000e+03 6.900000000000000000000000000000e+01
1.440000000000000000000000000000e+02 1.120000000000000000000000000000e+02 1.254400000000000000000000000000e+04 7.000000000000000000000000000000e+01
1.450000000000000000000000000000e+02 7.800000000000000000000000000000e+01 6.084000000000000000000000000000e+03 7.100000000000000000000000000000e+01
1.480000000000000000000000000000e+02 1.700000000000000000000000000000e+01 2.890000000000000000000000000000e+02 7.200000000000000000000000000000e+01
1.490000000000000000000000000000e+02 1.300000000000000000000000000000e+01 1.690000000000000000000000000000e+02 7.300000000000000000000000000000e+01
1.510000000000000000000000000000e+02 1.720000000000000000000000000000e+02 2.958400000000000000000000000000e+04 7.400000000000000000000000000000e+01
1.530000000000000000000000000000e+02 1.280000000000000000000000000000e+02 1.638400000000000000000000000000e+04 7.500000000000000000000000000000e+01
1.540000000000000000000000000000e+02 6.900000000000000000000000000000e+01 4.761000000000000000000000000000e+03 7.600000000000000000000000000000e+01
1.580000000000000000000000000000e+02 5.800000000000000000000000000000e+01 3.364000000000000000000000000000e+03 7.700000000000000000000000000000e+01
1.610000000000000000000000000000e+02 1.400000000000000000000000000000e+01 1.960000000000000000000000000000e+02 7.800000000000000000000000000000e+01
1.620000000000000000000000000000e+02 7.000000000000000000000000000000e+01 4.900000000000000000000000000000e+03 7.900000000000000000000000000000e+01
1.650000000000000000000000000000e+02 1.250000000000000000000000000000e+02 1.562500000000000000000000000000e+04 8.000000000000000000000000000000e+01
1.670000000000000000000000000000e+02 5.000000000000000000000000000000e+00 2.500000000000000000000000000000e+01 8.100000000000000000000000000000e+01
1.740000000000000000000000000000e+02 1.000000000000000000000000000000e+00 1.000000000000000000000000000000e+00 8.200000000000000000000000000000e+01
1.760000000000000000000000000000e+02 5.600000000000000000000000000000e+01 3.136000000000000000000000000000e+03 8.300000000000000000000000000000e+01
1.800000000000000000000000000000e+02 1.060000000000000000000000000000e+02 1.123600000000000000000000000000e+04 8.400000000000000000000000000000e+01
1.820000000000000000000000000000e+02 2.340000000000000000000000000000e+02 5.475600000000000000000000000000e+04 8.500000000000000000000000000000e+01
1.830000000000000000000000000000e+02 8.000000000000000000000000000000e+01 6.400000000000000000000000000000e+03 8.600000000000000000000000000000e+01
1.840000000000000000000000000000e+02 1.250000000000000000000000000000e+02 1.562500000000000000000000000000e+04 8.700000000000000000000000000000e+01
1.850000000000000000000000000000e+02 1.640000000000000000000000000000e+02 2.689600000000000000000000000000e+04 8.800000000000000000000000000000e+01
1.860000000000000000000000000000e+02 3.940000000000000000000000000000e+02 1.552360000000000000000000000000e+05 8.900000000000000000000000000000e+01
1.870000000000000000000000000000e+02 1.230000000000000000000000000000e+02 1.512900000000000000000000000000e+04 9.000000000000000000000000000000e+01
1.880000000000000000000000000000e+02 3.900000000000000000000000000000e+01 1.521000000000000000000000000000e+03 9.100000000000000000000000000000e+01
1.910000000000000000000000000000e+02 1.800000000000000000000000000000e+01 3.240000000000000000000000000000e+02 9.200000000000000000000000000000e+01
1.920000000000000000000000000000e+02 4.670000000000000000000000000000e+02 2.180890000000000000000000000000e+05 9.300000000000000000000000000000e+01
1.940000000000000000000000000000e+02 9.900000000000000000000000000000e+01 9.801000000000000000000000000000e+03 9.400000000000000000000000000000e+01
1.970000000000000000000000000000e+02 6.400000000000000000000000000000e+01 4.096000000000000000000000000000e+03 9.500000000000000000000000000000e+01
1.980000000000000000000000000000e+02 1.700000000000000000000000000000e+02 2.890000000000000000000000000000e+04 9.600000000000000000000000000000e+01
2.030000000000000000000000000000e+02 5.200000000000000000000000000000e+01 2.704000000000000000000000000000e+03 9.700000000000000000000000000000e+01
2.060000000000000000000000000000e+02 2.960000000000000000000000000000e+02 8.761600000000000000000000000000e+04 9.800000000000000000000000000000e+01
2.080000000000000000000000000000e+02 1.610000000000000000000000000000e+02 2.592100000000000000000000000000e+04 9.900000000000000000000000000000e+01
