9.000000000000000000000000000000e+00 2.000000000000000000000000000000e+00 4.000000000000000000000000000000e+00 0.000000000000000000000000000000e+00
2.900000000000000000000000000000e+01 2.000000000000000000000000000000e+00 4.000000000000000000000000000000e+00 1.000000000000000000000000000000e+00
3.500000000000000000000000000000e+01 1.300000000000000000000000000000e+01 1.690000000000000000000000000000e+02 2.000000000000000000000000000000e+00
4.400000000000000000000000000000e+01 3.000000000000000000000000000000e+00 9.000000000000000000000000000000e+00 3.000000000000000000000000000000e+00
4.600000000000000000000000000000e+01 1.000000000000000000000000000000e+00 1.000000000000000000000000000000e+00 4.000000000000000000000000000000e+00
5.100000000000000000000000000000e+01 1.000000000000000000000000000000e+00 1.000000000000000000000000000000e+00 5.000000000000000000000000000000e+00
5.600000000000000000000000000000e+01 1.900000000000000000000000000000e+01 3.610000000000000000000000000000e+02 6.000000000000000000000000000000e+00
6.300000000000000000000000000000e+01 1.000000000000000000000000000000e+00 1.000000000000000000000000000000e+00 7.000000000000000000000000000000e+00
8.800000000000000000000000000000e+01 5.000000000000000000000000000000e+00 2.500000000000000000000000000000e+01 8.000000000000000000000000000000e+00
9.400000000000000000000000000000e+01 9.000000000000000000000000000000e+00 8.100000000000000000000000000000e+01 9.000000000000000000000000000000e+00
9.500000000000000000000000000000e+01 6.000000000000000000000000000000e+00 3.600000000000000000000000000000e+01 1.000000000000000000000000000000e+01
1.040000000000000000000000000000e+02 8.000000000000000000000000000000e+00 6.400000000000000000000000000000e+01 1.100000000000000000000000000000e+01
1.050000000000000000000000000000e+02 2.000000000000000000000000000000e+01 4.000000000000000000000000000000e+02 1.200000000000000000000000000000e+01
1.220000000000000000000000000000e+02 7.000000000000000000000000000000e+00 4.900000000000000000000000000000e+01 1.300000000000000000000000000000e+01
1.330000000000000000000000000000e+02 5.100000000000000000000000000000e+01 2.601000000000000000000000000000e+03 1.400000000000000000000000000000e+01
1.350000000000000000000000000000e+02 8.000000000000000000000000000000e+00 6.400000000000000000000000000000e+01 1.500000000000000000000000000000e+01
1.430000000000000000000000000000e+02 1.000000000000000000000000000000e+00 1.000000000000000000000000000000e+00 1.600000000000000000000000000000e+01
1.440000000000000000000000000000e+02 4.300000000000000000000000000000e+01 1.849000000000000000000000000000e+03 1.700000000000000000000000000000e+01
1.550000000000000000000000000000e+02 7.000000000000000000000000000000e+00 4.900000000000000000000000000000e+01 1.800000000000000000000000000000e+01
1.630000000000000000000000000000e+02 1.100000000000000000000000000000e+01 1.210000000000000000000000000000e+02 1.900000000000000000000000000000e+01
1.710000000000000000000000000000e+02 5.000000000000000000000000000000e+00 2.500000000000000000000000000000e+01 2.000000000000000000000000000000e+01
1.720000000000000000000000000000e+02 1.000000000000000000000000000000e+01 1.000000000000000000000000000000e+02 2.100000000000000000000000000000e+01
1.900000000000000000000000000000e+02 6.000000000000000000000000000000e+00 3.600000000000000000000000000000e+01 2.200000000000000000000000000000e+01
1.910000000000000000000000000000e+02 5.000000000000000000000000000000e+00 2.500000000000000000000000000000e+01 2.300000000000000000000000000000e+01
1.940000000000000000000000000000e+02 1.300000000000000000000000000000e+01 1.690000000000000000000000000000e+02 2.400000000000000000000000000000e+01
1.950000000000000000000000000000e+02 8.000000000000000000000000000000e+00 6.400000000000000000000000000000e+01 2.500000000000000000000000000000e+01
2.000000000000000000000000000000e+02 2.400000000000000000000000000000e+01 5.760000000000000000000000000000e+02 2.600000000000000000000000000000e+01
2.080000000000000000000000000000e+02 1.200000000000000000000000000000e+01 1.440000000000000000000000000000e+02 2.700000000000000000000000000000e+01
2.090000000000000000000000000000e+02 2.000000000000000000000000000000e+00 4.000000000000000000000000000000e+00 2.800000000000000000000000000000e+01
2.430000000000000000000000000000e+02 1.200000000000000000000000000000e+01 1.440000000000000000000000000000e+02 2.900000000000000000000000000000e+01
2.580000000000000000000000000000e+02 1.000000000000000000000000000000e+00 1.000000000000000000000000000000e+00 3.000000000000000000000000000000e+01
2.690000000000000000000000000000e+02 3.000000000000000000000000000000e+00 9.000000000000000000000000000000e+00 3.100000000000000000000000000000e+01
2.790000000000000000000000000000e+02 7.000000000000000000000000000000e+00 4.900000000000000000000000000000e+01 3.200000000000000000000000000000e+01
2.980000000000000000000000000000e+02 1.400000000000000000000000000000e+01 1.960000000000000000000000000000e+02 3.300000000000000000000000000000e+01
3.010000000000000000000000000000e+02 3.900000000000000000000000000000e+01 1.521000000000000000000000000000e+03 3.400000000000000000000000000000e+01
3.100000000000000000000000000000e+02 4.000000000000000000000000000000e+00 1.600000000000000000000000000000e+01 3.500000000000000000000000000000e+01
3.130000000000000000000000000000e+02 2.400000000000000000000000000000e+01 5.760000000000000000000000000000e+02 3.600000000000000000000000000000e+01
3.440000000000000000000000000000e+02 6.000000000000000000000000000000e+00 3.600000000000000000000000000000e+01 3.700000000000000000000000000000e+01
3.470000000000000000000000000000e+02 8.000000000000000000000000000000e+00 6.400000000000000000000000000000e+01 3.800000000000000000000000000000e+01
3.520000000000000000000000000000e+02 8.000000000000000000000000000000e+00 6.400000000000000000000000000000e+01 3.900000000000000000000000000000e+01
3.550000000000000000000000000000e+02 2.000000000000000000000000000000e+01 4.000000000000000000000000000000e+02 4.000000000000000000000000000000e+01
3.620000000000000000000000000000e+02 5.000000000000000000000000000000e+00 2.500000000000000000000000000000e+01 4.100000000000000000000000000000e+01
3.900000000000000000000000000000e+02 1.600000000000000000000000000000e+01 2.560000000000000000000000000000e+02 4.200000000000000000000000000000e+01
3.970000000000000000000000000000e+02 1.000000000000000000000000000000e+00 1.000000000000000000000000000000e+00 4.300000000000000000000000000000e+01
4.040000000000000000000000000000e+02 9.000000000000000000000000000000e+00 8.100000000000000000000000000000e+01 4.400000000000000000000000000000e+01
4.050000000000000000000000000000e+02 2.000000000000000000000000000000e+00 4.000000000000000000000000000000e+00 4.500000000000000000000000000000e+01
4.150000000000000000000000000000e+02 6.000000000000000000000000000000e+00 3.600000000000000000000000000000e+01 4.600000000000000000000000000000e+01
4.240000000000000000000000000000e+02 1.600000000000000000000000000000e+01 2.560000000000000000000000000000e+02 4.700000000000000000000000000000e+01
4.370000000000000000000000000000e+02 2.000000000000000000000000000000e+00 4.000000000000000000000000000000e+00 4.800000000000000000000000000000e+01
4.420000000000000000000000000000e+02 2.000000000000000000000000000000e+00 4.000000000000000000000000000000e+00 4.900000000000000000000000000000e+01
4.430000000000000000000000000000e+02 7.000000000000000000000000000000e+00 4.900000000000000000000000000000e+01 5.000000000000000000000000000000e+01
4.490000000000000000000000000000e+02 1.000000000000000000000000000000e+01 1.000000000000000000000000000000e+02 5.100000000000000000000000000000e+01
4.550000000000000000000000000000e+02 2.300000000000000000000000000000e+01 5.290000000000000000000000000000e+02 5.200000000000000000000000000000e+01
4.740000000000000000000000000000e+02 4.000000000000000000000000000000e+00 1.600000000000000000000000000000e+01 5.300000000000000000000000000000e+01
4.900000000000000000000000000000e+02 5.000000000000000000000000000000e+00 2.500000000000000000000000000000e+01 5.400000000000000000000000000000e+01
5.080000000000000000000000000000e+02 4.000000000000000000000000000000e+00 1.600000000000000000000000000000e+01 5.500000000000000000000000000000e+01
5.110000000000000000000000000000e+02 3.000000000000000000000000000000e+00 9.000000000000000000000000000000e+00 5.600000000000000000000000000000e+01
5.130000000000000000000000000000e+02 7.000000000000000000000000000000e+00 4.900000000000000000000000000000e+01 5.700000000000000000000000000000e+01
5.320000000000000000000000000000e+02 5.000000000000000000000000000000e+00 2.500000000000000000000000000000e+01 5.800000000000000000000000000000e+01
5.460000000000000000000000000000e+02 6.000000000000000000000000000000e+00 3.600000000000000000000000000000e+01 5.900000000000000000000000000000e+01
5.610000000000000000000000000000e+02 4.000000000000000000000000000000e+00 1.600000000000000000000000000000e+01 6.000000000000000000000000000000e+01
5.760000000000000000000000000000e+02 6.000000000000000000000000000000e+00 3.600000000000000000000000000000e+01 6.100000000000000000000000000000e+01
6.020000000000000000000000000000e+02 1.400000000000000000000000000000e+01 1.960000000000000000000000000000e+02 6.200000000000000000000000000000e+01
6.240000000000000000000000000000e+02 1.000000000000000000000000000000e+01 1.000000000000000000000000000000e+02 6.300000000000000000000000000000e+01
6.390000000000000000000000000000e+02 9.000000000000000000000000000000e+00 8.100000000000000000000000000000e+01 6.400000000000000000000000000000e+01
6.560000000000000000000000000000e+02 5.000000000000000000000000000000e+00 2.500000000000000000000000000000e+01 6.500000000000000000000000000000e+01
6.570000000000000000000000000000e+02 9.000000000000000000000000000000e+00 8.100000000000000000000000000000e+01 6.600000000000000000000000000000e+01
6.860000000000000000000000000000e+02 3.000000000000000000000000000000e+00 9.000000000000000000000000000000e+00 6.700000000000000000000000000000e+01
6.970000000000000000000000000000e+02 3.000000000000000000000000000000e+00 9.000000000000000000000000000000e+00 6.800000000000000000000000000000e+01
7.010000000000000000000000000000e+02 2.000000000000000000000000000000e+00 4.000000000000000000000000000000e+00 6.900000000000000000000000000000e+01
7.070000000000000000000000000000e+02 8.000000000000000000000000000000e+00 6.400000000000000000000000000000e+01 7.000000000000000000000000000000e+01
7.160000000000000000000000000000e+02 1.000000000000000000000000000000e+00 1.000000000000000000000000000000e+00 7.100000000000000000000000000000e+01
7.350000000000000000000000000000e+02 3.000000000000000000000000000000e+00 9.000000000000000000000000000000e+00 7.200000000000000000000000000000e+01
7.400000000000000000000000000000e+02 3.000000000000000000000000000000e+00 9.000000000000000000000000000000e+00 7.300000000000000000000000000000e+01
7.410000000000000000000000000000e+02 4.600000000000000000000000000000e+01 2.116000000000000000000000000000e+03 7.400000000000000000000000000000e+01
7.430000000000000000000000000000e+02 1.800000000000000000000000000000e+01 3.240000000000000000000000000000e+02 7.500000000000000000000000000000e+01
7.560000000000000000000000000000e+02 1.000000000000000000000000000000e+00 1.000000000000000000000000000000e+00 7.600000000000000000000000000000e+01
7.590000000000000000000000000000e+02 1.000000000000000000000000000000e+00 1.000000000000000000000000000000e+00 7.700000000000000000000000000000e+01
7.630000000000000000000000000000e+02 1.000000000000000000000000000000e+00 1.000000000000000000000000000000e+00 7.800000000000000000000000000000e+01
7.670000000000000000000000000000e+02 1.400000000000000000000000000000e+01 1.960000000000000000000000000000e+02 7.900000000000000000000000000000e+01
7.710000000000000000000000000000e+02 6.000000000000000000000000000000e+00 3.600000000000000000000000000000e+01 8.000000000000000000000000000000e+01
7.760000000000000000000000000000e+02 7.000000000000000000000000000000e+00 4.900000000000000000000000000000e+01 8.100000000000000000000000000000e+01
7.770000000000000000000000000000e+02 1.000000000000000000000000000000e+00 1.000000000000000000000000000000e+00 8.200000000000000000000000000000e+01
7.850000000000000000000000000000e+02 2.000000000000000000000000000000e+00 4.000000000000000000000000000000e+00 8.300000000000000000000000000000e+01
7.890000000000000000000000000000e+02 2.000000000000000000000000000000e+00 4.000000000000000000000000000000e+00 8.400000000000000000000000000000e+01
7.990000000000000000000000000000e+02 2.200000000000000000000000000000e+01 4.840000000000000000000000000000e+02 8.500000000000000000000000000000e+01
8.250000000000000000000000000000e+02 3.500000000000000000000000000000e+01 1.225000000000000000000000000000e+03 8.600000000000000000000000000000e+01
8.330000000000000000000000000000e+02 1.100000000000000000000000000000e+01 1.210000000000000000000000000000e+02 8.700000000000000000000000000000e+01
8.390000000000000000000000000000e+02 2.000000000000000000000000000000e+00 4.000000000000000000000000000000e+00 8.800000000000000000000000000000e+01
8.430000000000000000000000000000e+02 7.000000000000000000000000000000e+00 4.900000000000000000000000000000e+01 8.900000000000000000000000000000e+01
8.470000000000000000000000000000e+02 1.000000000000000000000000000000e+01 1.000000000000000000000000000000e+02 9.000000000000000000000000000000e+01
8.640000000000000000000000000000e+02 3.000000000000000000000000000000e+00 9.000000000000000000000000000000e+00 9.100000000000000000000000000000e+01
8.650000000000000000000000000000e+02 1.000000000000000000000000000000e+00 1.000000000000000000000000000000e+00 9.200000000000000000000000000000e+01
8.690000000000000000000000000000e+02 1.700000000000000000000000000000e+01 2.890000000000000000000000000000e+02 9.300000000000000000000000000000e+01
8.710000000000000000000000000000e+02 6.000000000000000000000000000000e+00 3.600000000000000000000000000000e+01 9.400000000000000000000000000000e+01
8.860000000000000000000000000000e+02 1.200000000000000000000000000000e+01 1.440000000000000000000000000000e+02 9.500000000000000000000000000000e+01
8.900000000000000000000000000000e+02 7.000000000000000000000000000000e+00 4.900000000000000000000000000000e+01 9.600000000000000000000000000000e+01
8.950000000000000000000000000000e+02 3.000000000000000000000000000000e+01 9.000000000000000000000000000000e+02 9.700000000000000000000000000000e+01
9.040000000000000000000000000000e+02 7.000000000000000000000000000000e+00 4.900000000000000000000000000000e+01 9.800000000000000000000000000000e+01
9.050000000000000000000000000000e+02 5.000000000000000000000000000000e+00 2.500000000000000000000000000000e+01 9.900000000000000000000000000000e+01
9.100000000000000000000000000000e+02 1.700000000000000000000000000000e+01 2.890000000000000000000000000000e+02 1.000000000000000000000000000000e+02
9.130000000000000000000000000000e+02 1.400000000000000000000000000000e+01 1.960000000000000000000000000000e+02 1.010000000000000000000000000000e+02
9.170000000000000000000000000000e+02 1.100000000000000000000000000000e+01 1.210000000000000000000000000000e+02 1.020000000000000000000000000000e+02
9.240000000000000000000000000000e+02 1.200000000000000000000000000000e+01 1.440000000000000000000000000000e+02 1.030000000000000000000000000000e+02
9.290000000000000000000000000000e+02 3.000000000000000000000000000000e+00 9.000000000000000000000000000000e+00 1.040000000000000000000000000000e+02
9.440000000000000000000000000000e+02 6.000000000000000000000000000000e+00 3.600000000000000000000000000000e+01 1.050000000000000000000000000000e+02
9.560000000000000000000000000000e+02 1.000000000000000000000000000000e+00 1.000000000000000000000000000000e+00 1.060000000000000000000000000000e+02
9.840000000000000000000000000000e+02 6.000000000000000000000000000000e+00 3.600000000000000000000000000000e+01 1.070000000000000000000000000000e+02
1.004000000000000000000000000000e+03 4.300000000000000000000000000000e+01 1.849000000000000000000000000000e+03 1.080000000000000000000000000000e+02
1.016000000000000000000000000000e+03 3.000000000000000000000000000000e+00 9.000000000000000000000000000000e+00 1.090000000000000000000000000000e+02
1.017000000000000000000000000000e+03 1.100000000000000000000000000000e+01 1.210000000000000000000000000000e+02 1.100000000000000000000000000000e+02
1.026000000000000000000000000000e+03 8.000000000000000000000000000000e+00 6.400000000000000000000000000000e+01 1.110000000000000000000000000000e+02
1.027000000000000000000000000000e+03 1.000000000000000000000000000000e+00 1.000000000000000000000000000000e+00 1.120000000000000000000000000000e+02
1.031000000000000000000000000000e+03 1.000000000000000000000000000000e+00 1.000000000000000000000000000000e+00 1.130000000000000000000000000000e+02
1.041000000000000000000000000000e+03 2.000000000000000000000000000000e+00 4.000000000000000000000000000000e+00 1.140000000000000000000000000000e+02
1.042000000000000000000000000000e+03 1.000000000000000000000000000000e+00 1.000000000000000000000000000000e+00 1.150000000000000000000000000000e+02
1.052000000000000000000000000000e+03 2.300000000000000000000000000000e+01 5.290000000000000000000000000000e+02 1.160000000000000000000000000000e+02
1.082000000000000000000000000000e+03 1.300000000000000000000000000000e+01 1.690000000000000000000000000000e+02 1.170000000000000000000000000000e+02
1.098000000000000000000000000000e+03 7.000000000000000000000000000000e+00 4.900000000000000000000000000000e+01 1.180000000000000000000000000000e+02
1.101000000000000000000000000000e+03 2.000000000000000000000000000000e+00 4.000000000000000000000000000000e+00 1.190000000000000000000000000000e+02
1.104000000000000000000000000000e+03 4.000000000000000000000000000000e+00 1.600000000000000000000000000000e+01 1.200000000000000000000000000000e+02
1.105000000000000000000000000000e+03 5.000000000000000000000000000000e+00 2.500000000000000000000000000000e+01 1.210000000000000000000000000000e+02
1.106000000000000000000000000000e+03 1.400000000000000000000000000000e+01 1.960000000000000000000000000000e+02 1.220000000000000000000000000000e+02
1.109000000000000000000000000000e+03 7.000000000000000000000000000000e+00 4.900000000000000000000000000000e+01 1.230000000000000000000000000000e+02
1.118000000000000000000000000000e+03 1.400000000000000000000000000000e+01 1.960000000000000000000000000000e+02 1.240000000000000000000000000000e+02
1.121000000000000000000000000000e+03 1.200000000000000000000000000000e+01 1.440000000000000000000000000000e+02 1.250000000000000000000000000000e+02
1.133000000000000000000000000000e+03 2.000000000000000000000000000000e+00 4.000000000000000000000000000000e+00 1.260000000000000000000000000000e+02
1.137000000000000000000000000000e+03 9.000000000000000000000000000000e+00 8.100000000000000000000000000000e+01 1.270000000000000000000000000000e+02
1.155000000000000000000000000000e+03 5.000000000000000000000000000000e+00 2.500000000000000000000000000000e+01 1.280000000000000000000000000000e+02
1.156000000000000000000000000000e+03 1.000000000000000000000000000000e+01 1.000000000000000000000000000000e+02 1.290000000000000000000000000000e+02
1.167000000000000000000000000000e+03 8.000000000000000000000000000000e+00 6.400000000000000000000000000000e+01 1.300000000000000000000000000000e+02
1.168000000000000000000000000000e+03 4.000000000000000000000000000000e+01 1.600000000000000000000000000000e+03 1.310000000000000000000000000000e+02
1.173000000000000000000000000000e+03 3.000000000000000000000000000000e+00 9.000000000000000000000000000000e+00 1.320000000000000000000000000000e+02
1.188000000000000000000000000000e+03 1.500000000000000000000000000000e+01 2.250000000000000000000000000000e+02 1.330000000000000000000000000000e+02
1.189000000000000000000000000000e+03 4.000000000000000000000000000000e+00 1.600000000000000000000000000000e+01 1.340000000000000000000000000000e+02
1.192000000000000000000000000000e+03 3.000000000000000000000000000000e+00 9.000000000000000000000000000000e+00 1.350000000000000000000000000000e+02
1.221000000000000000000000000000e+03 1.000000000000000000000000000000e+00 1.000000000000000000000000000000e+00 1.360000000000000000000000000000e+02
1.232000000000000000000000000000e+03 1.800000000000000000000000000000e+01 3.240000000000000000000000000000e+02 1.370000000000000000000000000000e+02
1.255000000000000000000000000000e+03 4.000000000000000000000000000000e+00 1.600000000000000000000000000000e+01 1.380000000000000000000000000000e+02
1.279000000000000000000000000000e+03 3.500000000000000000000000000000e+01 1.225000000000000000000000000000e+03 1.390000000000000000000000000000e+02
1.285000000000000000000000000000e+03 2.000000000000000000000000000000e+00 4.000000000000000000000000000000e+00 1.400000000000000000000000000000e+02
1.286000000000000000000000000000e+03 9.000000000000000000000000000000e+00 8.100000000000000000000000000000e+01 1.410000000000000000000000000000e+02
1.293000000000000000000000000000e+03 1.100000000000000000000000000000e+01 1.210000000000000000000000000000e+02 1.420000000000000000000000000000e+02
1.296000000000000000000000000000e+03 6.000000000000000000000000000000e+00 3.600000000000000000000000000000e+01 1.430000000000000000000000000000e+02
1.297000000000000000000000000000e+03 9.000000000000000000000000000000e+00 8.100000000000000000000000000000e+01 1.440000000000000000000000000000e+02
1.300000000000000000000000000000e+03 6.000000000000000000000000000000e+00 3.600000000000000000000000000000e+01 1.450000000000000000000000000000e+02
1.304000000000000000000000000000e+03 2.900000000000000000000000000000e+01 8.410000000000000000000000000000e+02 1.460000000000000000000000000000e+02
1.309000000000000000000000000000e+03 9.000000000000000000000000000000e+00 8.100000000000000000000000000000e+01 1.470000000000000000000000000000e+02
1.311000000000000000000000000000e+03 1.600000000000000000000000000000e+01 2.560000000000000000000000000000e+02 1.480000000000000000000000000000e+02
1.325000000000000000000000000000e+03 2.300000000000000000000000000000e+01 5.290000000000000000000000000000e+02 1.490000000000000000000000000000e+02
1.327000000000000000000000000000e+03 1.000000000000000000000000000000e+00 1.000000000000000000000000000000e+00 1.500000000000000000000000000000e+02
1.337000000000000000000000000000e+03 3.900000000000000000000000000000e+01 1.521000000000000000000000000000e+03 1.510000000000000000000000000000e+02
1.341000000000000000000000000000e+03 1.600000000000000000000000000000e+01 2.560000000000000000000000000000e+02 1.520000000000000000000000000000e+02
1.352000000000000000000000000000e+03 1.000000000000000000000000000000e+00 1.000000000000000000000000000000e+00 1.530000000000000000000000000000e+02
1.357000000000000000000000000000e+03 1.400000000000000000000000000000e+01 1.960000000000000000000000000000e+02 1.540000000000000000000000000000e+02
1.366000000000000000000000000000e+03 1.200000000000000000000000000000e+01 1.440000000000000000000000000000e+02 1.550000000000000000000000000000e+02
1.374000000000000000000000000000e+03 4.000000000000000000000000000000e+00 1.600000000000000000000000000000e+01 1.560000000000000000000000000000e+02
1.406000000000000000000000000000e+03 1.000000000000000000000000000000e+00 1.000000000000000000000000000000e+00 1.570000000000000000000000000000e+02
1.413000000000000000000000000000e+03 7.000000000000000000000000000000e+00 4.900000000000000000000000000000e+01 1.580000000000000000000000000000e+02
1.431000000000000000000000000000e+03 8.000000000000000000000000000000e+00 6.400000000000000000000000000000e+01 1.590000000000000000000000000000e+02
1.445000000000000000000000000000e+03 6.000000000000000000000000000000e+00 3.600000000000000000000000000000e+01 1.600000000000000000000000000000e+02
1.450000000000000000000000000000e+03 4.000000000000000000000000000000e+00 1.600000000000000000000000000000e+01 1.610000000000000000000000000000e+02
1.464000000000000000000000000000e+03 1.000000000000000000000000000000e+00 1.000000000000000000000000000000e+00 1.620000000000000000000000000000e+02
1.469000000000000000000000000000e+03 4.000000000000000000000000000000e+00 1.600000000000000000000000000000e+01 1.630000000000000000000000000000e+02
1.501000000000000000000000000000e+03 3.000000000000000000000000000000e+00 9.000000000000000000000000000000e+00 1.640000000000000000000000000000e+02
1.512000000000000000000000000000e+03 5.000000000000000000000000000000e+00 2.500000000000000000000000000000e+01 1.650000000000000000000000000000e+02
1.515000000000000000000000000000e+03 2.000000000000000000000000000000e+00 4.000000000000000000000000000000e+00 1.660000000000000000000000000000e+02
1.517000000000000000000000000000e+03 1.000000000000000000000000000000e+00 1.000000000000000000000000000000e+00 1.670000000000000000000000000000e+02
1.533000000000000000000000000000e+03 1.500000000000000000000000000000e+01 2.250000000000000000000000000000e+02 1.680000000000000000000000000000e+02
1.535000000000000000000000000000e+03 3.000000000000000000000000000000e+00 9.000000000000000000000000000000e+00 1.690000000000000000000000000000e+02
1.541000000000000000000000000000e+03 3.000000000000000000000000000000e+00 9.000000000000000000000000000000e+00 1.700000000000000000000000000000e+02
1.574000000000000000000000000000e+03 5.000000000000000000000000000000e+00 2.500000000000000000000000000000e+01 1.710000000000000000000000000000e+02
1.581000000000000000000000000000e+03 2.200000000000000000000000000000e+01 4.840000000000000000000000000000e+02 1.720000000000000000000000000000e+02
1.605000000000000000000000000000e+03 2.000000000000000000000000000000e+00 4.000000000000000000000000000000e+00 1.730000000000000000000000000000e+02
1.609000000000000000000000000000e+03 4.000000000000000000000000000000e+00 1.600000000000000000000000000000e+01 1.740000000000000000000000000000e+02
1.616000000000000000000000000000e+03 1.900000000000000000000000000000e+01 3.610000000000000000000000000000e+02 1.750000000000000000000000000000e+02
1.627000000000000000000000000000e+03 1.100000000000000000000000000000e+01 1.210000000000000000000000000000e+02 1.760000000000000000000000000000e+02
1.630000000000000000000000000000e+03 3.000000000000000000000000000000e+00 9.000000000000000000000000000000e+00 1.770000000000000000000000000000e+02
1.637000000000000000000000000000e+03 1.300000000000000000000000000000e+01 1.690000000000000000000000000000e+02 1.780000000000000000000000000000e+02
1.651000000000000000000000000000e+03 4.000000000000000000000000000000e+00 1.600000000000000000000000000000e+01 1.790000000000000000000000000000e+02
1.653000000000000000000000000000e+03 3.000000000000000000000000000000e+01 9.000000000000000000000000000000e+02 1.800000000000000000000000000000e+02
1.659000000000000000000000000000e+03 5.000000000000000000000000000000e+00 2.500000000000000000000000000000e+01 1.810000000000000000000000000000e+02
1.685000000000000000000000000000e+03 3.600000000000000000000000000000e+01 1.296000000000000000000000000000e+03 1.820000000000000000000000000000e+02
1.691000000000000000000000000000e+03 5.000000000000000000000000000000e+00 2.500000000000000000000000000000e+01 1.830000000000000000000000000000e+02
1.697000000000000000000000000000e+03 3.000000000000000000000000000000e+00 9.000000000000000000000000000000e+00 1.840000000000000000000000000000e+02
1.704000000000000000000000000000e+03 4.000000000000000000000000000000e+00 1.600000000000000000000000000000e+01 1.850000000000000000000000000000e+02
1.708000000000000000000000000000e+03 2.100000000000000000000000000000e+01 4.410000000000000000000000000000e+02 1.860000000000000000000000000000e+02
1.711000000000000000000000000000e+03 6.000000000000000000000000000000e+00 3.600000000000000000000000000000e+01 1.870000000000000000000000000000e+02
1.715000000000000000000000000000e+03 1.200000000000000000000000000000e+01 1.440000000000000000000000000000e+02 1.880000000000000000000000000000e+02
1.727000000000000000000000000000e+03 7.000000000000000000000000000000e+00 4.900000000000000000000000000000e+01 1.890000000000000000000000000000e+02
1.750000000000000000000000000000e+03 1.600000000000000000000000000000e+01 2.560000000000000000000000000000e+02 1.900000000000000000000000000000e+02
1.759000000000000000000000000000e+03 3.000000000000000000000000000000e+00 9.000000000000000000000000000000e+00 1.910000000000000000000000000000e+02
1.774000000000000000000000000000e+03 1.000000000000000000000000000000e+00 1.000000000000000000000000000000e+00 1.920000000000000000000000000000e+02
1.792000000000000000000000000000e+03 7.000000000000000000000000000000e+00 4.900000000000000000000000000000e+01 1.930000000000000000000000000000e+02
1.805000000000000000000000000000e+03 2.000000000000000000000000000000e+00 4.000000000000000000000000000000e+00 1.940000000000000000000000000000e+02
1.823000000000000000000000000000e+03 6.000000000000000000000000000000e+00 3.600000000000000000000000000000e+01 1.950000000000000000000000000000e+02
1.829000000000000000000000000000e+03 1.200000000000000000000000000000e+01 1.440000000000000000000000000000e+02 1.960000000000000000000000000000e+02
1.836000000000000000000000000000e+03 4.000000000000000000000000000000e+00 1.600000000000000000000000000000e+01 1.970000000000000000000000000000e+02
1.846000000000000000000000000000e+03 2.000000000000000000000000000000e+00 4.000000000000000000000000000000e+00 1.980000000000000000000000000000e+02
1.848000000000000000000000000000e+03 1.000000000000000000000000000000e+00 1.000000000000000000000000000000e+00 1.990000000000000000000000000000e+02
1.855000000000000000000000000000e+03 1.700000000000000000000000000000e+01 2.890000000000000000000000000000e+02 2.000000000000000000000000000000e+02
1.857000000000000000000000000000e+03 7.000000000000000000000000000000e+00 4.900000000000000000000000000000e+01 2.010000000000000000000000000000e+02
1.864000000000000000000000000000e+03 1.300000000000000000000000000000e+01 1.690000000000000000000000000000e+02 2.020000000000000000000000000000e+02
1.867000000000000000000000000000e+03 1.500000000000000000000000000000e+01 2.250000000000000000000000000000e+02 2.030000000000000000000000000000e+02
1.869000000000000000000000000000e+03 1.100000000000000000000000000000e+01 1.210000000000000000000000000000e+02 2.040000000000000000000000000000e+02
1.873000000000000000000000000000e+03 7.000000000000000000000000000000e+00 4.900000000000000000000000000000e+01 2.050000000000000000000000000000e+02
1.894000000000000000000000000000e+03 1.800000000000000000000000000000e+01 3.240000000000000000000000000000e+02 2.060000000000000000000000000000e+02
1.903000000000000000000000000000e+03 6.000000000000000000000000000000e+00 3.600000000000000000000000000000e+01 2.070000000000000000000000000000e+02
1.908000000000000000000000000000e+03 2.500000000000000000000000000000e+01 6.250000000000000000000000000000e+02 2.080000000000000000000000000000e+02
1.920000000000000000000000000000e+03 5.000000000000000000000000000000e+00 2.500000000000000000000000000000e+01 2.090000000000000000000000000000e+02
1.922000000000000000000000000000e+03 4.000000000000000000000000000000e+00 1.600000000000000000000000000000e+01 2.100000000000000000000000000000e+02
1.937000000000000000000000000000e+03 1.100000000000000000000000000000e+01 1.210000000000000000000000000000e+02 2.110000000000000000000000000000e+02
1.949000000000000000000000000000e+03 1.300000000000000000000000000000e+01 1.690000000000000000000000000000e+02 2.120000000000000000000000000000e+02
1.973000000000000000000000000000e+03 1.900000000000000000000000000000e+01 3.610000000000000000000000000000e+02 2.130000000000000000000000000000e+02
1.976000000000000000000000000000e+03 2.000000000000000000000000000000e+00 4.000000000000000000000000000000e+00 2.140000000000000000000000000000e+02
1.994000000000000000000000000000e+03 2.100000000000000000000000000000e+01 4.410000000000000000000000000000e+02 2.150000000000000000000000000000e+02
2.020000000000000000000000000000e+03 1.000000000000000000000000000000e+01 1.000000000000000000000000000000e+02 2.160000000000000000000000000000e+02
2.026000000000000000000000000000e+03 7.000000000000000000000000000000e+00 4.900000000000000000000000000000e+01 2.170000000000000000000000000000e+02
2.044000000000000000000000000000e+03 1.000000000000000000000000000000e+00 1.000000000000000000000000000000e+00 2.180000000000000000000000000000e+02
2.056000000000000000000000000000e+03 8.000000000000000000000000000000e+00 6.400000000000000000000000000000e+01 2.190000000000000000000000000000e+02
2.076000000000000000000000000000e+03 4.000000000000000000000000000000e+00 1.600000000000000000000000000000e+01 2.200000000000000000000000000000e+02
2.083000000000000000000000000000e+03 6.000000000000000000000000000000e+00 3.600000000000000000000000000000e+01 2.210000000000000000000000000000e+02
2.087000000000000000000000000000e+03 3.000000000000000000000000000000e+00 9.000000000000000000000000000000e+00 2.220000000000000000000000000000e+02
2.095000000000000000000000000000e+03 3.000000000000000000000000000000e+00 9.000000000000000000000000000000e+00 2.230000000000000000000000000000e+02
2.105000000000000000000000000000e+03 1.300000000000000000000000000000e+01 1.690000000000000000000000000000e+02 2.240000000000000000000000000000e+02
2.106000000000000000000000000000e+03 1.000000000000000000000000000000e+00 1.000000000000000000000000000000e+00 2.250000000000000000000000000000e+02
2.126000000000000000000000000000e+03 2.000000000000000000000000000000e+00 4.000000000000000000000000000000e+00 2.260000000000000000000000000000e+02
2.142000000000000000000000000000e+03 2.800000000000000000000000000000e+01 7.840000000000000000000000000000e+02 2.270000000000000000000000000000e+02
2.164000000000000000000000000000e+03 4.000000000000000000000000000000e+01 1.600000000000000000000000000000e+03 2.280000000000000000000000000000e+02
2.172000000000000000000000000000e+03 1.000000000000000000000000000000e+00 1.000000000000000000000000000000e+00 2.290000000000000000000000000000e+02
2.174000000000000000000000000000e+03 2.000000000000000000000000000000e+00 4.000000000000000000000000000000e+00 2.300000000000000000000000000000e+02
2.197000000000000000000000000000e+03 7.000000000000000000000000000000e+00 4.900000000000000000000000000000e+01 2.310000000000000000000000000000e+02
2.202000000000000000000000000000e+03 1.300000000000000000000000000000e+01 1.690000000000000000000000000000e+02 2.320000000000000000000000000000e+02
2.245000000000000000000000000000e+03 1.000000000000000000000000000000e+00 1.000000000000000000000000000000e+00 2.330000000000000000000000000000e+02
2.251000000000000000000000000000e+03 3.500000000000000000000000000000e+01 1.225000000000000000000000000000e+03 2.340000000000000000000000000000e+02
2.259000000000000000000000000000e+03 3.000000000000000000000000000000e+00 9.000000000000000000000000000000e+00 2.350000000000000000000000000000e+02
2.265000000000000000000000000000e+03 1.100000000000000000000000000000e+01 1.210000000000000000000000000000e+02 2.360000000000000000000000000000e+02
2.277000000000000000000000000000e+03 1.200000000000000000000000000000e+01 1.440000000000000000000000000000e+02 2.370000000000000000000000000000e+02
2.295000000000000000000000000000e+03 1.300000000000000000000000000000e+01 1.690000000000000000000000000000e+02 2.380000000000000000000000000000e+02
2.309000000000000000000000000000e+03 1.000000000000000000000000000000e+01 1.000000000000000000000000000000e+02 2.390000000000000000000000000000e+02
2.316000000000000000000000000000e+03 3.000000000000000000000000000000e+00 9.000000000000000000000000000000e+00 2.400000000000000000000000000000e+02
2.328000000000000000000000000000e+03 1.200000000000000000000000000000e+01 1.440000000000000000000000000000e+02 2.410000000000000000000000000000e+02
2.333000000000000000000000000000e+03 9.000000000000000000000000000000e+00 8.100000000000000000000000000000e+01 2.420000000000000000000000000000e+02
2.378000000000000000000000000000e+03 5.000000000000000000000000000000e+00 2.500000000000000000000000000000e+01 2.430000000000000000000000000000e+02
2.382000000000000000000000000000e+03 1.100000000000000000000000000000e+01 1.210000000000000000000000000000e+02 2.440000000000000000000000000000e+02
2.415000000000000000000000000000e+03 1.000000000000000000000000000000e+01 1.000000000000000000000000000000e+02 2.450000000000000000000000000000e+02
2.422000000000000000000000000000e+03 2.000000000000000000000000000000e+00 4.000000000000000000000000000000e+00 2.460000000000000000000000000000e+02
2.433000000000000000000000000000e+03 2.000000000000000000000000000000e+00 4.000000000000000000000000000000e+00 2.470000000000000000000000000000e+02
2.440000000000000000000000000000e+03 7.000000000000000000000000000000e+00 4.900000000000000000000000000000e+01 2.480000000000000000000000000000e+02
2.442000000000000000000000000000e+03 1.300000000000000000000000000000e+01 1.690000000000000000000000000000e+02 2.490000000000000000000000000000e+02
2.444000000000000000000000000000e+03 1.000000000000000000000000000000e+01 1.000000000000000000000000000000e+02 2.500000000000000000000000000000e+02
2.449000000000000000000000000000e+03 3.400000000000000000000000000000e+01 1.156000000000000000000000000000e+03 2.510000000000000000000000000000e+02
2.463000000000000000000000000000e+03 2.800000000000000000000000000000e+01 7.840000000000000000000000000000e+02 2.520000000000000000000000000000e+02
2.473000000000000000000000000000e+03 1.200000000000000000000000000000e+01 1.440000000000000000000000000000e+02 2.530000000000000000000000000000e+02
2.503000000000000000000000000000e+03 6.000000000000000000000000000000e+00 3.600000000000000000000000000000e+01 2.540000000000000000000000000000e+02
2.540000000000000000000000000000e+03 5.000000000000000000000000000000e+00 2.500000000000000000000000000000e+01 2.550000000000000000000000000000e+02
2.552000000000000000000000000000e+03 7.000000000000000000000000000000e+00 4.900000000000000000000000000000e+01 2.560000000000000000000000000000e+02
2.553000000000000000000000000000e+03 2.500000000000000000000000000000e+01 6.250000000000000000000000000000e+02 2.570000000000000000000000000000e+02
2.558000000000000000000000000000e+03 3.000000000000000000000000000000e+00 9.000000000000000000000000000000e+00 2.580000000000000000000000000000e+02
2.561000000000000000000000000000e+03 2.400000000000000000000000000000e+01 5.760000000000000000000000000000e+02 2.590000000000000000000000000000e+02
2.567000000000000000000000000000e+03 1.000000000000000000000000000000e+00 1.000000000000000000000000000000e+00 2.600000000000000000000000000000e+02
2.572000000000000000000000000000e+03 5.000000000000000000000000000000e+00 2.500000000000000000000000000000e+01 2.610000000000000000000000000000e+02
2.590000000000000000000000000000e+03 3.200000000000000000000000000000e+01 1.024000000000000000000000000000e+03 2.620000000000000000000000000000e+02
2.607000000000000000000000000000e+03 2.500000000000000000000000000000e+01 6.250000000000000000000000000000e+02 2.630000000000000000000000000000e+02
2.615000000000000000000000000000e+03 2.800000000000000000000000000000e+01 7.840000000000000000000000000000e+02 2.640000000000000000000000000000e+02
2.622000000000000000000000000000e+03 6.000000000000000000000000000000e+00 3.600000000000000000000000000000e+01 2.650000000000000000000000000000e+02
2.631000000000000000000000000000e+03 1.600000000000000000000000000000e+01 2.560000000000000000000000000000e+02 2.660000000000000000000000000000e+02
2.632000000000000000000000000000e+03 9.000000000000000000000000000000e+00 8.100000000000000000000000000000e+01 2.670000000000000000000000000000e+02
2.655000000000000000000000000000e+03 1.300000000000000000000000000000e+01 1.690000000000000000000000000000e+02 2.680000000000000000000000000000e+02
2.660000000000000000000000000000e+03 1.100000000000000000000000000000e+01 1.210000000000000000000000000000e+02 2.690000000000000000000000000000e+02
2.661000000000000000000000000000e+03 1.800000000000000000000000000000e+01 3.240000000000000000000000000000e+02 2.700000000000000000000000000000e+02
2.676000000000000000000000000000e+03 1.800000000000000000000000000000e+01 3.240000000000000000000000000000e+02 2.710000000000000000000000000000e+02
2.684000000000000000000000000000e+03 3.000000000000000000000000000000e+00 9.000000000000000000000000000000e+00 2.720000000000000000000000000000e+02
2.692000000000000000000000000000e+03 1.000000000000000000000000000000e+00 1.000000000000000000000000000000e+00 2.730000000000000000000000000000e+02
2.694000000000000000000000000000e+03 7.000000000000000000000000000000e+00 4.900000000000000000000000000000e+01 2.740000000000000000000000000000e+02
2.703000000000000000000000000000e+03 2.000000000000000000000000000000e+00 4.000000000000000000000000000000e+00 2.750000000000000000000000000000e+02
2.711000000000000000000000000000e+03 2.000000000000000000000000000000e+01 4.000000000000000000000000000000e+02 2.760000000000000000000000000000e+02
2.749000000000000000000000000000e+03 5.000000000000000000000000000000e+00 2.500000000000000000000000000000e+01 2.770000000000000000000000000000e+02
2.769000000000000000000000000000e+03 9.000000000000000000000000000000e+00 8.100000000000000000000000000000e+01 2.780000000000000000000000000000e+02
2.772000000000000000000000000000e+03 5.000000000000000000000000000000e+00 2.500000000000000000000000000000e+01 2.790000000000000000000000000000e+02
2.791000000000000000000000000000e+03 2.200000000000000000000000000000e+01 4.840000000000000000000000000000e+02 2.800000000000000000000000000000e+02
2.809000000000000000000000000000e+03 1.000000000000000000000000000000e+00 1.000000000000000000000000000000e+00 2.810000000000000000000000000000e+02
2.812000000000000000000000000000e+03 3.000000000000000000000000000000e+00 9.000000000000000000000000000000e+00 2.820000000000000000000000000000e+02
2.822000000000000000000000000000e+03 2.200000000000000000000000000000e+01 4.840000000000000000000000000000e+02 2.830000000000000000000000000000e+02
2.824000000000000000000000000000e+03 4.000000000000000000000000000000e+00 1.600000000000000000000000000000e+01 2.840000000000000000000000000000e+02
2.835000000000000000000000000000e+03 2.000000000000000000000000000000e+00 4.000000000000000000000000000000e+00 2.850000000000000000000000000000e+02
2.842000000000000000000000000000e+03 7.000000000000000000000000000000e+00 4.900000000000000000000000000000e+01 2.860000000000000000000000000000e+02
2.851000000000000000000000000000e+03 1.000000000000000000000000000000e+00 1.000000000000000000000000000000e+00 2.870000000000000000000000000000e+02
2.856000000000000000000000000000e+03 3.000000000000000000000000000000e+00 9.000000000000000000000000000000e+00 2.880000000000000000000000000000e+02
2.884000000000000000000000000000e+03 4.000000000000000000000000000000e+00 1.600000000000000000000000000000e+01 2.890000000000000000000000000000e+02
2.892000000000000000000000000000e+03 8.000000000000000000000000000000e+00 6.400000000000000000000000000000e+01 2.900000000000000000000000000000e+02
2.902000000000000000000000000000e+03 1.100000000000000000000000000000e+01 1.210000000000000000000000000000e+02 2.910000000000000000000000000000e+02
2.911000000000000000000000000000e+03 1.200000000000000000000000000000e+01 1.440000000000000000000000000000e+02 2.920000000000000000000000000000e+02
2.912000000000000000000000000000e+03 2.000000000000000000000000000000e+01 4.000000000000000000000000000000e+02 2.930000000000000000000000000000e+02
2.934000000000000000000000000000e+03 5.400000000000000000000000000000e+01 2.916000000000000000000000000000e+03 2.940000000000000000000000000000e+02
2.938000000000000000000000000000e+03 1.400000000000000000000000000000e+01 1.960000000000000000000000000000e+02 2.950000000000000000000000000000e+02
2.962000000000000000000000000000e+03 2.500000000000000000000000000000e+01 6.250000000000000000000000000000e+02 2.960000000000000000000000000000e+02
2.966000000000000000000000000000e+03 6.000000000000000000000000000000e+00 3.600000000000000000000000000000e+01 2.970000000000000000000000000000e+02
2.968000000000000000000000000000e+03 1.200000000000000000000000000000e+01 1.440000000000000000000000000000e+02 2.980000000000000000000000000000e+02
2.969000000000000000000000000000e+03 2.500000000000000000000000000000e+01 6.250000000000000000000000000000e+02 2.990000000000000000000000000000e+02
2.978000000000000000000000000000e+03 2.800000000000000000000000000000e+01 7.840000000000000000000000000000e+02 3.000000000000000000000000000000e+02
2.989000000000000000000000000000e+03 1.000000000000000000000000000000e+00 1.000000000000000000000000000000e+00 3.010000000000000000000000000000e+02
2.998000000000000000000000000000e+03 2.000000000000000000000000000000e+00 4.000000000000000000000000000000e+00 3.020000000000000000000000000000e+02
3.009000000000000000000000000000e+03 1.900000000000000000000000000000e+01 3.610000000000000000000000000000e+02 3.030000000000000000000000000000e+02
3.010000000000000000000000000000e+03 8.000000000000000000000000000000e+00 6.400000000000000000000000000000e+01 3.040000000000000000000000000000e+02
3.022000000000000000000000000000e+03 1.000000000000000000000000000000e+00 1.000000000000000000000000000000e+00 3.050000000000000000000000000000e+02
3.028000000000000000000000000000e+03 3.400000000000000000000000000000e+01 1.156000000000000000000000000000e+03 3.060000000000000000000000000000e+02
3.051000000000000000000000000000e+03 7.000000000000000000000000000000e+00 4.900000000000000000000000000000e+01 3.070000000000000000000000000000e+02
3.061000000000000000000000000000e+03 4.000000000000000000000000000000e+00 1.600000000000000000000000000000e+01 3.080000000000000000000000000000e+02
3.065000000000000000000000000000e+03 9.000000000000000000000000000000e+00 8.100000000000000000000000000000e+01 3.090000000000000000000000000000e+02
3.070000000000000000000000000000e+03 2.800000000000000000000000000000e+01 7.840000000000000000000000000000e+02 3.100000000000000000000000000000e+02
3.074000000000000000000000000000e+03 1.000000000000000000000000000000e+00 1.000000000000000000000000000000e+00 3.110000000000000000000000000000e+02
3.077000000000000000000000000000e+03 2.900000000000000000000000000000e+01 8.410000000000000000000000000000e+02 3.120000000000000000000000000000e+02
3.082000000000000000000000000000e+03 6.000000000000000000000000000000e+00 3.600000000000000000000000000000e+01 3.130000000000000000000000000000e+02
3.109000000000000000000000000000e+03 2.400000000000000000000000000000e+01 5.760000000000000000000000000000e+02 3.140000000000000000000000000000e+02
3.112000000000000000000000000000e+03 4.000000000000000000000000000000e+00 1.600000000000000000000000000000e+01 3.150000000000000000000000000000e+02
3.116000000000000000000000000000e+03 4.700000000000000000000000000000e+01 2.209000000000000000000000000000e+03 3.160000000000000000000000000000e+02
3.119000000000000000000000000000e+03 1.100000000000000000000000000000e+01 1.210000000000000000000000000000e+02 3.170000000000000000000000000000e+02
3.121000000000000000000000000000e+03 6.000000000000000000000000000000e+00 3.600000000000000000000000000000e+01 3.180000000000000000000000000000e+02
3.130000000000000000000000000000e+03 7.000000000000000000000000000000e+00 4.900000000000000000000000000000e+01 3.190000000000000000000000000000e+02
3.140000000000000000000000000000e+03 2.000000000000000000000000000000e+00 4.000000000000000000000000000000e+00 3.200000000000000000000000000000e+02
3.141000000000000000000000000000e+03 7.000000000000000000000000000000e+00 4.900000000000000000000000000000e+01 3.210000000000000000000000000000e+02
3.144000000000000000000000000000e+03 5.000000000000000000000000000000e+00 2.500000000000000000000000000000e+01 3.220000000000000000000000000000e+02
3.170000000000000000000000000000e+03 8.000000000000000000000000000000e+00 6.400000000000000000000000000000e+01 3.230000000000000000000000000000e+02
3.183000000000000000000000000000e+03 6.000000000000000000000000000000e+00 3.600000000000000000000000000000e+01 3.240000000000000000000000000000e+02
3.199000000000000000000000000000e+03 3.000000000000000000000000000000e+00 9.000000000000000000000000000000e+00 3.250000000000000000000000000000e+02
3.219000000000000000000000000000e+03 2.100000000000000000000000000000e+01 4.410000000000000000000000000000e+02 3.260000000000000000000000000000e+02
3.225000000000000000000000000000e+03 6.000000000000000000000000000000e+00 3.600000000000000000000000000000e+01 3.270000000000000000000000000000e+02
3.226000000000000000000000000000e+03 1.900000000000000000000000000000e+01 3.610000000000000000000000000000e+02 3.280000000000000000000000000000e+02
3.229000000000000000000000000000e+03 6.000000000000000000000000000000e+00 3.600000000000000000000000000000e+01 3.290000000000000000000000000000e+02
3.232000000000000000000000000000e+03 2.000000000000000000000000000000e+01 4.000000000000000000000000000000e+02 3.300000000000000000000000000000e+02
3.239000000000000000000000000000e+03 2.900000000000000000000000000000e+01 8.410000000000000000000000000000e+02 3.310000000000000000000000000000e+02
3.245000000000000000000000000000e+03 1.600000000000000000000000000000e+01 2.560000000000000000000000000000e+02 3.320000000000000000000000000000e+02
3.248000000000000000000000000000e+03 1.800000000000000000000000000000e+01 3.240000000000000000000000000000e+02 3.330000000000000000000000000000e+02
3.289000000000000000000000000000e+03 6.000000000000000000000000000000e+00 3.600000000000000000000000000000e+01 3.340000000000000000000000000000e+02
3.309000000000000000000000000000e+03 1.100000000000000000000000000000e+01 1.210000000000000000000000000000e+02 3.350000000000000000000000000000e+02
3.314000000000000000000000000000e+03 3.000000000000000000000000000000e+00 9.000000000000000000000000000000e+00 3.360000000000000000000000000000e+02
3.351000000000000000000000000000e+03 3.400000000000000000000000000000e+01 1.156000000000000000000000000000e+03 3.370000000000000000000000000000e+02
3.354000000000000000000000000000e+03 1.700000000000000000000000000000e+01 2.890000000000000000000000000000e+02 3.380000000000000000000000000000e+02
3.365000000000000000000000000000e+03 1.000000000000000000000000000000e+00 1.000000000000000000000000000000e+00 3.390000000000000000000000000000e+02
3.371000000000000000000000000000e+03 5.000000000000000000000000000000e+00 2.500000000000000000000000000000e+01 3.400000000000000000000000000000e+02
3.375000000000000000000000000000e+03 1.100000000000000000000000000000e+01 1.210000000000000000000000000000e+02 3.410000000000000000000000000000e+02
3.387000000000000000000000000000e+03 2.000000000000000000000000000000e+00 4.000000000000000000000000000000e+00 3.420000000000000000000000000000e+02
3.392000000000000000000000000000e+03 3.000000000000000000000000000000e+01 9.000000000000000000000000000000e+02 3.430000000000000000000000000000e+02
3.395000000000000000000000000000e+03 5.000000000000000000000000000000e+00 2.500000000000000000000000000000e+01 3.440000000000000000000000000000e+02
3.398000000000000000000000000000e+03 4.000000000000000000000000000000e+00 1.600000000000000000000000000000e+01 3.450000000000000000000000000000e+02
3.402000000000000000000000000000e+03 6.000000000000000000000000000000e+00 3.600000000000000000000000000000e+01 3.460000000000000000000000000000e+02
3.406000000000000000000000000000e+03 3.000000000000000000000000000000e+00 9.000000000000000000000000000000e+00 3.470000000000000000000000000000e+02
3.411000000000000000000000000000e+03 2.000000000000000000000000000000e+00 4.000000000000000000000000000000e+00 3.480000000000000000000000000000e+02
3.431000000000000000000000000000e+03 1.000000000000000000000000000000e+00 1.000000000000000000000000000000e+00 3.490000000000000000000000000000e+02
3.434000000000000000000000000000e+03 1.200000000000000000000000000000e+01 1.440000000000000000000000000000e+02 3.500000000000000000000000000000e+02
3.435000000000000000000000000000e+03 2.000000000000000000000000000000e+00 4.000000000000000000000000000000e+00 3.510000000000000000000000000000e+02
3.437000000000000000000000000000e+03 1.800000000000000000000000000000e+01 3.240000000000000000000000000000e+02 3.520000000000000000000000000000e+02
3.438000000000000000000000000000e+03 2.000000000000000000000000000000e+00 4.000000000000000000000000000000e+00 3.530000000000000000000000000000e+02
3.439000000000000000000000000000e+03 9.000000000000000000000000000000e+00 8.100000000000000000000000000000e+01 3.540000000000000000000000000000e+02
3.451000000000000000000000000000e+03 1.100000000000000000000000000000e+01 1.210000000000000000000000000000e+02 3.550000000000000000000000000000e+02
3.464000000000000000000000000000e+03 3.900000000000000000000000000000e+01 1.521000000000000000000000000000e+03 3.560000000000000000000000000000e+02
3.465000000000000000000000000000e+03 3.000000000000000000000000000000e+00 9.000000000000000000000000000000e+00 3.570000000000000000000000000000e+02
3.474000000000000000000000000000e+03 1.000000000000000000000000000000e+00 1.000000000000000000000000000000e+00 3.580000000000000000000000000000e+02
3.477000000000000000000000000000e+03 9.000000000000000000000000000000e+00 8.100000000000000000000000000000e+01 3.590000000000000000000000000000e+02
3.479000000000000000000000000000e+03 1.800000000000000000000000000000e+01 3.240000000000000000000000000000e+02 3.600000000000000000000000000000e+02
3.496000000000000000000000000000e+03 2.000000000000000000000000000000e+00 4.000000000000000000000000000000e+00 3.610000000000000000000000000000e+02
3.499000000000000000000000000000e+03 5.000000000000000000000000000000e+00 2.500000000000000000000000000000e+01 3.620000000000000000000000000000e+02
3.507000000000000000000000000000e+03 1.600000000000000000000000000000e+01 2.560000000000000000000000000000e+02 3.630000000000000000000000000000e+02
3.523000000000000000000000000000e+03 6.000000000000000000000000000000e+00 3.600000000000000000000000000000e+01 3.640000000000000000000000000000e+02
3.532000000000000000000000000000e+03 2.000000000000000000000000000000e+00 4.000000000000000000000000000000e+00 3.650000000000000000000000000000e+02
3.534000000000000000000000000000e+03 4.000000000000000000000000000000e+00 1.600000000000000000000000000000e+01 3.660000000000000000000000000000e+02
3.560000000000000000000000000000e+03 1.000000000000000000000000000000e+00 1.000000000000000000000000000000e+00 3.670000000000000000000000000000e+02
3.568000000000000000000000000000e+03 2.000000000000000000000000000000e+01 4.000000000000000000000000000000e+02 3.680000000000000000000000000000e+02
3.574000000000000000000000000000e+03 1.000000000000000000000000000000e+00 1.000000000000000000000000000000e+00 3.690000000000000000000000000000e+02
3.577000000000000000000000000000e+03 6.000000000000000000000000000000e+00 3.600000000000000000000000000000e+01 3.700000000000000000000000000000e+02
3.582000000000000000000000000000e+03 4.100000000000000000000000000000e+01 1.681000000000000000000000000000e+03 3.710000000000000000000000000000e+02
3.587000000000000000000000000000e+03 4.000000000000000000000000000000e+00 1.600000000000000000000000000000e+01 3.720000000000000000000000000000e+02
3.604000000000000000000000000000e+03 1.000000000000000000000000000000e+00 1.000000000000000000000000000000e+00 3.730000000000000000000000000000e+02
3.606000000000000000000000000000e+03 3.000000000000000000000000000000e+00 9.000000000000000000000000000000e+00 3.740000000000000000000000000000e+02
3.619000000000000000000000000000e+03 4.000000000000000000000000000000e+00 1.600000000000000000000000000000e+01 3.750000000000000000000000000000e+02
3.633000000000000000000000000000e+03 2.000000000000000000000000000000e+00 4.000000000000000000000000000000e+00 3.760000000000000000000000000000e+02
3.634000000000000000000000000000e+03 2.000000000000000000000000000000e+00 4.000000000000000000000000000000e+00 3.770000000000000000000000000000e+02
3.638000000000000000000000000000e+03 3.000000000000000000000000000000e+00 9.000000000000000000000000000000e+00 3.780000000000000000000000000000e+02
3.643000000000000000000000000000e+03 1.500000000000000000000000000000e+01 2.250000000000000000000000000000e+02 3.790000000000000000000000000000e+02
3.667000000000000000000000000000e+03 4.000000000000000000000000000000e+01 1.600000000000000000000000000000e+03 3.800000000000000000000000000000e+02
3.673000000000000000000000000000e+03 1.200000000000000000000000000000e+01 1.440000000000000000000000000000e+02 3.810000000000000000000000000000e+02
3.681000000000000000000000000000e+03 4.000000000000000000000000000000e+00 1.600000000000000000000000000000e+01 3.820000000000000000000000000000e+02
3.690000000000000000000000000000e+03 1.000000000000000000000000000000e+00 1.000000000000000000000000000000e+00 3.830000000000000000000000000000e+02
3.697000000000000000000000000000e+03 3.100000000000000000000000000000e+01 9.610000000000000000000000000000e+02 3.840000000000000000000000000000e+02
3.704000000000000000000000000000e+03 1.900000000000000000000000000000e+01 3.610000000000000000000000000000e+02 3.850000000000000000000000000000e+02
3.750000000000000000000000000000e+03 2.000000000000000000000000000000e+00 4.000000000000000000000000000000e+00 3.860000000000000000000000000000e+02
3.753000000000000000000000000000e+03 5.000000000000000000000000000000e+00 2.500000000000000000000000000000e+01 3.870000000000000000000000000000e+02
3.762000000000000000000000000000e+03 1.200000000000000000000000000000e+01 1.440000000000000000000000000000e+02 3.880000000000000000000000000000e+02
3.766000000000000000000000000000e+03 4.000000000000000000000000000000e+00 1.600000000000000000000000000000e+01 3.890000000000000000000000000000e+02
3.767000000000000000000000000000e+03 2.200000000000000000000000000000e+01 4.840000000000000000000000000000e+02 3.900000000000000000000000000000e+02
3.778000000000000000000000000000e+03 1.200000000000000000000000000000e+01 1.440000000000000000000000000000e+02 3.910000000000000000000000000000e+02
3.785000000000000000000000000000e+03 6.000000000000000000000000000000e+00 3.600000000000000000000000000000e+01 3.920000000000000000000000000000e+02
3.787000000000000000000000000000e+03 4.000000000000000000000000000000e+00 1.600000000000000000000000000000e+01 3.930000000000000000000000000000e+02
3.794000000000000000000000000000e+03 4.000000000000000000000000000000e+00 1.600000000000000000000000000000e+01 3.940000000000000000000000000000e+02
3.796000000000000000000000000000e+03 1.800000000000000000000000000000e+01 3.240000000000000000000000000000e+02 3.950000000000000000000000000000e+02
3.797000000000000000000000000000e+03 4.000000000000000000000000000000e+00 1.600000000000000000000000000000e+01 3.960000000000000000000000000000e+02
3.808000000000000000000000000000e+03 8.000000000000000000000000000000e+00 6.400000000000000000000000000000e+01 3.970000000000000000000000000000e+02
3.832000000000000000000000000000e+03 2.100000000000000000000000000000e+01 4.410000000000000000000000000000e+02 3.980000000000000000000000000000e+02
3.840000000000000000000000000000e+03 1.500000000000000000000000000000e+01 2.250000000000000000000000000000e+02 3.990000000000000000000000000000e+02
