1.200000000000000000000000000000e+01 2.000000000000000000000000000000e+00 4.000000000000000000000000000000e+00 0.000000000000000000000000000000e+00
2.400000000000000000000000000000e+01 1.000000000000000000000000000000e+00 1.000000000000000000000000000000e+00 1.000000000000000000000000000000e+00
2.700000000000000000000000000000e+01 3.000000000000000000000000000000e+00 9.000000000000000000000000000000e+00 2.000000000000000000000000000000e+00
2.900000000000000000000000000000e+01 1.000000000000000000000000000000e+01 1.000000000000000000000000000000e+02 3.000000000000000000000000000000e+00
3.500000000000000000000000000000e+01 1.500000000000000000000000000000e+01 2.250000000000000000000000000000e+02 4.000000000000000000000000000000e+00
4.000000000000000000000000000000e+01 1.000000000000000000000000000000e+00 1.000000000000000000000000000000e+00 5.000000000000000000000000000000e+00
4.400000000000000000000000000000e+01 2.600000000000000000000000000000e+01 6.760000000000000000000000000000e+02 6.000000000000000000000000000000e+00
6.700000000000000000000000000000e+01 2.400000000000000000000000000000e+01 5.760000000000000000000000000000e+02 7.000000000000000000000000000000e+00
7.000000000000000000000000000000e+01 2.000000000000000000000000000000e+00 4.000000000000000000000000000000e+00 8.000000000000000000000000000000e+00
7.100000000000000000000000000000e+01 4.500000000000000000000000000000e+01 2.025000000000000000000000000000e+03 9.000000000000000000000000000000e+00
7.800000000000000000000000000000e+01 7.000000000000000000000000000000e+00 4.900000000000000000000000000000e+01 1.000000000000000000000000000000e+01
8.600000000000000000000000000000e+01 9.000000000000000000000000000000e+00 8.100000000000000000000000000000e+01 1.100000000000000000000000000000e+01
8.800000000000000000000000000000e+01 1.000000000000000000000000000000e+00 1.000000000000000000000000000000e+00 1.200000000000000000000000000000e+01
9.200000000000000000000000000000e+01 2.000000000000000000000000000000e+00 4.000000000000000000000000000000e+00 1.300000000000000000000000000000e+01
1.050000000000000000000000000000e+02 1.200000000000000000000000000000e+01 1.440000000000000000000000000000e+02 1.400000000000000000000000000000e+01
1.100000000000000000000000000000e+02 2.000000000000000000000000000000e+00 4.000000000000000000000000000000e+00 1.500000000000000000000000000000e+01
1.130000000000000000000000000000e+02 7.000000000000000000000000000000e+00 4.900000000000000000000000000000e+01 1.600000000000000000000000000000e+01
1.150000000000000000000000000000e+02 2.000000000000000000000000000000e+00 4.000000000000000000000000000000e+00 1.700000000000000000000000000000e+01
1.340000000000000000000000000000e+02 6.000000000000000000000000000000e+00 3.600000000000000000000000000000e+01 1.800000000000000000000000000000e+01
1.390000000000000000000000000000e+02 4.000000000000000000000000000000e+00 1.600000000000000000000000000000e+01 1.900000000000000000000000000000e+01
1.550000000000000000000000000000e+02 3.100000000000000000000000000000e+01 9.610000000000000000000000000000e+02 2.000000000000000000000000000000e+01
1.580000000000000000000000000000e+02 1.700000000000000000000000000000e+01 2.890000000000000000000000000000e+02 2.100000000000000000000000000000e+01
1.600000000000000000000000000000e+02 8.000000000000000000000000000000e+00 6.400000000000000000000000000000e+01 2.200000000000000000000000000000e+01
1.610000000000000000000000000000e+02 3.000000000000000000000000000000e+00 9.000000000000000000000000000000e+00 2.300000000000000000000000000000e+01
1.680000000000000000000000000000e+02 2.000000000000000000000000000000e+00 4.000000000000000000000000000000e+00 2.400000000000000000000000000000e+01
1.800000000000000000000000000000e+02 5.000000000000000000000000000000e+00 2.500000000000000000000000000000e+01 2.500000000000000000000000000000e+01
1.860000000000000000000000000000e+02 1.000000000000000000000000000000e+00 1.000000000000000000000000000000e+00 2.600000000000000000000000000000e+01
1.890000000000000000000000000000e+02 3.200000000000000000000000000000e+01 1.024000000000000000000000000000e+03 2.700000000000000000000000000000e+01
1.940000000000000000000000000000e+02 1.000000000000000000000000000000e+00 1.000000000000000000000000000000e+00 2.800000000000000000000000000000e+01
2.050000000000000000000000000000e+02 3.000000000000000000000000000000e+01 9.000000000000000000000000000000e+02 2.900000000000000000000000000000e+01
2.160000000000000000000000000000e+02 1.000000000000000000000000000000e+00 1.000000000000000000000000000000e+00 3.000000000000000000000000000000e+01
2.210000000000000000000000000000e+02 9.000000000000000000000000000000e+00 8.100000000000000000000000000000e+01 3.100000000000000000000000000000e+01
2.430000000000000000000000000000e+02 5.000000000000000000000000000000e+00 2.500000000000000000000000000000e+01 3.200000000000000000000000000000e+01
2.490000000000000000000000000000e+02 3.000000000000000000000000000000e+00 9.000000000000000000000000000000e+00 3.300000000000000000000000000000e+01
2.520000000000000000000000000000e+02 6.000000000000000000000000000000e+00 3.600000000000000000000000000000e+01 3.400000000000000000000000000000e+01
2.650000000000000000000000000000e+02 9.000000000000000000000000000000e+00 8.100000000000000000000000000000e+01 3.500000000000000000000000000000e+01
2.800000000000000000000000000000e+02 1.100000000000000000000000000000e+01 1.210000000000000000000000000000e+02 3.600000000000000000000000000000e+01
2.840000000000000000000000000000e+02 1.300000000000000000000000000000e+01 1.690000000000000000000000000000e+02 3.700000000000000000000000000000e+01
2.850000000000000000000000000000e+02 2.000000000000000000000000000000e+01 4.000000000000000000000000000000e+02 3.800000000000000000000000000000e+01
2.860000000000000000000000000000e+02 2.900000000000000000000000000000e+01 8.410000000000000000000000000000e+02 3.900000000000000000000000000000e+01
2.940000000000000000000000000000e+02 9.000000000000000000000000000000e+00 8.100000000000000000000000000000e+01 4.000000000000000000000000000000e+01
2.990000000000000000000000000000e+02 7.000000000000000000000000000000e+00 4.900000000000000000000000000000e+01 4.100000000000000000000000000000e+01
3.290000000000000000000000000000e+02 4.000000000000000000000000000000e+00 1.600000000000000000000000000000e+01 4.200000000000000000000000000000e+01
3.470000000000000000000000000000e+02 1.600000000000000000000000000000e+01 2.560000000000000000000000000000e+02 4.300000000000000000000000000000e+01
3.620000000000000000000000000000e+02 1.000000000000000000000000000000e+00 1.000000000000000000000000000000e+00 4.400000000000000000000000000000e+01
3.670000000000000000000000000000e+02 1.000000000000000000000000000000e+01 1.000000000000000000000000000000e+02 4.500000000000000000000000000000e+01
3.830000000000000000000000000000e+02 2.000000000000000000000000000000e+00 4.000000000000000000000000000000e+00 4.600000000000000000000000000000e+01
3.990000000000000000000000000000e+02 4.000000000000000000000000000000e+00 1.600000000000000000000000000000e+01 4.700000000000000000000000000000e+01
4.050000000000000000000000000000e+02 1.200000000000000000000000000000e+01 1.440000000000000000000000000000e+02 4.800000000000000000000000000000e+01
4.120000000000000000000000000000e+02 4.800000000000000000000000000000e+01 2.304000000000000000000000000000e+03 4.900000000000000000000000000000e+01
4.150000000000000000000000000000e+02 1.800000000000000000000000000000e+01 3.240000000000000000000000000000e+02 5.000000000000000000000000000000e+01
4.300000000000000000000000000000e+02 2.500000000000000000000000000000e+01 6.250000000000000000000000000000e+02 5.100000000000000000000000000000e+01
4.310000000000000000000000000000e+02 7.000000000000000000000000000000e+00 4.900000000000000000000000000000e+01 5.200000000000000000000000000000e+01
4.320000000000000000000000000000e+02 1.200000000000000000000000000000e+01 1.440000000000000000000000000000e+02 5.300000000000000000000000000000e+01
4.370000000000000000000000000000e+02 3.000000000000000000000000000000e+00 9.000000000000000000000000000000e+00 5.400000000000000000000000000000e+01
4.440000000000000000000000000000e+02 6.000000000000000000000000000000e+00 3.600000000000000000000000000000e+01 5.500000000000000000000000000000e+01
4.530000000000000000000000000000e+02 5.000000000000000000000000000000e+00 2.500000000000000000000000000000e+01 5.600000000000000000000000000000e+01
4.590000000000000000000000000000e+02 1.100000000000000000000000000000e+01 1.210000000000000000000000000000e+02 5.700000000000000000000000000000e+01
4.600000000000000000000000000000e+02 7.000000000000000000000000000000e+00 4.900000000000000000000000000000e+01 5.800000000000000000000000000000e+01
4.680000000000000000000000000000e+02 4.000000000000000000000000000000e+00 1.600000000000000000000000000000e+01 5.900000000000000000000000000000e+01
4.710000000000000000000000000000e+02 2.000000000000000000000000000000e+00 4.000000000000000000000000000000e+00 6.000000000000000000000000000000e+01
4.800000000000000000000000000000e+02 1.300000000000000000000000000000e+01 1.690000000000000000000000000000e+02 6.100000000000000000000000000000e+01
4.810000000000000000000000000000e+02 1.300000000000000000000000000000e+01 1.690000000000000000000000000000e+02 6.200000000000000000000000000000e+01
4.980000000000000000000000000000e+02 1.600000000000000000000000000000e+01 2.560000000000000000000000000000e+02 6.300000000000000000000000000000e+01
5.090000000000000000000000000000e+02 3.000000000000000000000000000000e+00 9.000000000000000000000000000000e+00 6.400000000000000000000000000000e+01
5.150000000000000000000000000000e+02 1.100000000000000000000000000000e+01 1.210000000000000000000000000000e+02 6.500000000000000000000000000000e+01
5.450000000000000000000000000000e+02 8.000000000000000000000000000000e+00 6.400000000000000000000000000000e+01 6.600000000000000000000000000000e+01
5.500000000000000000000000000000e+02 3.000000000000000000000000000000e+00 9.000000000000000000000000000000e+00 6.700000000000000000000000000000e+01
5.560000000000000000000000000000e+02 2.000000000000000000000000000000e+00 4.000000000000000000000000000000e+00 6.800000000000000000000000000000e+01
5.670000000000000000000000000000e+02 3.100000000000000000000000000000e+01 9.610000000000000000000000000000e+02 6.900000000000000000000000000000e+01
5.690000000000000000000000000000e+02 4.000000000000000000000000000000e+00 1.600000000000000000000000000000e+01 7.000000000000000000000000000000e+01
5.720000000000000000000000000000e+02 1.000000000000000000000000000000e+00 1.000000000000000000000000000000e+00 7.100000000000000000000000000000e+01
5.810000000000000000000000000000e+02 8.000000000000000000000000000000e+00 6.400000000000000000000000000000e+01 7.200000000000000000000000000000e+01
6.060000000000000000000000000000e+02 1.000000000000000000000000000000e+01 1.000000000000000000000000000000e+02 7.300000000000000000000000000000e+01
6.200000000000000000000000000000e+02 5.000000000000000000000000000000e+00 2.500000000000000000000000000000e+01 7.400000000000000000000000000000e+01
6.220000000000000000000000000000e+02 7.000000000000000000000000000000e+00 4.900000000000000000000000000000e+01 7.500000000000000000000000000000e+01
6.250000000000000000000000000000e+02 1.000000000000000000000000000000e+00 1.000000000000000000000000000000e+00 7.600000000000000000000000000000e+01
6.350000000000000000000000000000e+02 1.500000000000000000000000000000e+01 2.250000000000000000000000000000e+02 7.700000000000000000000000000000e+01
6.580000000000000000000000000000e+02 6.000000000000000000000000000000e+00 3.600000000000000000000000000000e+01 7.800000000000000000000000000000e+01
6.670000000000000000000000000000e+02 7.000000000000000000000000000000e+00 4.900000000000000000000000000000e+01 7.900000000000000000000000000000e+01
6.770000000000000000000000000000e+02 9.000000000000000000000000000000e+00 8.100000000000000000000000000000e+01 8.000000000000000000000000000000e+01
6.790000000000000000000000000000e+02 2.300000000000000000000000000000e+01 5.290000000000000000000000000000e+02 8.100000000000000000000000000000e+01
7.090000000000000000000000000000e+02 8.000000000000000000000000000000e+00 6.400000000000000000000000000000e+01 8.200000000000000000000000000000e+01
7.420000000000000000000000000000e+02 1.300000000000000000000000000000e+01 1.690000000000000000000000000000e+02 8.300000000000000000000000000000e+01
7.460000000000000000000000000000e+02 2.000000000000000000000000000000e+01 4.000000000000000000000000000000e+02 8.400000000000000000000000000000e+01
7.640000000000000000000000000000e+02 2.000000000000000000000000000000e+01 4.000000000000000000000000000000e+02 8.500000000000000000000000000000e+01
7.760000000000000000000000000000e+02 1.000000000000000000000000000000e+00 1.000000000000000000000000000000e+00 8.600000000000000000000000000000e+01
7.770000000000000000000000000000e+02 1.900000000000000000000000000000e+01 3.610000000000000000000000000000e+02 8.700000000000000000000000000000e+01
8.010000000000000000000000000000e+02 2.800000000000000000000000000000e+01 7.840000000000000000000000000000e+02 8.800000000000000000000000000000e+01
8.230000000000000000000000000000e+02 1.000000000000000000000000000000e+00 1.000000000000000000000000000000e+00 8.900000000000000000000000000000e+01
8.280000000000000000000000000000e+02 1.000000000000000000000000000000e+00 1.000000000000000000000000000000e+00 9.000000000000000000000000000000e+01
8.400000000000000000000000000000e+02 3.000000000000000000000000000000e+00 9.000000000000000000000000000000e+00 9.100000000000000000000000000000e+01
8.420000000000000000000000000000e+02 2.100000000000000000000000000000e+01 4.410000000000000000000000000000e+02 9.200000000000000000000000000000e+01
8.440000000000000000000000000000e+02 9.000000000000000000000000000000e+00 8.100000000000000000000000000000e+01 9.300000000000000000000000000000e+01
8.660000000000000000000000000000e+02 2.000000000000000000000000000000e+00 4.000000000000000000000000000000e+00 9.400000000000000000000000000000e+01
8.850000000000000000000000000000e+02 1.100000000000000000000000000000e+01 1.210000000000000000000000000000e+02 9.500000000000000000000000000000e+01
8.920000000000000000000000000000e+02 1.700000000000000000000000000000e+01 2.890000000000000000000000000000e+02 9.600000000000000000000000000000e+01
8.950000000000000000000000000000e+02 1.000000000000000000000000000000e+00 1.000000000000000000000000000000e+00 9.700000000000000000000000000000e+01
8.990000000000000000000000000000e+02 3.000000000000000000000000000000e+00 9.000000000000000000000000000000e+00 9.800000000000000000000000000000e+01
9.060000000000000000000000000000e+02 4.000000000000000000000000000000e+00 1.600000000000000000000000000000e+01 9.900000000000000000000000000000e+01
9.090000000000000000000000000000e+02 5.000000000000000000000000000000e+00 2.500000000000000000000000000000e+01 1.000000000000000000000000000000e+02
9.140000000000000000000000000000e+02 2.600000000000000000000000000000e+01 6.760000000000000000000000000000e+02 1.010000000000000000000000000000e+02
9.240000000000000000000000000000e+02 1.000000000000000000000000000000e+00 1.000000000000000000000000000000e+00 1.020000000000000000000000000000e+02
9.260000000000000000000000000000e+02 2.000000000000000000000000000000e+00 4.000000000000000000000000000000e+00 1.030000000000000000000000000000e+02
9.350000000000000000000000000000e+02 5.100000000000000000000000000000e+01 2.601000000000000000000000000000e+03 1.040000000000000000000000000000e+02
9.450000000000000000000000000000e+02 6.000000000000000000000000000000e+00 3.600000000000000000000000000000e+01 1.050000000000000000000000000000e+02
9.690000000000000000000000000000e+02 7.000000000000000000000000000000e+00 4.900000000000000000000000000000e+01 1.060000000000000000000000000000e+02
9.810000000000000000000000000000e+02 1.200000000000000000000000000000e+01 1.440000000000000000000000000000e+02 1.070000000000000000000000000000e+02
9.850000000000000000000000000000e+02 3.000000000000000000000000000000e+00 9.000000000000000000000000000000e+00 1.080000000000000000000000000000e+02
9.880000000000000000000000000000e+02 1.300000000000000000000000000000e+01 1.690000000000000000000000000000e+02 1.090000000000000000000000000000e+02
9.900000000000000000000000000000e+02 1.000000000000000000000000000000e+00 1.000000000000000000000000000000e+00 1.100000000000000000000000000000e+02
1.007000000000000000000000000000e+03 2.000000000000000000000000000000e+00 4.000000000000000000000000000000e+00 1.110000000000000000000000000000e+02
1.023000000000000000000000000000e+03 8.000000000000000000000000000000e+00 6.400000000000000000000000000000e+01 1.120000000000000000000000000000e+02
1.028000000000000000000000000000e+03 6.000000000000000000000000000000e+00 3.600000000000000000000000000000e+01 1.130000000000000000000000000000e+02
1.041000000000000000000000000000e+03 1.000000000000000000000000000000e+00 1.000000000000000000000000000000e+00 1.140000000000000000000000000000e+02
1.048000000000000000000000000000e+03 1.300000000000000000000000000000e+01 1.690000000000000000000000000000e+02 1.150000000000000000000000000000e+02
1.066000000000000000000000000000e+03 6.000000000000000000000000000000e+00 3.600000000000000000000000000000e+01 1.160000000000000000000000000000e+02
1.069000000000000000000000000000e+03 1.000000000000000000000000000000e+00 1.000000000000000000000000000000e+00 1.170000000000000000000000000000e+02
1.077000000000000000000000000000e+03 4.000000000000000000000000000000e+00 1.600000000000000000000000000000e+01 1.180000000000000000000000000000e+02
1.080000000000000000000000000000e+03 2.100000000000000000000000000000e+01 4.410000000000000000000000000000e+02 1.190000000000000000000000000000e+02
1.105000000000000000000000000000e+03 1.200000000000000000000000000000e+01 1.440000000000000000000000000000e+02 1.200000000000000000000000000000e+02
1.116000000000000000000000000000e+03 7.000000000000000000000000000000e+00 4.900000000000000000000000000000e+01 1.210000000000000000000000000000e+02
1.128000000000000000000000000000e+03 4.000000000000000000000000000000e+00 1.600000000000000000000000000000e+01 1.220000000000000000000000000000e+02
1.139000000000000000000000000000e+03 8.000000000000000000000000000000e+00 6.400000000000000000000000000000e+01 1.230000000000000000000000000000e+02
1.147000000000000000000000000000e+03 1.800000000000000000000000000000e+01 3.240000000000000000000000000000e+02 1.240000000000000000000000000000e+02
1.153000000000000000000000000000e+03 2.900000000000000000000000000000e+01 8.410000000000000000000000000000e+02 1.250000000000000000000000000000e+02
1.156000000000000000000000000000e+03 3.500000000000000000000000000000e+01 1.225000000000000000000000000000e+03 1.260000000000000000000000000000e+02
1.163000000000000000000000000000e+03 3.000000000000000000000000000000e+00 9.000000000000000000000000000000e+00 1.270000000000000000000000000000e+02
1.168000000000000000000000000000e+03 1.200000000000000000000000000000e+01 1.440000000000000000000000000000e+02 1.280000000000000000000000000000e+02
1.175000000000000000000000000000e+03 9.000000000000000000000000000000e+00 8.100000000000000000000000000000e+01 1.290000000000000000000000000000e+02
1.186000000000000000000000000000e+03 4.000000000000000000000000000000e+00 1.600000000000000000000000000000e+01 1.300000000000000000000000000000e+02
1.194000000000000000000000000000e+03 1.200000000000000000000000000000e+01 1.440000000000000000000000000000e+02 1.310000000000000000000000000000e+02
1.196000000000000000000000000000e+03 1.000000000000000000000000000000e+01 1.000000000000000000000000000000e+02 1.320000000000000000000000000000e+02
1.205000000000000000000000000000e+03 6.000000000000000000000000000000e+00 3.600000000000000000000000000000e+01 1.330000000000000000000000000000e+02
1.207000000000000000000000000000e+03 1.200000000000000000000000000000e+01 1.440000000000000000000000000000e+02 1.340000000000000000000000000000e+02
1.213000000000000000000000000000e+03 2.900000000000000000000000000000e+01 8.410000000000000000000000000000e+02 1.350000000000000000000000000000e+02
1.225000000000000000000000000000e+03 4.000000000000000000000000000000e+00 1.600000000000000000000000000000e+01 1.360000000000000000000000000000e+02
1.230000000000000000000000000000e+03 3.000000000000000000000000000000e+00 9.000000000000000000000000000000e+00 1.370000000000000000000000000000e+02
1.231000000000000000000000000000e+03 3.000000000000000000000000000000e+00 9.000000000000000000000000000000e+00 1.380000000000000000000000000000e+02
1.236000000000000000000000000000e+03 2.000000000000000000000000000000e+00 4.000000000000000000000000000000e+00 1.390000000000000000000000000000e+02
1.250000000000000000000000000000e+03 1.000000000000000000000000000000e+00 1.000000000000000000000000000000e+00 1.400000000000000000000000000000e+02
1.269000000000000000000000000000e+03 2.000000000000000000000000000000e+00 4.000000000000000000000000000000e+00 1.410000000000000000000000000000e+02
1.270000000000000000000000000000e+03 7.000000000000000000000000000000e+00 4.900000000000000000000000000000e+01 1.420000000000000000000000000000e+02
1.271000000000000000000000000000e+03 5.000000000000000000000000000000e+00 2.500000000000000000000000000000e+01 1.430000000000000000000000000000e+02
1.289000000000000000000000000000e+03 1.000000000000000000000000000000e+00 1.000000000000000000000000000000e+00 1.440000000000000000000000000000e+02
1.290000000000000000000000000000e+03 7.000000000000000000000000000000e+00 4.900000000000000000000000000000e+01 1.450000000000000000000000000000e+02
1.294000000000000000000000000000e+03 5.000000000000000000000000000000e+00 2.500000000000000000000000000000e+01 1.460000000000000000000000000000e+02
1.303000000000000000000000000000e+03 1.100000000000000000000000000000e+01 1.210000000000000000000000000000e+02 1.470000000000000000000000000000e+02
1.330000000000000000000000000000e+03 4.000000000000000000000000000000e+00 1.600000000000000000000000000000e+01 1.480000000000000000000000000000e+02
1.332000000000000000000000000000e+03 2.000000000000000000000000000000e+00 4.000000000000000000000000000000e+00 1.490000000000000000000000000000e+02
1.336000000000000000000000000000e+03 1.000000000000000000000000000000e+00 1.000000000000000000000000000000e+00 1.500000000000000000000000000000e+02
1.353000000000000000000000000000e+03 1.000000000000000000000000000000e+00 1.000000000000000000000000000000e+00 1.510000000000000000000000000000e+02
1.357000000000000000000000000000e+03 1.300000000000000000000000000000e+01 1.690000000000000000000000000000e+02 1.520000000000000000000000000000e+02
1.369000000000000000000000000000e+03 3.500000000000000000000000000000e+01 1.225000000000000000000000000000e+03 1.530000000000000000000000000000e+02
1.370000000000000000000000000000e+03 1.000000000000000000000000000000e+00 1.000000000000000000000000000000e+00 1.540000000000000000000000000000e+02
1.377000000000000000000000000000e+03 1.000000000000000000000000000000e+01 1.000000000000000000000000000000e+02 1.550000000000000000000000000000e+02
1.379000000000000000000000000000e+03 1.700000000000000000000000000000e+01 2.890000000000000000000000000000e+02 1.560000000000000000000000000000e+02
1.383000000000000000000000000000e+03 9.000000000000000000000000000000e+00 8.100000000000000000000000000000e+01 1.570000000000000000000000000000e+02
1.385000000000000000000000000000e+03 1.000000000000000000000000000000e+01 1.000000000000000000000000000000e+02 1.580000000000000000000000000000e+02
1.386000000000000000000000000000e+03 2.000000000000000000000000000000e+00 4.000000000000000000000000000000e+00 1.590000000000000000000000000000e+02
1.389000000000000000000000000000e+03 1.000000000000000000000000000000e+00 1.000000000000000000000000000000e+00 1.600000000000000000000000000000e+02
1.402000000000000000000000000000e+03 4.000000000000000000000000000000e+00 1.600000000000000000000000000000e+01 1.610000000000000000000000000000e+02
1.407000000000000000000000000000e+03 2.100000000000000000000000000000e+01 4.410000000000000000000000000000e+02 1.620000000000000000000000000000e+02
1.412000000000000000000000000000e+03 1.800000000000000000000000000000e+01 3.240000000000000000000000000000e+02 1.630000000000000000000000000000e+02
1.420000000000000000000000000000e+03 1.800000000000000000000000000000e+01 3.240000000000000000000000000000e+02 1.640000000000000000000000000000e+02
1.421000000000000000000000000000e+03 1.500000000000000000000000000000e+01 2.250000000000000000000000000000e+02 1.650000000000000000000000000000e+02
1.437000000000000000000000000000e+03 6.000000000000000000000000000000e+00 3.600000000000000000000000000000e+01 1.660000000000000000000000000000e+02
1.447000000000000000000000000000e+03 2.000000000000000000000000000000e+00 4.000000000000000000000000000000e+00 1.670000000000000000000000000000e+02
1.457000000000000000000000000000e+03 2.000000000000000000000000000000e+00 4.000000000000000000000000000000e+00 1.680000000000000000000000000000e+02
1.458000000000000000000000000000e+03 6.000000000000000000000000000000e+00 3.600000000000000000000000000000e+01 1.690000000000000000000000000000e+02
1.468000000000000000000000000000e+03 5.100000000000000000000000000000e+01 2.601000000000000000000000000000e+03 1.700000000000000000000000000000e+02
1.479000000000000000000000000000e+03 3.000000000000000000000000000000e+00 9.000000000000000000000000000000e+00 1.710000000000000000000000000000e+02
1.492000000000000000000000000000e+03 6.000000000000000000000000000000e+00 3.600000000000000000000000000000e+01 1.720000000000000000000000000000e+02
1.534000000000000000000000000000e+03 6.000000000000000000000000000000e+00 3.600000000000000000000000000000e+01 1.730000000000000000000000000000e+02
1.545000000000000000000000000000e+03 6.000000000000000000000000000000e+00 3.600000000000000000000000000000e+01 1.740000000000000000000000000000e+02
1.547000000000000000000000000000e+03 1.000000000000000000000000000000e+01 1.000000000000000000000000000000e+02 1.750000000000000000000000000000e+02
1.548000000000000000000000000000e+03 1.000000000000000000000000000000e+00 1.000000000000000000000000000000e+00 1.760000000000000000000000000000e+02
1.563000000000000000000000000000e+03 2.200000000000000000000000000000e+01 4.840000000000000000000000000000e+02 1.770000000000000000000000000000e+02
1.569000000000000000000000000000e+03 1.200000000000000000000000000000e+01 1.440000000000000000000000000000e+02 1.780000000000000000000000000000e+02
1.578000000000000000000000000000e+03 1.700000000000000000000000000000e+01 2.890000000000000000000000000000e+02 1.790000000000000000000000000000e+02
1.584000000000000000000000000000e+03 2.700000000000000000000000000000e+01 7.290000000000000000000000000000e+02 1.800000000000000000000000000000e+02
1.586000000000000000000000000000e+03 2.600000000000000000000000000000e+01 6.760000000000000000000000000000e+02 1.810000000000000000000000000000e+02
1.588000000000000000000000000000e+03 1.000000000000000000000000000000e+00 1.000000000000000000000000000000e+00 1.820000000000000000000000000000e+02
1.613000000000000000000000000000e+03 1.100000000000000000000000000000e+01 1.210000000000000000000000000000e+02 1.830000000000000000000000000000e+02
1.616000000000000000000000000000e+03 3.000000000000000000000000000000e+00 9.000000000000000000000000000000e+00 1.840000000000000000000000000000e+02
1.617000000000000000000000000000e+03 3.000000000000000000000000000000e+00 9.000000000000000000000000000000e+00 1.850000000000000000000000000000e+02
1.620000000000000000000000000000e+03 1.100000000000000000000000000000e+01 1.210000000000000000000000000000e+02 1.860000000000000000000000000000e+02
1.623000000000000000000000000000e+03 1.800000000000000000000000000000e+01 3.240000000000000000000000000000e+02 1.870000000000000000000000000000e+02
1.646000000000000000000000000000e+03 1.200000000000000000000000000000e+01 1.440000000000000000000000000000e+02 1.880000000000000000000000000000e+02
1.651000000000000000000000000000e+03 1.900000000000000000000000000000e+01 3.610000000000000000000000000000e+02 1.890000000000000000000000000000e+02
1.661000000000000000000000000000e+03 7.000000000000000000000000000000e+00 4.900000000000000000000000000000e+01 1.900000000000000000000000000000e+02
1.670000000000000000000000000000e+03 6.000000000000000000000000000000e+00 3.600000000000000000000000000000e+01 1.910000000000000000000000000000e+02
1.673000000000000000000000000000e+03 4.800000000000000000000000000000e+01 2.304000000000000000000000000000e+03 1.920000000000000000000000000000e+02
1.699000000000000000000000000000e+03 1.200000000000000000000000000000e+01 1.440000000000000000000000000000e+02 1.930000000000000000000000000000e+02
1.709000000000000000000000000000e+03 6.000000000000000000000000000000e+00 3.600000000000000000000000000000e+01 1.940000000000000000000000000000e+02
1.717000000000000000000000000000e+03 9.000000000000000000000000000000e+00 8.100000000000000000000000000000e+01 1.950000000000000000000000000000e+02
1.723000000000000000000000000000e+03 5.000000000000000000000000000000e+00 2.500000000000000000000000000000e+01 1.960000000000000000000000000000e+02
1.725000000000000000000000000000e+03 2.100000000000000000000000000000e+01 4.410000000000000000000000000000e+02 1.970000000000000000000000000000e+02
1.728000000000000000000000000000e+03 5.800000000000000000000000000000e+01 3.364000000000000000000000000000e+03 1.980000000000000000000000000000e+02
1.777000000000000000000000000000e+03 1.000000000000000000000000000000e+00 1.000000000000000000000000000000e+00 1.990000000000000000000000000000e+02
1.781000000000000000000000000000e+03 1.500000000000000000000000000000e+01 2.250000000000000000000000000000e+02 2.000000000000000000000000000000e+02
1.788000000000000000000000000000e+03 5.000000000000000000000000000000e+00 2.500000000000000000000000000000e+01 2.010000000000000000000000000000e+02
1.791000000000000000000000000000e+03 7.000000000000000000000000000000e+00 4.900000000000000000000000000000e+01 2.020000000000000000000000000000e+02
1.796000000000000000000000000000e+03 1.000000000000000000000000000000e+01 1.000000000000000000000000000000e+02 2.030000000000000000000000000000e+02
1.804000000000000000000000000000e+03 5.000000000000000000000000000000e+00 2.500000000000000000000000000000e+01 2.040000000000000000000000000000e+02
1.806000000000000000000000000000e+03 6.000000000000000000000000000000e+00 3.600000000000000000000000000000e+01 2.050000000000000000000000000000e+02
1.810000000000000000000000000000e+03 1.000000000000000000000000000000e+00 1.000000000000000000000000000000e+00 2.060000000000000000000000000000e+02
1.870000000000000000000000000000e+03 1.000000000000000000000000000000e+00 1.000000000000000000000000000000e+00 2.070000000000000000000000000000e+02
1.876000000000000000000000000000e+03 6.000000000000000000000000000000e+00 3.600000000000000000000000000000e+01 2.080000000000000000000000000000e+02
1.890000000000000000000000000000e+03 2.000000000000000000000000000000e+00 4.000000000000000000000000000000e+00 2.090000000000000000000000000000e+02
1.906000000000000000000000000000e+03 9.000000000000000000000000000000e+00 8.100000000000000000000000000000e+01 2.100000000000000000000000000000e+02
1.914000000000000000000000000000e+03 1.400000000000000000000000000000e+01 1.960000000000000000000000000000e+02 2.110000000000000000000000000000e+02
1.917000000000000000000000000000e+03 1.300000000000000000000000000000e+01 1.690000000000000000000000000000e+02 2.120000000000000000000000000000e+02
1.929000000000000000000000000000e+03 1.300000000000000000000000000000e+01 1.690000000000000000000000000000e+02 2.130000000000000000000000000000e+02
1.932000000000000000000000000000e+03 9.000000000000000000000000000000e+00 8.100000000000000000000000000000e+01 2.140000000000000000000000000000e+02
1.952000000000000000000000000000e+03 3.700000000000000000000000000000e+01 1.369000000000000000000000000000e+03 2.150000000000000000000000000000e+02
1.971000000000000000000000000000e+03 1.800000000000000000000000000000e+01 3.240000000000000000000000000000e+02 2.160000000000000000000000000000e+02
1.975000000000000000000000000000e+03 2.300000000000000000000000000000e+01 5.290000000000000000000000000000e+02 2.170000000000000000000000000000e+02
1.983000000000000000000000000000e+03 2.000000000000000000000000000000e+00 4.000000000000000000000000000000e+00 2.180000000000000000000000000000e+02
2.042000000000000000000000000000e+03 1.100000000000000000000000000000e+01 1.210000000000000000000000000000e+02 2.190000000000000000000000000000e+02
2.064000000000000000000000000000e+03 1.700000000000000000000000000000e+01 2.890000000000000000000000000000e+02 2.200000000000000000000000000000e+02
2.067000000000000000000000000000e+03 1.100000000000000000000000000000e+01 1.210000000000000000000000000000e+02 2.210000000000000000000000000000e+02
2.087000000000000000000000000000e+03 1.200000000000000000000000000000e+01 1.440000000000000000000000000000e+02 2.220000000000000000000000000000e+02
2.090000000000000000000000000000e+03 1.200000000000000000000000000000e+01 1.440000000000000000000000000000e+02 2.230000000000000000000000000000e+02
2.114000000000000000000000000000e+03 3.500000000000000000000000000000e+01 1.225000000000000000000000000000e+03 2.240000000000000000000000000000e+02
2.117000000000000000000000000000e+03 1.000000000000000000000000000000e+00 1.000000000000000000000000000000e+00 2.250000000000000000000000000000e+02
2.126000000000000000000000000000e+03 4.000000000000000000000000000000e+00 1.600000000000000000000000000000e+01 2.260000000000000000000000000000e+02
2.128000000000000000000000000000e+03 1.300000000000000000000000000000e+01 1.690000000000000000000000000000e+02 2.270000000000000000000000000000e+02
2.135000000000000000000000000000e+03 1.600000000000000000000000000000e+01 2.560000000000000000000000000000e+02 2.280000000000000000000000000000e+02
2.142000000000000000000000000000e+03 5.000000000000000000000000000000e+00 2.500000000000000000000000000000e+01 2.290000000000000000000000000000e+02
2.155000000000000000000000000000e+03 3.000000000000000000000000000000e+00 9.000000000000000000000000000000e+00 2.300000000000000000000000000000e+02
2.163000000000000000000000000000e+03 5.000000000000000000000000000000e+00 2.500000000000000000000000000000e+01 2.310000000000000000000000000000e+02
2.176000000000000000000000000000e+03 1.000000000000000000000000000000e+01 1.000000000000000000000000000000e+02 2.320000000000000000000000000000e+02
2.178000000000000000000000000000e+03 1.100000000000000000000000000000e+01 1.210000000000000000000000000000e+02 2.330000000000000000000000000000e+02
2.180000000000000000000000000000e+03 2.300000000000000000000000000000e+01 5.290000000000000000000000000000e+02 2.340000000000000000000000000000e+02
2.203000000000000000000000000000e+03 1.200000000000000000000000000000e+01 1.440000000000000000000000000000e+02 2.350000000000000000000000000000e+02
2.215000000000000000000000000000e+03 2.500000000000000000000000000000e+01 6.250000000000000000000000000000e+02 2.360000000000000000000000000000e+02
2.216000000000000000000000000000e+03 1.200000000000000000000000000000e+01 1.440000000000000000000000000000e+02 2.370000000000000000000000000000e+02
2.220000000000000000000000000000e+03 2.000000000000000000000000000000e+00 4.000000000000000000000000000000e+00 2.380000000000000000000000000000e+02
2.231000000000000000000000000000e+03 1.200000000000000000000000000000e+01 1.440000000000000000000000000000e+02 2.390000000000000000000000000000e+02
2.253000000000000000000000000000e+03 2.200000000000000000000000000000e+01 4.840000000000000000000000000000e+02 2.400000000000000000000000000000e+02
2.257000000000000000000000000000e+03 5.000000000000000000000000000000e+00 2.500000000000000000000000000000e+01 2.410000000000000000000000000000e+02
2.269000000000000000000000000000e+03 8.000000000000000000000000000000e+00 6.400000000000000000000000000000e+01 2.420000000000000000000000000000e+02
2.277000000000000000000000000000e+03 1.000000000000000000000000000000e+01 1.000000000000000000000000000000e+02 2.430000000000000000000000000000e+02
2.284000000000000000000000000000e+03 2.200000000000000000000000000000e+01 4.840000000000000000000000000000e+02 2.440000000000000000000000000000e+02
2.290000000000000000000000000000e+03 2.000000000000000000000000000000e+00 4.000000000000000000000000000000e+00 2.450000000000000000000000000000e+02
2.296000000000000000000000000000e+03 1.400000000000000000000000000000e+01 1.960000000000000000000000000000e+02 2.460000000000000000000000000000e+02
2.301000000000000000000000000000e+03 6.000000000000000000000000000000e+00 3.600000000000000000000000000000e+01 2.470000000000000000000000000000e+02
2.332000000000000000000000000000e+03 2.600000000000000000000000000000e+01 6.760000000000000000000000000000e+02 2.480000000000000000000000000000e+02
2.337000000000000000000000000000e+03 1.600000000000000000000000000000e+01 2.560000000000000000000000000000e+02 2.490000000000000000000000000000e+02
2.342000000000000000000000000000e+03 1.900000000000000000000000000000e+01 3.610000000000000000000000000000e+02 2.500000000000000000000000000000e+02
2.345000000000000000000000000000e+03 1.200000000000000000000000000000e+01 1.440000000000000000000000000000e+02 2.510000000000000000000000000000e+02
2.351000000000000000000000000000e+03 1.100000000000000000000000000000e+01 1.210000000000000000000000000000e+02 2.520000000000000000000000000000e+02
2.352000000000000000000000000000e+03 1.400000000000000000000000000000e+01 1.960000000000000000000000000000e+02 2.530000000000000000000000000000e+02
2.394000000000000000000000000000e+03 8.000000000000000000000000000000e+00 6.400000000000000000000000000000e+01 2.540000000000000000000000000000e+02
2.401000000000000000000000000000e+03 6.000000000000000000000000000000e+00 3.600000000000000000000000000000e+01 2.550000000000000000000000000000e+02
2.403000000000000000000000000000e+03 1.800000000000000000000000000000e+01 3.240000000000000000000000000000e+02 2.560000000000000000000000000000e+02
2.410000000000000000000000000000e+03 2.000000000000000000000000000000e+00 4.000000000000000000000000000000e+00 2.570000000000000000000000000000e+02
2.412000000000000000000000000000e+03 1.000000000000000000000000000000e+00 1.000000000000000000000000000000e+00 2.580000000000000000000000000000e+02
2.432000000000000000000000000000e+03 1.900000000000000000000000000000e+01 3.610000000000000000000000000000e+02 2.590000000000000000000000000000e+02
2.455000000000000000000000000000e+03 4.000000000000000000000000000000e+00 1.600000000000000000000000000000e+01 2.600000000000000000000000000000e+02
2.461000000000000000000000000000e+03 2.000000000000000000000000000000e+00 4.000000000000000000000000000000e+00 2.610000000000000000000000000000e+02
2.482000000000000000000000000000e+03 2.000000000000000000000000000000e+00 4.000000000000000000000000000000e+00 2.620000000000000000000000000000e+02
2.483000000000000000000000000000e+03 2.900000000000000000000000000000e+01 8.410000000000000000000000000000e+02 2.630000000000000000000000000000e+02
2.486000000000000000000000000000e+03 3.000000000000000000000000000000e+00 9.000000000000000000000000000000e+00 2.640000000000000000000000000000e+02
2.488000000000000000000000000000e+03 2.900000000000000000000000000000e+01 8.410000000000000000000000000000e+02 2.650000000000000000000000000000e+02
2.496000000000000000000000000000e+03 3.000000000000000000000000000000e+00 9.000000000000000000000000000000e+00 2.660000000000000000000000000000e+02
2.520000000000000000000000000000e+03 2.000000000000000000000000000000e+01 4.000000000000000000000000000000e+02 2.670000000000000000000000000000e+02
2.530000000000000000000000000000e+03 1.100000000000000000000000000000e+01 1.210000000000000000000000000000e+02 2.680000000000000000000000000000e+02
2.548000000000000000000000000000e+03 8.000000000000000000000000000000e+00 6.400000000000000000000000000000e+01 2.690000000000000000000000000000e+02
2.556000000000000000000000000000e+03 3.000000000000000000000000000000e+00 9.000000000000000000000000000000e+00 2.700000000000000000000000000000e+02
2.579000000000000000000000000000e+03 2.000000000000000000000000000000e+01 4.000000000000000000000000000000e+02 2.710000000000000000000000000000e+02
2.583000000000000000000000000000e+03 1.300000000000000000000000000000e+01 1.690000000000000000000000000000e+02 2.720000000000000000000000000000e+02
2.589000000000000000000000000000e+03 3.200000000000000000000000000000e+01 1.024000000000000000000000000000e+03 2.730000000000000000000000000000e+02
2.617000000000000000000000000000e+03 2.000000000000000000000000000000e+00 4.000000000000000000000000000000e+00 2.740000000000000000000000000000e+02
2.644000000000000000000000000000e+03 5.000000000000000000000000000000e+00 2.500000000000000000000000000000e+01 2.750000000000000000000000000000e+02
2.647000000000000000000000000000e+03 2.300000000000000000000000000000e+01 5.290000000000000000000000000000e+02 2.760000000000000000000000000000e+02
2.653000000000000000000000000000e+03 2.000000000000000000000000000000e+00 4.000000000000000000000000000000e+00 2.770000000000000000000000000000e+02
2.654000000000000000000000000000e+03 1.100000000000000000000000000000e+01 1.210000000000000000000000000000e+02 2.780000000000000000000000000000e+02
2.693000000000000000000000000000e+03 6.000000000000000000000000000000e+00 3.600000000000000000000000000000e+01 2.790000000000000000000000000000e+02
2.711000000000000000000000000000e+03 2.700000000000000000000000000000e+01 7.290000000000000000000000000000e+02 2.800000000000000000000000000000e+02
2.723000000000000000000000000000e+03 3.000000000000000000000000000000e+00 9.000000000000000000000000000000e+00 2.810000000000000000000000000000e+02
2.730000000000000000000000000000e+03 7.000000000000000000000000000000e+00 4.900000000000000000000000000000e+01 2.820000000000000000000000000000e+02
2.741000000000000000000000000000e+03 3.000000000000000000000000000000e+00 9.000000000000000000000000000000e+00 2.830000000000000000000000000000e+02
2.752000000000000000000000000000e+03 1.900000000000000000000000000000e+01 3.610000000000000000000000000000e+02 2.840000000000000000000000000000e+02
2.760000000000000000000000000000e+03 1.900000000000000000000000000000e+01 3.610000000000000000000000000000e+02 2.850000000000000000000000000000e+02
2.766000000000000000000000000000e+03 5.000000000000000000000000000000e+00 2.500000000000000000000000000000e+01 2.860000000000000000000000000000e+02
2.768000000000000000000000000000e+03 1.200000000000000000000000000000e+01 1.440000000000000000000000000000e+02 2.870000000000000000000000000000e+02
2.778000000000000000000000000000e+03 7.000000000000000000000000000000e+00 4.900000000000000000000000000000e+01 2.880000000000000000000000000000e+02
2.779000000000000000000000000000e+03 1.300000000000000000000000000000e+01 1.690000000000000000000000000000e+02 2.890000000000000000000000000000e+02
2.780000000000000000000000000000e+03 2.500000000000000000000000000000e+01 6.250000000000000000000000000000e+02 2.900000000000000000000000000000e+02
2.789000000000000000000000000000e+03 4.000000000000000000000000000000e+00 1.600000000000000000000000000000e+01 2.910000000000000000000000000000e+02
2.792000000000000000000000000000e+03 3.400000000000000000000000000000e+01 1.156000000000000000000000000000e+03 2.920000000000000000000000000000e+02
2.818000000000000000000000000000e+03 3.100000000000000000000000000000e+01 9.610000000000000000000000000000e+02 2.930000000000000000000000000000e+02
2.820000000000000000000000000000e+03 1.000000000000000000000000000000e+01 1.000000000000000000000000000000e+02 2.940000000000000000000000000000e+02
2.826000000000000000000000000000e+03 1.200000000000000000000000000000e+01 1.440000000000000000000000000000e+02 2.950000000000000000000000000000e+02
2.831000000000000000000000000000e+03 4.000000000000000000000000000000e+01 1.600000000000000000000000000000e+03 2.960000000000000000000000000000e+02
2.851000000000000000000000000000e+03 1.300000000000000000000000000000e+01 1.690000000000000000000000000000e+02 2.970000000000000000000000000000e+02
2.853000000000000000000000000000e+03 5.000000000000000000000000000000e+00 2.500000000000000000000000000000e+01 2.980000000000000000000000000000e+02
2.854000000000000000000000000000e+03 4.000000000000000000000000000000e+00 1.600000000000000000000000000000e+01 2.990000000000000000000000000000e+02
2.859000000000000000000000000000e+03 6.000000000000000000000000000000e+00 3.600000000000000000000000000000e+01 3.000000000000000000000000000000e+02
2.869000000000000000000000000000e+03 2.000000000000000000000000000000e+00 4.000000000000000000000000000000e+00 3.010000000000000000000000000000e+02
2.876000000000000000000000000000e+03 2.000000000000000000000000000000e+00 4.000000000000000000000000000000e+00 3.020000000000000000000000000000e+02
2.878000000000000000000000000000e+03 7.000000000000000000000000000000e+00 4.900000000000000000000000000000e+01 3.030000000000000000000000000000e+02
2.880000000000000000000000000000e+03 2.000000000000000000000000000000e+00 4.000000000000000000000000000000e+00 3.040000000000000000000000000000e+02
2.883000000000000000000000000000e+03 3.400000000000000000000000000000e+01 1.156000000000000000000000000000e+03 3.050000000000000000000000000000e+02
2.890000000000000000000000000000e+03 5.000000000000000000000000000000e+00 2.500000000000000000000000000000e+01 3.060000000000000000000000000000e+02
2.909000000000000000000000000000e+03 2.500000000000000000000000000000e+01 6.250000000000000000000000000000e+02 3.070000000000000000000000000000e+02
2.914000000000000000000000000000e+03 6.000000000000000000000000000000e+00 3.600000000000000000000000000000e+01 3.080000000000000000000000000000e+02
2.916000000000000000000000000000e+03 2.000000000000000000000000000000e+00 4.000000000000000000000000000000e+00 3.090000000000000000000000000000e+02
2.919000000000000000000000000000e+03 1.200000000000000000000000000000e+01 1.440000000000000000000000000000e+02 3.100000000000000000000000000000e+02
2.936000000000000000000000000000e+03 1.000000000000000000000000000000e+01 1.000000000000000000000000000000e+02 3.110000000000000000000000000000e+02
2.952000000000000000000000000000e+03 2.200000000000000000000000000000e+01 4.840000000000000000000000000000e+02 3.120000000000000000000000000000e+02
2.960000000000000000000000000000e+03 7.000000000000000000000000000000e+00 4.900000000000000000000000000000e+01 3.130000000000000000000000000000e+02
2.962000000000000000000000000000e+03 5.000000000000000000000000000000e+00 2.500000000000000000000000000000e+01 3.140000000000000000000000000000e+02
2.965000000000000000000000000000e+03 6.000000000000000000000000000000e+00 3.600000000000000000000000000000e+01 3.150000000000000000000000000000e+02
2.973000000000000000000000000000e+03 3.900000000000000000000000000000e+01 1.521000000000000000000000000000e+03 3.160000000000000000000000000000e+02
2.986000000000000000000000000000e+03 1.900000000000000000000000000000e+01 3.610000000000000000000000000000e+02 3.170000000000000000000000000000e+02
3.001000000000000000000000000000e+03 2.000000000000000000000000000000e+01 4.000000000000000000000000000000e+02 3.180000000000000000000000000000e+02
3.002000000000000000000000000000e+03 1.400000000000000000000000000000e+01 1.960000000000000000000000000000e+02 3.190000000000000000000000000000e+02
3.027000000000000000000000000000e+03 1.000000000000000000000000000000e+01 1.000000000000000000000000000000e+02 3.200000000000000000000000000000e+02
3.049000000000000000000000000000e+03 3.000000000000000000000000000000e+00 9.000000000000000000000000000000e+00 3.210000000000000000000000000000e+02
3.060000000000000000000000000000e+03 1.000000000000000000000000000000e+00 1.000000000000000000000000000000e+00 3.220000000000000000000000000000e+02
3.079000000000000000000000000000e+03 1.400000000000000000000000000000e+01 1.960000000000000000000000000000e+02 3.230000000000000000000000000000e+02
3.083000000000000000000000000000e+03 7.000000000000000000000000000000e+00 4.900000000000000000000000000000e+01 3.240000000000000000000000000000e+02
3.084000000000000000000000000000e+03 2.000000000000000000000000000000e+00 4.000000000000000000000000000000e+00 3.250000000000000000000000000000e+02
3.101000000000000000000000000000e+03 9.000000000000000000000000000000e+00 8.100000000000000000000000000000e+01 3.260000000000000000000000000000e+02
3.117000000000000000000000000000e+03 6.000000000000000000000000000000e+00 3.600000000000000000000000000000e+01 3.270000000000000000000000000000e+02
3.138000000000000000000000000000e+03 1.900000000000000000000000000000e+01 3.610000000000000000000000000000e+02 3.280000000000000000000000000000e+02
3.140000000000000000000000000000e+03 2.000000000000000000000000000000e+00 4.000000000000000000000000000000e+00 3.290000000000000000000000000000e+02
3.141000000000000000000000000000e+03 2.200000000000000000000000000000e+01 4.840000000000000000000000000000e+02 3.300000000000000000000000000000e+02
3.148000000000000000000000000000e+03 1.100000000000000000000000000000e+01 1.210000000000000000000000000000e+02 3.310000000000000000000000000000e+02
3.153000000000000000000000000000e+03 1.600000000000000000000000000000e+01 2.560000000000000000000000000000e+02 3.320000000000000000000000000000e+02
3.178000000000000000000000000000e+03 1.000000000000000000000000000000e+00 1.000000000000000000000000000000e+00 3.330000000000000000000000000000e+02
3.181000000000000000000000000000e+03 1.400000000000000000000000000000e+01 1.960000000000000000000000000000e+02 3.340000000000000000000000000000e+02
3.189000000000000000000000000000e+03 1.900000000000000000000000000000e+01 3.610000000000000000000000000000e+02 3.350000000000000000000000000000e+02
3.206000000000000000000000000000e+03 1.900000000000000000000000000000e+01 3.610000000000000000000000000000e+02 3.360000000000000000000000000000e+02
3.218000000000000000000000000000e+03 1.000000000000000000000000000000e+00 1.000000000000000000000000000000e+00 3.370000000000000000000000000000e+02
3.227000000000000000000000000000e+03 2.000000000000000000000000000000e+00 4.000000000000000000000000000000e+00 3.380000000000000000000000000000e+02
3.233000000000000000000000000000e+03 5.000000000000000000000000000000e+00 2.500000000000000000000000000000e+01 3.390000000000000000000000000000e+02
3.240000000000000000000000000000e+03 9.000000000000000000000000000000e+00 8.100000000000000000000000000000e+01 3.400000000000000000000000000000e+02
3.252000000000000000000000000000e+03 1.700000000000000000000000000000e+01 2.890000000000000000000000000000e+02 3.410000000000000000000000000000e+02
3.264000000000000000000000000000e+03 2.200000000000000000000000000000e+01 4.840000000000000000000000000000e+02 3.420000000000000000000000000000e+02
3.279000000000000000000000000000e+03 3.000000000000000000000000000000e+00 9.000000000000000000000000000000e+00 3.430000000000000000000000000000e+02
3.290000000000000000000000000000e+03 2.000000000000000000000000000000e+00 4.000000000000000000000000000000e+00 3.440000000000000000000000000000e+02
3.306000000000000000000000000000e+03 9.000000000000000000000000000000e+00 8.100000000000000000000000000000e+01 3.450000000000000000000000000000e+02
3.319000000000000000000000000000e+03 1.000000000000000000000000000000e+00 1.000000000000000000000000000000e+00 3.460000000000000000000000000000e+02
3.321000000000000000000000000000e+03 1.100000000000000000000000000000e+01 1.210000000000000000000000000000e+02 3.470000000000000000000000000000e+02
3.326000000000000000000000000000e+03 1.100000000000000000000000000000e+01 1.210000000000000000000000000000e+02 3.480000000000000000000000000000e+02
3.327000000000000000000000000000e+03 6.000000000000000000000000000000e+00 3.600000000000000000000000000000e+01 3.490000000000000000000000000000e+02
3.345000000000000000000000000000e+03 2.000000000000000000000000000000e+00 4.000000000000000000000000000000e+00 3.500000000000000000000000000000e+02
3.360000000000000000000000000000e+03 1.600000000000000000000000000000e+01 2.560000000000000000000000000000e+02 3.510000000000000000000000000000e+02
3.383000000000000000000000000000e+03 1.400000000000000000000000000000e+01 1.960000000000000000000000000000e+02 3.520000000000000000000000000000e+02
3.387000000000000000000000000000e+03 5.600000000000000000000000000000e+01 3.136000000000000000000000000000e+03 3.530000000000000000000000000000e+02
3.397000000000000000000000000000e+03 1.100000000000000000000000000000e+01 1.210000000000000000000000000000e+02 3.540000000000000000000000000000e+02
3.398000000000000000000000000000e+03 1.100000000000000000000000000000e+01 1.210000000000000000000000000000e+02 3.550000000000000000000000000000e+02
3.427000000000000000000000000000e+03 1.200000000000000000000000000000e+01 1.440000000000000000000000000000e+02 3.560000000000000000000000000000e+02
3.431000000000000000000000000000e+03 1.400000000000000000000000000000e+01 1.960000000000000000000000000000e+02 3.570000000000000000000000000000e+02
3.467000000000000000000000000000e+03 3.500000000000000000000000000000e+01 1.225000000000000000000000000000e+03 3.580000000000000000000000000000e+02
3.485000000000000000000000000000e+03 3.000000000000000000000000000000e+00 9.000000000000000000000000000000e+00 3.590000000000000000000000000000e+02
3.489000000000000000000000000000e+03 2.000000000000000000000000000000e+00 4.000000000000000000000000000000e+00 3.600000000000000000000000000000e+02
3.491000000000000000000000000000e+03 1.600000000000000000000000000000e+01 2.560000000000000000000000000000e+02 3.610000000000000000000000000000e+02
3.501000000000000000000000000000e+03 1.000000000000000000000000000000e+01 1.000000000000000000000000000000e+02 3.620000000000000000000000000000e+02
3.512000000000000000000000000000e+03 8.000000000000000000000000000000e+00 6.400000000000000000000000000000e+01 3.630000000000000000000000000000e+02
3.516000000000000000000000000000e+03 1.500000000000000000000000000000e+01 2.250000000000000000000000000000e+02 3.640000000000000000000000000000e+02
3.522000000000000000000000000000e+03 4.000000000000000000000000000000e+00 1.600000000000000000000000000000e+01 3.650000000000000000000000000000e+02
3.524000000000000000000000000000e+03 2.000000000000000000000000000000e+00 4.000000000000000000000000000000e+00 3.660000000000000000000000000000e+02
3.528000000000000000000000000000e+03 1.500000000000000000000000000000e+01 2.250000000000000000000000000000e+02 3.670000000000000000000000000000e+02
3.529000000000000000000000000000e+03 1.900000000000000000000000000000e+01 3.610000000000000000000000000000e+02 3.680000000000000000000000000000e+02
3.544000000000000000000000000000e+03 1.300000000000000000000000000000e+01 1.690000000000000000000000000000e+02 3.690000000000000000000000000000e+02
3.548000000000000000000000000000e+03 1.600000000000000000000000000000e+01 2.560000000000000000000000000000e+02 3.700000000000000000000000000000e+02
3.577000000000000000000000000000e+03 8.000000000000000000000000000000e+00 6.400000000000000000000000000000e+01 3.710000000000000000000000000000e+02
3.595000000000000000000000000000e+03 5.000000000000000000000000000000e+00 2.500000000000000000000000000000e+01 3.720000000000000000000000000000e+02
3.599000000000000000000000000000e+03 4.000000000000000000000000000000e+00 1.600000000000000000000000000000e+01 3.730000000000000000000000000000e+02
3.618000000000000000000000000000e+03 8.000000000000000000000000000000e+00 6.400000000000000000000000000000e+01 3.740000000000000000000000000000e+02
3.622000000000000000000000000000e+03 4.000000000000000000000000000000e+00 1.600000000000000000000000000000e+01 3.750000000000000000000000000000e+02
3.629000000000000000000000000000e+03 7.000000000000000000000000000000e+00 4.900000000000000000000000000000e+01 3.760000000000000000000000000000e+02
3.633000000000000000000000000000e+03 7.000000000000000000000000000000e+00 4.900000000000000000000000000000e+01 3.770000000000000000000000000000e+02
3.637000000000000000000000000000e+03 1.300000000000000000000000000000e+01 1.690000000000000000000000000000e+02 3.780000000000000000000000000000e+02
3.640000000000000000000000000000e+03 4.000000000000000000000000000000e+00 1.600000000000000000000000000000e+01 3.790000000000000000000000000000e+02
3.655000000000000000000000000000e+03 1.000000000000000000000000000000e+00 1.000000000000000000000000000000e+00 3.800000000000000000000000000000e+02
3.656000000000000000000000000000e+03 1.000000000000000000000000000000e+00 1.000000000000000000000000000000e+00 3.810000000000000000000000000000e+02
3.661000000000000000000000000000e+03 9.000000000000000000000000000000e+00 8.100000000000000000000000000000e+01 3.820000000000000000000000000000e+02
3.672000000000000000000000000000e+03 1.000000000000000000000000000000e+00 1.000000000000000000000000000000e+00 3.830000000000000000000000000000e+02
3.684000000000000000000000000000e+03 5.000000000000000000000000000000e+00 2.500000000000000000000000000000e+01 3.840000000000000000000000000000e+02
3.695000000000000000000000000000e+03 5.000000000000000000000000000000e+00 2.500000000000000000000000000000e+01 3.850000000000000000000000000000e+02
3.705000000000000000000000000000e+03 1.000000000000000000000000000000e+00 1.000000000000000000000000000000e+00 3.860000000000000000000000000000e+02
3.712000000000000000000000000000e+03 2.000000000000000000000000000000e+01 4.000000000000000000000000000000e+02 3.870000000000000000000000000000e+02
3.713000000000000000000000000000e+03 1.000000000000000000000000000000e+00 1.000000000000000000000000000000e+00 3.880000000000000000000000000000e+02
3.725000000000000000000000000000e+03 6.000000000000000000000000000000e+00 3.600000000000000000000000000000e+01 3.890000000000000000000000000000e+02
3.741000000000000000000000000000e+03 6.200000000000000000000000000000e+01 3.844000000000000000000000000000e+03 3.900000000000000000000000000000e+02
3.744000000000000000000000000000e+03 1.000000000000000000000000000000e+00 1.000000000000000000000000000000e+00 3.910000000000000000000000000000e+02
3.750000000000000000000000000000e+03 1.600000000000000000000000000000e+01 2.560000000000000000000000000000e+02 3.920000000000000000000000000000e+02
3.754000000000000000000000000000e+03 4.100000000000000000000000000000e+01 1.681000000000000000000000000000e+03 3.930000000000000000000000000000e+02
3.761000000000000000000000000000e+03 2.800000000000000000000000000000e+01 7.840000000000000000000000000000e+02 3.940000000000000000000000000000e+02
3.801000000000000000000000000000e+03 7.000000000000000000000000000000e+00 4.900000000000000000000000000000e+01 3.950000000000000000000000000000e+02
3.803000000000000000000000000000e+03 6.000000000000000000000000000000e+00 3.600000000000000000000000000000e+01 3.960000000000000000000000000000e+02
3.807000000000000000000000000000e+03 1.800000000000000000000000000000e+01 3.240000000000000000000000000000e+02 3.970000000000000000000000000000e+02
3.832000000000000000000000000000e+03 1.000000000000000000000000000000e+00 1.000000000000000000000000000000e+00 3.980000000000000000000000000000e+02
3.863000000000000000000000000000e+03 2.900000000000000000000000000000e+01 8.410000000000000000000000000000e+02 3.990000000000000000000000000000e+02
