0.000000000000000000000000000000e+00 3.000000000000000000000000000000e+00 9.000000000000000000000000000000e+00 0.000000000000000000000000000000e+00
4.000000000000000000000000000000e+00 4.500000000000000000000000000000e+01 2.025000000000000000000000000000e+03 1.000000000000000000000000000000e+00
9.000000000000000000000000000000e+00 3.000000000000000000000000000000e+00 9.000000000000000000000000000000e+00 2.000000000000000000000000000000e+00
1.400000000000000000000000000000e+01 6.000000000000000000000000000000e+00 3.600000000000000000000000000000e+01 3.000000000000000000000000000000e+00
1.700000000000000000000000000000e+01 7.000000000000000000000000000000e+00 4.900000000000000000000000000000e+01 4.000000000000000000000000000000e+00
2.800000000000000000000000000000e+01 1.700000000000000000000000000000e+01 2.890000000000000000000000000000e+02 5.000000000000000000000000000000e+00
3.400000000000000000000000000000e+01 3.200000000000000000000000000000e+01 1.024000000000000000000000000000e+03 6.000000000000000000000000000000e+00
4.200000000000000000000000000000e+01 4.000000000000000000000000000000e+00 1.600000000000000000000000000000e+01 7.000000000000000000000000000000e+00
4.900000000000000000000000000000e+01 1.700000000000000000000000000000e+01 2.890000000000000000000000000000e+02 8.000000000000000000000000000000e+00
5.400000000000000000000000000000e+01 3.000000000000000000000000000000e+00 9.000000000000000000000000000000e+00 9.000000000000000000000000000000e+00
5.700000000000000000000000000000e+01 2.000000000000000000000000000000e+00 4.000000000000000000000000000000e+00 1.000000000000000000000000000000e+01
5.900000000000000000000000000000e+01 1.000000000000000000000000000000e+00 1.000000000000000000000000000000e+00 1.100000000000000000000000000000e+01
6.300000000000000000000000000000e+01 1.000000000000000000000000000000e+00 1.000000000000000000000000000000e+00 1.200000000000000000000000000000e+01
6.500000000000000000000000000000e+01 4.000000000000000000000000000000e+00 1.600000000000000000000000000000e+01 1.300000000000000000000000000000e+01
6.800000000000000000000000000000e+01 1.400000000000000000000000000000e+01 1.960000000000000000000000000000e+02 1.400000000000000000000000000000e+01
7.400000000000000000000000000000e+01 1.200000000000000000000000000000e+01 1.440000000000000000000000000000e+02 1.500000000000000000000000000000e+01
8.000000000000000000000000000000e+01 3.600000000000000000000000000000e+01 1.296000000000000000000000000000e+03 1.600000000000000000000000000000e+01
8.800000000000000000000000000000e+01 1.400000000000000000000000000000e+01 1.960000000000000000000000000000e+02 1.700000000000000000000000000000e+01
9.100000000000000000000000000000e+01 1.000000000000000000000000000000e+00 1.000000000000000000000000000000e+00 1.800000000000000000000000000000e+01
9.600000000000000000000000000000e+01 7.000000000000000000000000000000e+00 4.900000000000000000000000000000e+01 1.900000000000000000000000000000e+01
1.000000000000000000000000000000e+02 8.000000000000000000000000000000e+00 6.400000000000000000000000000000e+01 2.000000000000000000000000000000e+01
1.040000000000000000000000000000e+02 8.000000000000000000000000000000e+00 6.400000000000000000000000000000e+01 2.100000000000000000000000000000e+01
1.080000000000000000000000000000e+02 1.000000000000000000000000000000e+00 1.000000000000000000000000000000e+00 2.200000000000000000000000000000e+01
1.260000000000000000000000000000e+02 7.000000000000000000000000000000e+00 4.900000000000000000000000000000e+01 2.300000000000000000000000000000e+01
1.430000000000000000000000000000e+02 2.900000000000000000000000000000e+01 8.410000000000000000000000000000e+02 2.400000000000000000000000000000e+01
1.490000000000000000000000000000e+02 6.100000000000000000000000000000e+01 3.721000000000000000000000000000e+03 2.500000000000000000000000000000e+01
1.660000000000000000000000000000e+02 1.800000000000000000000000000000e+01 3.240000000000000000000000000000e+02 2.600000000000000000000000000000e+01
1.880000000000000000000000000000e+02 1.200000000000000000000000000000e+01 1.440000000000000000000000000000e+02 2.700000000000000000000000000000e+01
1.890000000000000000000000000000e+02 1.300000000000000000000000000000e+01 1.690000000000000000000000000000e+02 2.800000000000000000000000000000e+01
1.900000000000000000000000000000e+02 3.000000000000000000000000000000e+00 9.000000000000000000000000000000e+00 2.900000000000000000000000000000e+01
1.960000000000000000000000000000e+02 6.000000000000000000000000000000e+00 3.600000000000000000000000000000e+01 3.000000000000000000000000000000e+01
2.020000000000000000000000000000e+02 4.000000000000000000000000000000e+00 1.600000000000000000000000000000e+01 3.100000000000000000000000000000e+01
2.050000000000000000000000000000e+02 1.200000000000000000000000000000e+01 1.440000000000000000000000000000e+02 3.200000000000000000000000000000e+01
2.200000000000000000000000000000e+02 1.100000000000000000000000000000e+01 1.210000000000000000000000000000e+02 3.300000000000000000000000000000e+01
2.230000000000000000000000000000e+02 4.000000000000000000000000000000e+00 1.600000000000000000000000000000e+01 3.400000000000000000000000000000e+01
2.250000000000000000000000000000e+02 8.000000000000000000000000000000e+00 6.400000000000000000000000000000e+01 3.500000000000000000000000000000e+01
2.270000000000000000000000000000e+02 1.500000000000000000000000000000e+01 2.250000000000000000000000000000e+02 3.600000000000000000000000000000e+01
2.320000000000000000000000000000e+02 1.100000000000000000000000000000e+01 1.210000000000000000000000000000e+02 3.700000000000000000000000000000e+01
2.330000000000000000000000000000e+02 2.000000000000000000000000000000e+00 4.000000000000000000000000000000e+00 3.800000000000000000000000000000e+01
2.340000000000000000000000000000e+02 1.200000000000000000000000000000e+01 1.440000000000000000000000000000e+02 3.900000000000000000000000000000e+01
2.400000000000000000000000000000e+02 1.800000000000000000000000000000e+01 3.240000000000000000000000000000e+02 4.000000000000000000000000000000e+01
2.520000000000000000000000000000e+02 3.000000000000000000000000000000e+00 9.000000000000000000000000000000e+00 4.100000000000000000000000000000e+01
2.590000000000000000000000000000e+02 1.200000000000000000000000000000e+01 1.440000000000000000000000000000e+02 4.200000000000000000000000000000e+01
2.620000000000000000000000000000e+02 1.300000000000000000000000000000e+01 1.690000000000000000000000000000e+02 4.300000000000000000000000000000e+01
2.670000000000000000000000000000e+02 1.200000000000000000000000000000e+01 1.440000000000000000000000000000e+02 4.400000000000000000000000000000e+01
2.900000000000000000000000000000e+02 2.000000000000000000000000000000e+01 4.000000000000000000000000000000e+02 4.500000000000000000000000000000e+01
3.010000000000000000000000000000e+02 1.000000000000000000000000000000e+00 1.000000000000000000000000000000e+00 4.600000000000000000000000000000e+01
3.140000000000000000000000000000e+02 1.000000000000000000000000000000e+00 1.000000000000000000000000000000e+00 4.700000000000000000000000000000e+01
3.200000000000000000000000000000e+02 3.200000000000000000000000000000e+01 1.024000000000000000000000000000e+03 4.800000000000000000000000000000e+01
3.280000000000000000000000000000e+02 6.000000000000000000000000000000e+00 3.600000000000000000000000000000e+01 4.900000000000000000000000000000e+01
3.530000000000000000000000000000e+02 5.000000000000000000000000000000e+00 2.500000000000000000000000000000e+01 5.000000000000000000000000000000e+01
3.550000000000000000000000000000e+02 3.000000000000000000000000000000e+00 9.000000000000000000000000000000e+00 5.100000000000000000000000000000e+01
3.620000000000000000000000000000e+02 5.000000000000000000000000000000e+00 2.500000000000000000000000000000e+01 5.200000000000000000000000000000e+01
3.640000000000000000000000000000e+02 2.900000000000000000000000000000e+01 8.410000000000000000000000000000e+02 5.300000000000000000000000000000e+01
3.690000000000000000000000000000e+02 1.700000000000000000000000000000e+01 2.890000000000000000000000000000e+02 5.400000000000000000000000000000e+01
3.740000000000000000000000000000e+02 1.800000000000000000000000000000e+01 3.240000000000000000000000000000e+02 5.500000000000000000000000000000e+01
3.790000000000000000000000000000e+02 2.300000000000000000000000000000e+01 5.290000000000000000000000000000e+02 5.600000000000000000000000000000e+01
3.900000000000000000000000000000e+02 4.000000000000000000000000000000e+00 1.600000000000000000000000000000e+01 5.700000000000000000000000000000e+01
3.940000000000000000000000000000e+02 1.000000000000000000000000000000e+00 1.000000000000000000000000000000e+00 5.800000000000000000000000000000e+01
3.950000000000000000000000000000e+02 2.000000000000000000000000000000e+00 4.000000000000000000000000000000e+00 5.900000000000000000000000000000e+01
3.970000000000000000000000000000e+02 9.000000000000000000000000000000e+00 8.100000000000000000000000000000e+01 6.000000000000000000000000000000e+01
4.060000000000000000000000000000e+02 4.000000000000000000000000000000e+00 1.600000000000000000000000000000e+01 6.100000000000000000000000000000e+01
4.080000000000000000000000000000e+02 5.000000000000000000000000000000e+00 2.500000000000000000000000000000e+01 6.200000000000000000000000000000e+01
4.150000000000000000000000000000e+02 1.400000000000000000000000000000e+01 1.960000000000000000000000000000e+02 6.300000000000000000000000000000e+01
4.170000000000000000000000000000e+02 6.000000000000000000000000000000e+00 3.600000000000000000000000000000e+01 6.400000000000000000000000000000e+01
4.480000000000000000000000000000e+02 2.200000000000000000000000000000e+01 4.840000000000000000000000000000e+02 6.500000000000000000000000000000e+01
4.500000000000000000000000000000e+02 7.000000000000000000000000000000e+00 4.900000000000000000000000000000e+01 6.600000000000000000000000000000e+01
4.520000000000000000000000000000e+02 2.500000000000000000000000000000e+01 6.250000000000000000000000000000e+02 6.700000000000000000000000000000e+01
4.600000000000000000000000000000e+02 1.500000000000000000000000000000e+01 2.250000000000000000000000000000e+02 6.800000000000000000000000000000e+01
4.630000000000000000000000000000e+02 5.000000000000000000000000000000e+00 2.500000000000000000000000000000e+01 6.900000000000000000000000000000e+01
4.710000000000000000000000000000e+02 7.000000000000000000000000000000e+00 4.900000000000000000000000000000e+01 7.000000000000000000000000000000e+01
4.750000000000000000000000000000e+02 2.400000000000000000000000000000e+01 5.760000000000000000000000000000e+02 7.100000000000000000000000000000e+01
4.810000000000000000000000000000e+02 5.000000000000000000000000000000e+00 2.500000000000000000000000000000e+01 7.200000000000000000000000000000e+01
4.820000000000000000000000000000e+02 8.000000000000000000000000000000e+00 6.400000000000000000000000000000e+01 7.300000000000000000000000000000e+01
4.870000000000000000000000000000e+02 1.600000000000000000000000000000e+01 2.560000000000000000000000000000e+02 7.400000000000000000000000000000e+01
5.070000000000000000000000000000e+02 7.000000000000000000000000000000e+00 4.900000000000000000000000000000e+01 7.500000000000000000000000000000e+01
5.130000000000000000000000000000e+02 1.500000000000000000000000000000e+01 2.250000000000000000000000000000e+02 7.600000000000000000000000000000e+01
5.210000000000000000000000000000e+02 5.700000000000000000000000000000e+01 3.249000000000000000000000000000e+03 7.700000000000000000000000000000e+01
5.290000000000000000000000000000e+02 2.400000000000000000000000000000e+01 5.760000000000000000000000000000e+02 7.800000000000000000000000000000e+01
5.430000000000000000000000000000e+02 4.000000000000000000000000000000e+00 1.600000000000000000000000000000e+01 7.900000000000000000000000000000e+01
5.530000000000000000000000000000e+02 4.000000000000000000000000000000e+00 1.600000000000000000000000000000e+01 8.000000000000000000000000000000e+01
5.580000000000000000000000000000e+02 1.600000000000000000000000000000e+01 2.560000000000000000000000000000e+02 8.100000000000000000000000000000e+01
5.670000000000000000000000000000e+02 1.000000000000000000000000000000e+00 1.000000000000000000000000000000e+00 8.200000000000000000000000000000e+01
5.940000000000000000000000000000e+02 2.500000000000000000000000000000e+01 6.250000000000000000000000000000e+02 8.300000000000000000000000000000e+01
6.040000000000000000000000000000e+02 1.200000000000000000000000000000e+01 1.440000000000000000000000000000e+02 8.400000000000000000000000000000e+01
6.060000000000000000000000000000e+02 1.000000000000000000000000000000e+00 1.000000000000000000000000000000e+00 8.500000000000000000000000000000e+01
6.070000000000000000000000000000e+02 7.000000000000000000000000000000e+00 4.900000000000000000000000000000e+01 8.600000000000000000000000000000e+01
6.180000000000000000000000000000e+02 2.400000000000000000000000000000e+01 5.760000000000000000000000000000e+02 8.700000000000000000000000000000e+01
6.210000000000000000000000000000e+02 6.000000000000000000000000000000e+00 3.600000000000000000000000000000e+01 8.800000000000000000000000000000e+01
6.220000000000000000000000000000e+02 2.000000000000000000000000000000e+00 4.000000000000000000000000000000e+00 8.900000000000000000000000000000e+01
6.250000000000000000000000000000e+02 4.100000000000000000000000000000e+01 1.681000000000000000000000000000e+03 9.000000000000000000000000000000e+01
6.290000000000000000000000000000e+02 1.600000000000000000000000000000e+01 2.560000000000000000000000000000e+02 9.100000000000000000000000000000e+01
6.310000000000000000000000000000e+02 1.700000000000000000000000000000e+01 2.890000000000000000000000000000e+02 9.200000000000000000000000000000e+01
6.330000000000000000000000000000e+02 3.000000000000000000000000000000e+00 9.000000000000000000000000000000e+00 9.300000000000000000000000000000e+01
6.430000000000000000000000000000e+02 7.000000000000000000000000000000e+00 4.900000000000000000000000000000e+01 9.400000000000000000000000000000e+01
6.460000000000000000000000000000e+02 4.000000000000000000000000000000e+00 1.600000000000000000000000000000e+01 9.500000000000000000000000000000e+01
6.600000000000000000000000000000e+02 1.000000000000000000000000000000e+00 1.000000000000000000000000000000e+00 9.600000000000000000000000000000e+01
6.650000000000000000000000000000e+02 5.000000000000000000000000000000e+00 2.500000000000000000000000000000e+01 9.700000000000000000000000000000e+01
6.670000000000000000000000000000e+02 7.000000000000000000000000000000e+00 4.900000000000000000000000000000e+01 9.800000000000000000000000000000e+01
6.680000000000000000000000000000e+02 9.000000000000000000000000000000e+00 8.100000000000000000000000000000e+01 9.900000000000000000000000000000e+01
6.700000000000000000000000000000e+02 1.000000000000000000000000000000e+00 1.000000000000000000000000000000e+00 1.000000000000000000000000000000e+02
6.710000000000000000000000000000e+02 1.000000000000000000000000000000e+01 1.000000000000000000000000000000e+02 1.010000000000000000000000000000e+02
6.770000000000000000000000000000e+02 4.000000000000000000000000000000e+00 1.600000000000000000000000000000e+01 1.020000000000000000000000000000e+02
6.800000000000000000000000000000e+02 3.300000000000000000000000000000e+01 1.089000000000000000000000000000e+03 1.030000000000000000000000000000e+02
6.830000000000000000000000000000e+02 1.100000000000000000000000000000e+01 1.210000000000000000000000000000e+02 1.040000000000000000000000000000e+02
6.960000000000000000000000000000e+02 1.400000000000000000000000000000e+01 1.960000000000000000000000000000e+02 1.050000000000000000000000000000e+02
7.010000000000000000000000000000e+02 8.000000000000000000000000000000e+00 6.400000000000000000000000000000e+01 1.060000000000000000000000000000e+02
7.020000000000000000000000000000e+02 1.000000000000000000000000000000e+00 1.000000000000000000000000000000e+00 1.070000000000000000000000000000e+02
7.080000000000000000000000000000e+02 1.700000000000000000000000000000e+01 2.890000000000000000000000000000e+02 1.080000000000000000000000000000e+02
7.120000000000000000000000000000e+02 1.100000000000000000000000000000e+01 1.210000000000000000000000000000e+02 1.090000000000000000000000000000e+02
7.140000000000000000000000000000e+02 1.200000000000000000000000000000e+01 1.440000000000000000000000000000e+02 1.100000000000000000000000000000e+02
7.190000000000000000000000000000e+02 2.300000000000000000000000000000e+01 5.290000000000000000000000000000e+02 1.110000000000000000000000000000e+02
7.390000000000000000000000000000e+02 2.300000000000000000000000000000e+01 5.290000000000000000000000000000e+02 1.120000000000000000000000000000e+02
7.510000000000000000000000000000e+02 2.200000000000000000000000000000e+01 4.840000000000000000000000000000e+02 1.130000000000000000000000000000e+02
7.570000000000000000000000000000e+02 1.000000000000000000000000000000e+00 1.000000000000000000000000000000e+00 1.140000000000000000000000000000e+02
7.630000000000000000000000000000e+02 2.200000000000000000000000000000e+01 4.840000000000000000000000000000e+02 1.150000000000000000000000000000e+02
7.640000000000000000000000000000e+02 2.500000000000000000000000000000e+01 6.250000000000000000000000000000e+02 1.160000000000000000000000000000e+02
7.660000000000000000000000000000e+02 3.000000000000000000000000000000e+00 9.000000000000000000000000000000e+00 1.170000000000000000000000000000e+02
7.690000000000000000000000000000e+02 1.000000000000000000000000000000e+00 1.000000000000000000000000000000e+00 1.180000000000000000000000000000e+02
7.760000000000000000000000000000e+02 4.000000000000000000000000000000e+00 1.600000000000000000000000000000e+01 1.190000000000000000000000000000e+02
7.800000000000000000000000000000e+02 3.700000000000000000000000000000e+01 1.369000000000000000000000000000e+03 1.200000000000000000000000000000e+02
7.810000000000000000000000000000e+02 3.000000000000000000000000000000e+00 9.000000000000000000000000000000e+00 1.210000000000000000000000000000e+02
7.820000000000000000000000000000e+02 7.000000000000000000000000000000e+00 4.900000000000000000000000000000e+01 1.220000000000000000000000000000e+02
7.880000000000000000000000000000e+02 4.700000000000000000000000000000e+01 2.209000000000000000000000000000e+03 1.230000000000000000000000000000e+02
7.890000000000000000000000000000e+02 7.000000000000000000000000000000e+00 4.900000000000000000000000000000e+01 1.240000000000000000000000000000e+02
7.900000000000000000000000000000e+02 8.000000000000000000000000000000e+00 6.400000000000000000000000000000e+01 1.250000000000000000000000000000e+02
8.020000000000000000000000000000e+02 1.000000000000000000000000000000e+01 1.000000000000000000000000000000e+02 1.260000000000000000000000000000e+02
8.090000000000000000000000000000e+02 4.000000000000000000000000000000e+00 1.600000000000000000000000000000e+01 1.270000000000000000000000000000e+02
8.140000000000000000000000000000e+02 4.000000000000000000000000000000e+00 1.600000000000000000000000000000e+01 1.280000000000000000000000000000e+02
8.270000000000000000000000000000e+02 1.000000000000000000000000000000e+01 1.000000000000000000000000000000e+02 1.290000000000000000000000000000e+02
8.380000000000000000000000000000e+02 9.000000000000000000000000000000e+00 8.100000000000000000000000000000e+01 1.300000000000000000000000000000e+02
8.470000000000000000000000000000e+02 2.700000000000000000000000000000e+01 7.290000000000000000000000000000e+02 1.310000000000000000000000000000e+02
8.480000000000000000000000000000e+02 8.000000000000000000000000000000e+00 6.400000000000000000000000000000e+01 1.320000000000000000000000000000e+02
8.540000000000000000000000000000e+02 2.100000000000000000000000000000e+01 4.410000000000000000000000000000e+02 1.330000000000000000000000000000e+02
8.580000000000000000000000000000e+02 1.500000000000000000000000000000e+01 2.250000000000000000000000000000e+02 1.340000000000000000000000000000e+02
8.630000000000000000000000000000e+02 3.000000000000000000000000000000e+00 9.000000000000000000000000000000e+00 1.350000000000000000000000000000e+02
8.660000000000000000000000000000e+02 1.000000000000000000000000000000e+01 1.000000000000000000000000000000e+02 1.360000000000000000000000000000e+02
8.760000000000000000000000000000e+02 3.900000000000000000000000000000e+01 1.521000000000000000000000000000e+03 1.370000000000000000000000000000e+02
8.770000000000000000000000000000e+02 3.000000000000000000000000000000e+00 9.000000000000000000000000000000e+00 1.380000000000000000000000000000e+02
8.810000000000000000000000000000e+02 1.000000000000000000000000000000e+00 1.000000000000000000000000000000e+00 1.390000000000000000000000000000e+02
8.820000000000000000000000000000e+02 1.000000000000000000000000000000e+00 1.000000000000000000000000000000e+00 1.400000000000000000000000000000e+02
8.850000000000000000000000000000e+02 4.000000000000000000000000000000e+00 1.600000000000000000000000000000e+01 1.410000000000000000000000000000e+02
8.930000000000000000000000000000e+02 3.000000000000000000000000000000e+00 9.000000000000000000000000000000e+00 1.420000000000000000000000000000e+02
8.990000000000000000000000000000e+02 4.000000000000000000000000000000e+00 1.600000000000000000000000000000e+01 1.430000000000000000000000000000e+02
9.000000000000000000000000000000e+02 6.000000000000000000000000000000e+00 3.600000000000000000000000000000e+01 1.440000000000000000000000000000e+02
9.200000000000000000000000000000e+02 4.000000000000000000000000000000e+00 1.600000000000000000000000000000e+01 1.450000000000000000000000000000e+02
9.240000000000000000000000000000e+02 1.300000000000000000000000000000e+01 1.690000000000000000000000000000e+02 1.460000000000000000000000000000e+02
9.330000000000000000000000000000e+02 1.300000000000000000000000000000e+01 1.690000000000000000000000000000e+02 1.470000000000000000000000000000e+02
9.370000000000000000000000000000e+02 6.000000000000000000000000000000e+00 3.600000000000000000000000000000e+01 1.480000000000000000000000000000e+02
9.460000000000000000000000000000e+02 5.000000000000000000000000000000e+00 2.500000000000000000000000000000e+01 1.490000000000000000000000000000e+02
9.540000000000000000000000000000e+02 2.400000000000000000000000000000e+01 5.760000000000000000000000000000e+02 1.500000000000000000000000000000e+02
9.620000000000000000000000000000e+02 8.000000000000000000000000000000e+00 6.400000000000000000000000000000e+01 1.510000000000000000000000000000e+02
9.670000000000000000000000000000e+02 7.000000000000000000000000000000e+00 4.900000000000000000000000000000e+01 1.520000000000000000000000000000e+02
9.700000000000000000000000000000e+02 1.000000000000000000000000000000e+00 1.000000000000000000000000000000e+00 1.530000000000000000000000000000e+02
9.730000000000000000000000000000e+02 2.000000000000000000000000000000e+00 4.000000000000000000000000000000e+00 1.540000000000000000000000000000e+02
9.740000000000000000000000000000e+02 2.000000000000000000000000000000e+00 4.000000000000000000000000000000e+00 1.550000000000000000000000000000e+02
9.790000000000000000000000000000e+02 1.800000000000000000000000000000e+01 3.240000000000000000000000000000e+02 1.560000000000000000000000000000e+02
1.010000000000000000000000000000e+03 9.000000000000000000000000000000e+00 8.100000000000000000000000000000e+01 1.570000000000000000000000000000e+02
1.017000000000000000000000000000e+03 1.000000000000000000000000000000e+01 1.000000000000000000000000000000e+02 1.580000000000000000000000000000e+02
1.022000000000000000000000000000e+03 1.000000000000000000000000000000e+00 1.000000000000000000000000000000e+00 1.590000000000000000000000000000e+02
1.023000000000000000000000000000e+03 9.000000000000000000000000000000e+00 8.100000000000000000000000000000e+01 1.600000000000000000000000000000e+02
1.024000000000000000000000000000e+03 7.000000000000000000000000000000e+00 4.900000000000000000000000000000e+01 1.610000000000000000000000000000e+02
1.030000000000000000000000000000e+03 5.000000000000000000000000000000e+00 2.500000000000000000000000000000e+01 1.620000000000000000000000000000e+02
1.037000000000000000000000000000e+03 1.000000000000000000000000000000e+00 1.000000000000000000000000000000e+00 1.630000000000000000000000000000e+02
1.040000000000000000000000000000e+03 6.000000000000000000000000000000e+00 3.600000000000000000000000000000e+01 1.640000000000000000000000000000e+02
1.041000000000000000000000000000e+03 6.000000000000000000000000000000e+00 3.600000000000000000000000000000e+01 1.650000000000000000000000000000e+02
1.048000000000000000000000000000e+03 3.900000000000000000000000000000e+01 1.521000000000000000000000000000e+03 1.660000000000000000000000000000e+02
1.068000000000000000000000000000e+03 5.000000000000000000000000000000e+00 2.500000000000000000000000000000e+01 1.670000000000000000000000000000e+02
1.094000000000000000000000000000e+03 5.000000000000000000000000000000e+00 2.500000000000000000000000000000e+01 1.680000000000000000000000000000e+02
1.096000000000000000000000000000e+03 2.400000000000000000000000000000e+01 5.760000000000000000000000000000e+02 1.690000000000000000000000000000e+02
1.106000000000000000000000000000e+03 1.000000000000000000000000000000e+01 1.000000000000000000000000000000e+02 1.700000000000000000000000000000e+02
1.128000000000000000000000000000e+03 1.100000000000000000000000000000e+01 1.210000000000000000000000000000e+02 1.710000000000000000000000000000e+02
1.133000000000000000000000000000e+03 7.000000000000000000000000000000e+00 4.900000000000000000000000000000e+01 1.720000000000000000000000000000e+02
1.165000000000000000000000000000e+03 1.200000000000000000000000000000e+01 1.440000000000000000000000000000e+02 1.730000000000000000000000000000e+02
1.171000000000000000000000000000e+03 1.300000000000000000000000000000e+01 1.690000000000000000000000000000e+02 1.740000000000000000000000000000e+02
1.178000000000000000000000000000e+03 2.000000000000000000000000000000e+00 4.000000000000000000000000000000e+00 1.750000000000000000000000000000e+02
1.190000000000000000000000000000e+03 9.000000000000000000000000000000e+00 8.100000000000000000000000000000e+01 1.760000000000000000000000000000e+02
1.200000000000000000000000000000e+03 3.600000000000000000000000000000e+01 1.296000000000000000000000000000e+03 1.770000000000000000000000000000e+02
1.201000000000000000000000000000e+03 2.200000000000000000000000000000e+01 4.840000000000000000000000000000e+02 1.780000000000000000000000000000e+02
1.204000000000000000000000000000e+03 5.000000000000000000000000000000e+00 2.500000000000000000000000000000e+01 1.790000000000000000000000000000e+02
1.220000000000000000000000000000e+03 1.200000000000000000000000000000e+01 1.440000000000000000000000000000e+02 1.800000000000000000000000000000e+02
1.231000000000000000000000000000e+03 4.000000000000000000000000000000e+00 1.600000000000000000000000000000e+01 1.810000000000000000000000000000e+02
1.261000000000000000000000000000e+03 1.300000000000000000000000000000e+01 1.690000000000000000000000000000e+02 1.820000000000000000000000000000e+02
1.264000000000000000000000000000e+03 1.500000000000000000000000000000e+01 2.250000000000000000000000000000e+02 1.830000000000000000000000000000e+02
1.266000000000000000000000000000e+03 1.200000000000000000000000000000e+01 1.440000000000000000000000000000e+02 1.840000000000000000000000000000e+02
1.268000000000000000000000000000e+03 3.000000000000000000000000000000e+00 9.000000000000000000000000000000e+00 1.850000000000000000000000000000e+02
1.270000000000000000000000000000e+03 1.000000000000000000000000000000e+00 1.000000000000000000000000000000e+00 1.860000000000000000000000000000e+02
1.271000000000000000000000000000e+03 1.300000000000000000000000000000e+01 1.690000000000000000000000000000e+02 1.870000000000000000000000000000e+02
1.276000000000000000000000000000e+03 5.000000000000000000000000000000e+00 2.500000000000000000000000000000e+01 1.880000000000000000000000000000e+02
1.277000000000000000000000000000e+03 1.000000000000000000000000000000e+01 1.000000000000000000000000000000e+02 1.890000000000000000000000000000e+02
1.300000000000000000000000000000e+03 7.000000000000000000000000000000e+00 4.900000000000000000000000000000e+01 1.900000000000000000000000000000e+02
1.302000000000000000000000000000e+03 9.000000000000000000000000000000e+00 8.100000000000000000000000000000e+01 1.910000000000000000000000000000e+02
1.305000000000000000000000000000e+03 1.900000000000000000000000000000e+01 3.610000000000000000000000000000e+02 1.920000000000000000000000000000e+02
1.310000000000000000000000000000e+03 2.000000000000000000000000000000e+00 4.000000000000000000000000000000e+00 1.930000000000000000000000000000e+02
1.313000000000000000000000000000e+03 3.000000000000000000000000000000e+00 9.000000000000000000000000000000e+00 1.940000000000000000000000000000e+02
1.326000000000000000000000000000e+03 6.000000000000000000000000000000e+00 3.600000000000000000000000000000e+01 1.950000000000000000000000000000e+02
1.339000000000000000000000000000e+03 1.700000000000000000000000000000e+01 2.890000000000000000000000000000e+02 1.960000000000000000000000000000e+02
1.344000000000000000000000000000e+03 2.800000000000000000000000000000e+01 7.840000000000000000000000000000e+02 1.970000000000000000000000000000e+02
1.345000000000000000000000000000e+03 4.000000000000000000000000000000e+00 1.600000000000000000000000000000e+01 1.980000000000000000000000000000e+02
1.359000000000000000000000000000e+03 7.000000000000000000000000000000e+00 4.900000000000000000000000000000e+01 1.990000000000000000000000000000e+02
1.361000000000000000000000000000e+03 3.000000000000000000000000000000e+00 9.000000000000000000000000000000e+00 2.000000000000000000000000000000e+02
1.364000000000000000000000000000e+03 5.000000000000000000000000000000e+00 2.500000000000000000000000000000e+01 2.010000000000000000000000000000e+02
1.368000000000000000000000000000e+03 9.000000000000000000000000000000e+00 8.100000000000000000000000000000e+01 2.020000000000000000000000000000e+02
1.374000000000000000000000000000e+03 2.900000000000000000000000000000e+01 8.410000000000000000000000000000e+02 2.030000000000000000000000000000e+02
1.375000000000000000000000000000e+03 4.000000000000000000000000000000e+00 1.600000000000000000000000000000e+01 2.040000000000000000000000000000e+02
1.377000000000000000000000000000e+03 1.500000000000000000000000000000e+01 2.250000000000000000000000000000e+02 2.050000000000000000000000000000e+02
1.385000000000000000000000000000e+03 3.000000000000000000000000000000e+00 9.000000000000000000000000000000e+00 2.060000000000000000000000000000e+02
1.392000000000000000000000000000e+03 9.000000000000000000000000000000e+00 8.100000000000000000000000000000e+01 2.070000000000000000000000000000e+02
1.398000000000000000000000000000e+03 4.000000000000000000000000000000e+00 1.600000000000000000000000000000e+01 2.080000000000000000000000000000e+02
1.403000000000000000000000000000e+03 1.000000000000000000000000000000e+00 1.000000000000000000000000000000e+00 2.090000000000000000000000000000e+02
1.416000000000000000000000000000e+03 1.000000000000000000000000000000e+00 1.000000000000000000000000000000e+00 2.100000000000000000000000000000e+02
1.417000000000000000000000000000e+03 8.000000000000000000000000000000e+00 6.400000000000000000000000000000e+01 2.110000000000000000000000000000e+02
1.420000000000000000000000000000e+03 7.000000000000000000000000000000e+00 4.900000000000000000000000000000e+01 2.120000000000000000000000000000e+02
1.422000000000000000000000000000e+03 9.000000000000000000000000000000e+00 8.100000000000000000000000000000e+01 2.130000000000000000000000000000e+02
1.428000000000000000000000000000e+03 1.400000000000000000000000000000e+01 1.960000000000000000000000000000e+02 2.140000000000000000000000000000e+02
1.431000000000000000000000000000e+03 3.000000000000000000000000000000e+00 9.000000000000000000000000000000e+00 2.150000000000000000000000000000e+02
1.445000000000000000000000000000e+03 1.700000000000000000000000000000e+01 2.890000000000000000000000000000e+02 2.160000000000000000000000000000e+02
1.447000000000000000000000000000e+03 7.000000000000000000000000000000e+00 4.900000000000000000000000000000e+01 2.170000000000000000000000000000e+02
1.453000000000000000000000000000e+03 1.800000000000000000000000000000e+01 3.240000000000000000000000000000e+02 2.180000000000000000000000000000e+02
1.457000000000000000000000000000e+03 3.000000000000000000000000000000e+00 9.000000000000000000000000000000e+00 2.190000000000000000000000000000e+02
1.466000000000000000000000000000e+03 4.000000000000000000000000000000e+00 1.600000000000000000000000000000e+01 2.200000000000000000000000000000e+02
1.489000000000000000000000000000e+03 1.300000000000000000000000000000e+01 1.690000000000000000000000000000e+02 2.210000000000000000000000000000e+02
1.492000000000000000000000000000e+03 5.000000000000000000000000000000e+00 2.500000000000000000000000000000e+01 2.220000000000000000000000000000e+02
1.499000000000000000000000000000e+03 5.000000000000000000000000000000e+00 2.500000000000000000000000000000e+01 2.230000000000000000000000000000e+02
1.502000000000000000000000000000e+03 7.000000000000000000000000000000e+00 4.900000000000000000000000000000e+01 2.240000000000000000000000000000e+02
1.519000000000000000000000000000e+03 2.300000000000000000000000000000e+01 5.290000000000000000000000000000e+02 2.250000000000000000000000000000e+02
1.528000000000000000000000000000e+03 1.200000000000000000000000000000e+01 1.440000000000000000000000000000e+02 2.260000000000000000000000000000e+02
1.532000000000000000000000000000e+03 2.000000000000000000000000000000e+00 4.000000000000000000000000000000e+00 2.270000000000000000000000000000e+02
1.541000000000000000000000000000e+03 9.000000000000000000000000000000e+00 8.100000000000000000000000000000e+01 2.280000000000000000000000000000e+02
1.551000000000000000000000000000e+03 2.000000000000000000000000000000e+00 4.000000000000000000000000000000e+00 2.290000000000000000000000000000e+02
1.557000000000000000000000000000e+03 2.000000000000000000000000000000e+00 4.000000000000000000000000000000e+00 2.300000000000000000000000000000e+02
1.570000000000000000000000000000e+03 3.000000000000000000000000000000e+00 9.000000000000000000000000000000e+00 2.310000000000000000000000000000e+02
1.578000000000000000000000000000e+03 2.200000000000000000000000000000e+01 4.840000000000000000000000000000e+02 2.320000000000000000000000000000e+02
1.582000000000000000000000000000e+03 4.000000000000000000000000000000e+00 1.600000000000000000000000000000e+01 2.330000000000000000000000000000e+02
1.583000000000000000000000000000e+03 7.000000000000000000000000000000e+00 4.900000000000000000000000000000e+01 2.340000000000000000000000000000e+02
1.587000000000000000000000000000e+03 2.000000000000000000000000000000e+00 4.000000000000000000000000000000e+00 2.350000000000000000000000000000e+02
1.601000000000000000000000000000e+03 1.800000000000000000000000000000e+01 3.240000000000000000000000000000e+02 2.360000000000000000000000000000e+02
1.620000000000000000000000000000e+03 5.000000000000000000000000000000e+00 2.500000000000000000000000000000e+01 2.370000000000000000000000000000e+02
1.632000000000000000000000000000e+03 1.100000000000000000000000000000e+01 1.210000000000000000000000000000e+02 2.380000000000000000000000000000e+02
1.634000000000000000000000000000e+03 2.200000000000000000000000000000e+01 4.840000000000000000000000000000e+02 2.390000000000000000000000000000e+02
1.637000000000000000000000000000e+03 2.000000000000000000000000000000e+00 4.000000000000000000000000000000e+00 2.400000000000000000000000000000e+02
1.642000000000000000000000000000e+03 2.200000000000000000000000000000e+01 4.840000000000000000000000000000e+02 2.410000000000000000000000000000e+02
1.643000000000000000000000000000e+03 4.000000000000000000000000000000e+00 1.600000000000000000000000000000e+01 2.420000000000000000000000000000e+02
1.644000000000000000000000000000e+03 6.000000000000000000000000000000e+00 3.600000000000000000000000000000e+01 2.430000000000000000000000000000e+02
1.654000000000000000000000000000e+03 2.100000000000000000000000000000e+01 4.410000000000000000000000000000e+02 2.440000000000000000000000000000e+02
1.655000000000000000000000000000e+03 1.000000000000000000000000000000e+00 1.000000000000000000000000000000e+00 2.450000000000000000000000000000e+02
1.661000000000000000000000000000e+03 2.100000000000000000000000000000e+01 4.410000000000000000000000000000e+02 2.460000000000000000000000000000e+02
1.664000000000000000000000000000e+03 1.200000000000000000000000000000e+01 1.440000000000000000000000000000e+02 2.470000000000000000000000000000e+02
1.668000000000000000000000000000e+03 3.000000000000000000000000000000e+00 9.000000000000000000000000000000e+00 2.480000000000000000000000000000e+02
1.680000000000000000000000000000e+03 2.000000000000000000000000000000e+00 4.000000000000000000000000000000e+00 2.490000000000000000000000000000e+02
1.682000000000000000000000000000e+03 4.000000000000000000000000000000e+00 1.600000000000000000000000000000e+01 2.500000000000000000000000000000e+02
1.691000000000000000000000000000e+03 9.000000000000000000000000000000e+00 8.100000000000000000000000000000e+01 2.510000000000000000000000000000e+02
1.694000000000000000000000000000e+03 8.000000000000000000000000000000e+00 6.400000000000000000000000000000e+01 2.520000000000000000000000000000e+02
1.702000000000000000000000000000e+03 9.000000000000000000000000000000e+00 8.100000000000000000000000000000e+01 2.530000000000000000000000000000e+02
1.711000000000000000000000000000e+03 7.000000000000000000000000000000e+00 4.900000000000000000000000000000e+01 2.540000000000000000000000000000e+02
1.724000000000000000000000000000e+03 1.800000000000000000000000000000e+01 3.240000000000000000000000000000e+02 2.550000000000000000000000000000e+02
1.736000000000000000000000000000e+03 2.000000000000000000000000000000e+01 4.000000000000000000000000000000e+02 2.560000000000000000000000000000e+02
1.737000000000000000000000000000e+03 4.000000000000000000000000000000e+00 1.600000000000000000000000000000e+01 2.570000000000000000000000000000e+02
1.747000000000000000000000000000e+03 6.000000000000000000000000000000e+00 3.600000000000000000000000000000e+01 2.580000000000000000000000000000e+02
1.759000000000000000000000000000e+03 9.000000000000000000000000000000e+00 8.100000000000000000000000000000e+01 2.590000000000000000000000000000e+02
1.761000000000000000000000000000e+03 1.700000000000000000000000000000e+01 2.890000000000000000000000000000e+02 2.600000000000000000000000000000e+02
1.773000000000000000000000000000e+03 6.000000000000000000000000000000e+00 3.600000000000000000000000000000e+01 2.610000000000000000000000000000e+02
1.774000000000000000000000000000e+03 4.900000000000000000000000000000e+01 2.401000000000000000000000000000e+03 2.620000000000000000000000000000e+02
1.775000000000000000000000000000e+03 3.400000000000000000000000000000e+01 1.156000000000000000000000000000e+03 2.630000000000000000000000000000e+02
1.780000000000000000000000000000e+03 2.200000000000000000000000000000e+01 4.840000000000000000000000000000e+02 2.640000000000000000000000000000e+02
1.794000000000000000000000000000e+03 3.000000000000000000000000000000e+00 9.000000000000000000000000000000e+00 2.650000000000000000000000000000e+02
1.798000000000000000000000000000e+03 5.000000000000000000000000000000e+00 2.500000000000000000000000000000e+01 2.660000000000000000000000000000e+02
1.800000000000000000000000000000e+03 1.800000000000000000000000000000e+01 3.240000000000000000000000000000e+02 2.670000000000000000000000000000e+02
1.801000000000000000000000000000e+03 2.000000000000000000000000000000e+00 4.000000000000000000000000000000e+00 2.680000000000000000000000000000e+02
1.803000000000000000000000000000e+03 1.700000000000000000000000000000e+01 2.890000000000000000000000000000e+02 2.690000000000000000000000000000e+02
1.805000000000000000000000000000e+03 2.000000000000000000000000000000e+01 4.000000000000000000000000000000e+02 2.700000000000000000000000000000e+02
1.839000000000000000000000000000e+03 5.000000000000000000000000000000e+00 2.500000000000000000000000000000e+01 2.710000000000000000000000000000e+02
1.849000000000000000000000000000e+03 1.700000000000000000000000000000e+01 2.890000000000000000000000000000e+02 2.720000000000000000000000000000e+02
1.853000000000000000000000000000e+03 1.700000000000000000000000000000e+01 2.890000000000000000000000000000e+02 2.730000000000000000000000000000e+02
1.855000000000000000000000000000e+03 8.000000000000000000000000000000e+00 6.400000000000000000000000000000e+01 2.740000000000000000000000000000e+02
1.865000000000000000000000000000e+03 7.000000000000000000000000000000e+00 4.900000000000000000000000000000e+01 2.750000000000000000000000000000e+02
1.867000000000000000000000000000e+03 3.000000000000000000000000000000e+00 9.000000000000000000000000000000e+00 2.760000000000000000000000000000e+02
1.884000000000000000000000000000e+03 3.500000000000000000000000000000e+01 1.225000000000000000000000000000e+03 2.770000000000000000000000000000e+02
1.889000000000000000000000000000e+03 1.200000000000000000000000000000e+01 1.440000000000000000000000000000e+02 2.780000000000000000000000000000e+02
1.900000000000000000000000000000e+03 3.000000000000000000000000000000e+00 9.000000000000000000000000000000e+00 2.790000000000000000000000000000e+02
1.903000000000000000000000000000e+03 5.000000000000000000000000000000e+00 2.500000000000000000000000000000e+01 2.800000000000000000000000000000e+02
1.911000000000000000000000000000e+03 1.000000000000000000000000000000e+00 1.000000000000000000000000000000e+00 2.810000000000000000000000000000e+02
1.918000000000000000000000000000e+03 1.000000000000000000000000000000e+00 1.000000000000000000000000000000e+00 2.820000000000000000000000000000e+02
1.929000000000000000000000000000e+03 9.000000000000000000000000000000e+00 8.100000000000000000000000000000e+01 2.830000000000000000000000000000e+02
1.932000000000000000000000000000e+03 2.200000000000000000000000000000e+01 4.840000000000000000000000000000e+02 2.840000000000000000000000000000e+02
1.939000000000000000000000000000e+03 2.400000000000000000000000000000e+01 5.760000000000000000000000000000e+02 2.850000000000000000000000000000e+02
1.952000000000000000000000000000e+03 9.000000000000000000000000000000e+00 8.100000000000000000000000000000e+01 2.860000000000000000000000000000e+02
1.969000000000000000000000000000e+03 3.600000000000000000000000000000e+01 1.296000000000000000000000000000e+03 2.870000000000000000000000000000e+02
1.974000000000000000000000000000e+03 1.000000000000000000000000000000e+01 1.000000000000000000000000000000e+02 2.880000000000000000000000000000e+02
1.978000000000000000000000000000e+03 5.000000000000000000000000000000e+00 2.500000000000000000000000000000e+01 2.890000000000000000000000000000e+02
1.983000000000000000000000000000e+03 1.700000000000000000000000000000e+01 2.890000000000000000000000000000e+02 2.900000000000000000000000000000e+02
1.987000000000000000000000000000e+03 2.000000000000000000000000000000e+00 4.000000000000000000000000000000e+00 2.910000000000000000000000000000e+02
2.000000000000000000000000000000e+03 3.000000000000000000000000000000e+00 9.000000000000000000000000000000e+00 2.920000000000000000000000000000e+02
2.009000000000000000000000000000e+03 1.000000000000000000000000000000e+01 1.000000000000000000000000000000e+02 2.930000000000000000000000000000e+02
2.010000000000000000000000000000e+03 4.000000000000000000000000000000e+00 1.600000000000000000000000000000e+01 2.940000000000000000000000000000e+02
2.011000000000000000000000000000e+03 1.200000000000000000000000000000e+01 1.440000000000000000000000000000e+02 2.950000000000000000000000000000e+02
2.012000000000000000000000000000e+03 2.000000000000000000000000000000e+00 4.000000000000000000000000000000e+00 2.960000000000000000000000000000e+02
2.016000000000000000000000000000e+03 2.900000000000000000000000000000e+01 8.410000000000000000000000000000e+02 2.970000000000000000000000000000e+02
2.038000000000000000000000000000e+03 7.000000000000000000000000000000e+00 4.900000000000000000000000000000e+01 2.980000000000000000000000000000e+02
2.039000000000000000000000000000e+03 6.000000000000000000000000000000e+00 3.600000000000000000000000000000e+01 2.990000000000000000000000000000e+02
2.040000000000000000000000000000e+03 1.800000000000000000000000000000e+01 3.240000000000000000000000000000e+02 3.000000000000000000000000000000e+02
2.055000000000000000000000000000e+03 1.000000000000000000000000000000e+00 1.000000000000000000000000000000e+00 3.010000000000000000000000000000e+02
2.059000000000000000000000000000e+03 1.000000000000000000000000000000e+01 1.000000000000000000000000000000e+02 3.020000000000000000000000000000e+02
2.061000000000000000000000000000e+03 3.300000000000000000000000000000e+01 1.089000000000000000000000000000e+03 3.030000000000000000000000000000e+02
2.063000000000000000000000000000e+03 2.000000000000000000000000000000e+00 4.000000000000000000000000000000e+00 3.040000000000000000000000000000e+02
2.075000000000000000000000000000e+03 1.200000000000000000000000000000e+01 1.440000000000000000000000000000e+02 3.050000000000000000000000000000e+02
2.076000000000000000000000000000e+03 9.000000000000000000000000000000e+00 8.100000000000000000000000000000e+01 3.060000000000000000000000000000e+02
2.083000000000000000000000000000e+03 6.000000000000000000000000000000e+00 3.600000000000000000000000000000e+01 3.070000000000000000000000000000e+02
2.093000000000000000000000000000e+03 1.800000000000000000000000000000e+01 3.240000000000000000000000000000e+02 3.080000000000000000000000000000e+02
2.097000000000000000000000000000e+03 4.000000000000000000000000000000e+00 1.600000000000000000000000000000e+01 3.090000000000000000000000000000e+02
2.103000000000000000000000000000e+03 3.000000000000000000000000000000e+00 9.000000000000000000000000000000e+00 3.100000000000000000000000000000e+02
2.118000000000000000000000000000e+03 4.000000000000000000000000000000e+00 1.600000000000000000000000000000e+01 3.110000000000000000000000000000e+02
2.120000000000000000000000000000e+03 2.700000000000000000000000000000e+01 7.290000000000000000000000000000e+02 3.120000000000000000000000000000e+02
2.126000000000000000000000000000e+03 1.100000000000000000000000000000e+01 1.210000000000000000000000000000e+02 3.130000000000000000000000000000e+02
2.127000000000000000000000000000e+03 3.000000000000000000000000000000e+00 9.000000000000000000000000000000e+00 3.140000000000000000000000000000e+02
2.136000000000000000000000000000e+03 3.000000000000000000000000000000e+00 9.000000000000000000000000000000e+00 3.150000000000000000000000000000e+02
2.139000000000000000000000000000e+03 1.900000000000000000000000000000e+01 3.610000000000000000000000000000e+02 3.160000000000000000000000000000e+02
2.141000000000000000000000000000e+03 2.500000000000000000000000000000e+01 6.250000000000000000000000000000e+02 3.170000000000000000000000000000e+02
2.168000000000000000000000000000e+03 3.000000000000000000000000000000e+00 9.000000000000000000000000000000e+00 3.180000000000000000000000000000e+02
2.172000000000000000000000000000e+03 2.500000000000000000000000000000e+01 6.250000000000000000000000000000e+02 3.190000000000000000000000000000e+02
2.177000000000000000000000000000e+03 1.200000000000000000000000000000e+01 1.440000000000000000000000000000e+02 3.200000000000000000000000000000e+02
2.182000000000000000000000000000e+03 1.000000000000000000000000000000e+01 1.000000000000000000000000000000e+02 3.210000000000000000000000000000e+02
2.189000000000000000000000000000e+03 6.000000000000000000000000000000e+00 3.600000000000000000000000000000e+01 3.220000000000000000000000000000e+02
2.195000000000000000000000000000e+03 6.000000000000000000000000000000e+00 3.600000000000000000000000000000e+01 3.230000000000000000000000000000e+02
2.214000000000000000000000000000e+03 4.000000000000000000000000000000e+00 1.600000000000000000000000000000e+01 3.240000000000000000000000000000e+02
2.218000000000000000000000000000e+03 2.000000000000000000000000000000e+01 4.000000000000000000000000000000e+02 3.250000000000000000000000000000e+02
2.224000000000000000000000000000e+03 9.000000000000000000000000000000e+00 8.100000000000000000000000000000e+01 3.260000000000000000000000000000e+02
2.257000000000000000000000000000e+03 1.300000000000000000000000000000e+01 1.690000000000000000000000000000e+02 3.270000000000000000000000000000e+02
2.261000000000000000000000000000e+03 2.800000000000000000000000000000e+01 7.840000000000000000000000000000e+02 3.280000000000000000000000000000e+02
2.263000000000000000000000000000e+03 1.800000000000000000000000000000e+01 3.240000000000000000000000000000e+02 3.290000000000000000000000000000e+02
2.279000000000000000000000000000e+03 3.600000000000000000000000000000e+01 1.296000000000000000000000000000e+03 3.300000000000000000000000000000e+02
2.280000000000000000000000000000e+03 4.400000000000000000000000000000e+01 1.936000000000000000000000000000e+03 3.310000000000000000000000000000e+02
2.281000000000000000000000000000e+03 2.100000000000000000000000000000e+01 4.410000000000000000000000000000e+02 3.320000000000000000000000000000e+02
2.285000000000000000000000000000e+03 2.000000000000000000000000000000e+00 4.000000000000000000000000000000e+00 3.330000000000000000000000000000e+02
2.304000000000000000000000000000e+03 5.500000000000000000000000000000e+01 3.025000000000000000000000000000e+03 3.340000000000000000000000000000e+02
2.325000000000000000000000000000e+03 3.000000000000000000000000000000e+01 9.000000000000000000000000000000e+02 3.350000000000000000000000000000e+02
2.329000000000000000000000000000e+03 8.000000000000000000000000000000e+00 6.400000000000000000000000000000e+01 3.360000000000000000000000000000e+02
2.341000000000000000000000000000e+03 1.000000000000000000000000000000e+01 1.000000000000000000000000000000e+02 3.370000000000000000000000000000e+02
2.345000000000000000000000000000e+03 3.000000000000000000000000000000e+00 9.000000000000000000000000000000e+00 3.380000000000000000000000000000e+02
2.346000000000000000000000000000e+03 1.200000000000000000000000000000e+01 1.440000000000000000000000000000e+02 3.390000000000000000000000000000e+02
2.350000000000000000000000000000e+03 3.000000000000000000000000000000e+00 9.000000000000000000000000000000e+00 3.400000000000000000000000000000e+02
2.354000000000000000000000000000e+03 1.400000000000000000000000000000e+01 1.960000000000000000000000000000e+02 3.410000000000000000000000000000e+02
2.372000000000000000000000000000e+03 1.900000000000000000000000000000e+01 3.610000000000000000000000000000e+02 3.420000000000000000000000000000e+02
2.384000000000000000000000000000e+03 1.100000000000000000000000000000e+01 1.210000000000000000000000000000e+02 3.430000000000000000000000000000e+02
2.386000000000000000000000000000e+03 1.600000000000000000000000000000e+01 2.560000000000000000000000000000e+02 3.440000000000000000000000000000e+02
2.394000000000000000000000000000e+03 5.000000000000000000000000000000e+00 2.500000000000000000000000000000e+01 3.450000000000000000000000000000e+02
2.413000000000000000000000000000e+03 1.000000000000000000000000000000e+01 1.000000000000000000000000000000e+02 3.460000000000000000000000000000e+02
2.425000000000000000000000000000e+03 7.000000000000000000000000000000e+00 4.900000000000000000000000000000e+01 3.470000000000000000000000000000e+02
2.434000000000000000000000000000e+03 5.000000000000000000000000000000e+00 2.500000000000000000000000000000e+01 3.480000000000000000000000000000e+02
2.450000000000000000000000000000e+03 1.000000000000000000000000000000e+01 1.000000000000000000000000000000e+02 3.490000000000000000000000000000e+02
2.451000000000000000000000000000e+03 8.000000000000000000000000000000e+00 6.400000000000000000000000000000e+01 3.500000000000000000000000000000e+02
2.461000000000000000000000000000e+03 5.000000000000000000000000000000e+00 2.500000000000000000000000000000e+01 3.510000000000000000000000000000e+02
2.462000000000000000000000000000e+03 1.900000000000000000000000000000e+01 3.610000000000000000000000000000e+02 3.520000000000000000000000000000e+02
2.464000000000000000000000000000e+03 3.000000000000000000000000000000e+00 9.000000000000000000000000000000e+00 3.530000000000000000000000000000e+02
2.466000000000000000000000000000e+03 1.200000000000000000000000000000e+01 1.440000000000000000000000000000e+02 3.540000000000000000000000000000e+02
2.467000000000000000000000000000e+03 2.000000000000000000000000000000e+00 4.000000000000000000000000000000e+00 3.550000000000000000000000000000e+02
2.468000000000000000000000000000e+03 2.400000000000000000000000000000e+01 5.760000000000000000000000000000e+02 3.560000000000000000000000000000e+02
2.482000000000000000000000000000e+03 1.000000000000000000000000000000e+00 1.000000000000000000000000000000e+00 3.570000000000000000000000000000e+02
2.488000000000000000000000000000e+03 1.000000000000000000000000000000e+00 1.000000000000000000000000000000e+00 3.580000000000000000000000000000e+02
2.490000000000000000000000000000e+03 9.000000000000000000000000000000e+00 8.100000000000000000000000000000e+01 3.590000000000000000000000000000e+02
2.507000000000000000000000000000e+03 1.300000000000000000000000000000e+01 1.690000000000000000000000000000e+02 3.600000000000000000000000000000e+02
2.516000000000000000000000000000e+03 2.500000000000000000000000000000e+01 6.250000000000000000000000000000e+02 3.610000000000000000000000000000e+02
2.520000000000000000000000000000e+03 1.900000000000000000000000000000e+01 3.610000000000000000000000000000e+02 3.620000000000000000000000000000e+02
2.544000000000000000000000000000e+03 4.000000000000000000000000000000e+00 1.600000000000000000000000000000e+01 3.630000000000000000000000000000e+02
2.545000000000000000000000000000e+03 1.200000000000000000000000000000e+01 1.440000000000000000000000000000e+02 3.640000000000000000000000000000e+02
2.547000000000000000000000000000e+03 1.200000000000000000000000000000e+01 1.440000000000000000000000000000e+02 3.650000000000000000000000000000e+02
2.548000000000000000000000000000e+03 5.000000000000000000000000000000e+00 2.500000000000000000000000000000e+01 3.660000000000000000000000000000e+02
2.550000000000000000000000000000e+03 1.900000000000000000000000000000e+01 3.610000000000000000000000000000e+02 3.670000000000000000000000000000e+02
2.554000000000000000000000000000e+03 1.100000000000000000000000000000e+01 1.210000000000000000000000000000e+02 3.680000000000000000000000000000e+02
2.560000000000000000000000000000e+03 7.000000000000000000000000000000e+00 4.900000000000000000000000000000e+01 3.690000000000000000000000000000e+02
2.569000000000000000000000000000e+03 2.100000000000000000000000000000e+01 4.410000000000000000000000000000e+02 3.700000000000000000000000000000e+02
2.572000000000000000000000000000e+03 3.000000000000000000000000000000e+00 9.000000000000000000000000000000e+00 3.710000000000000000000000000000e+02
2.574000000000000000000000000000e+03 8.000000000000000000000000000000e+00 6.400000000000000000000000000000e+01 3.720000000000000000000000000000e+02
2.575000000000000000000000000000e+03 3.000000000000000000000000000000e+00 9.000000000000000000000000000000e+00 3.730000000000000000000000000000e+02
2.579000000000000000000000000000e+03 5.000000000000000000000000000000e+00 2.500000000000000000000000000000e+01 3.740000000000000000000000000000e+02
2.581000000000000000000000000000e+03 9.000000000000000000000000000000e+00 8.100000000000000000000000000000e+01 3.750000000000000000000000000000e+02
2.584000000000000000000000000000e+03 1.200000000000000000000000000000e+01 1.440000000000000000000000000000e+02 3.760000000000000000000000000000e+02
2.587000000000000000000000000000e+03 2.300000000000000000000000000000e+01 5.290000000000000000000000000000e+02 3.770000000000000000000000000000e+02
2.590000000000000000000000000000e+03 1.000000000000000000000000000000e+01 1.000000000000000000000000000000e+02 3.780000000000000000000000000000e+02
2.598000000000000000000000000000e+03 8.000000000000000000000000000000e+00 6.400000000000000000000000000000e+01 3.790000000000000000000000000000e+02
2.603000000000000000000000000000e+03 3.000000000000000000000000000000e+00 9.000000000000000000000000000000e+00 3.800000000000000000000000000000e+02
2.622000000000000000000000000000e+03 2.000000000000000000000000000000e+00 4.000000000000000000000000000000e+00 3.810000000000000000000000000000e+02
2.631000000000000000000000000000e+03 1.000000000000000000000000000000e+01 1.000000000000000000000000000000e+02 3.820000000000000000000000000000e+02
2.637000000000000000000000000000e+03 1.400000000000000000000000000000e+01 1.960000000000000000000000000000e+02 3.830000000000000000000000000000e+02
2.655000000000000000000000000000e+03 1.000000000000000000000000000000e+00 1.000000000000000000000000000000e+00 3.840000000000000000000000000000e+02
2.677000000000000000000000000000e+03 2.000000000000000000000000000000e+00 4.000000000000000000000000000000e+00 3.850000000000000000000000000000e+02
2.680000000000000000000000000000e+03 1.200000000000000000000000000000e+01 1.440000000000000000000000000000e+02 3.860000000000000000000000000000e+02
2.687000000000000000000000000000e+03 6.000000000000000000000000000000e+00 3.600000000000000000000000000000e+01 3.870000000000000000000000000000e+02
2.696000000000000000000000000000e+03 1.000000000000000000000000000000e+00 1.000000000000000000000000000000e+00 3.880000000000000000000000000000e+02
2.698000000000000000000000000000e+03 1.100000000000000000000000000000e+01 1.210000000000000000000000000000e+02 3.890000000000000000000000000000e+02
2.700000000000000000000000000000e+03 8.000000000000000000000000000000e+00 6.400000000000000000000000000000e+01 3.900000000000000000000000000000e+02
2.701000000000000000000000000000e+03 2.000000000000000000000000000000e+00 4.000000000000000000000000000000e+00 3.910000000000000000000000000000e+02
2.704000000000000000000000000000e+03 1.500000000000000000000000000000e+01 2.250000000000000000000000000000e+02 3.920000000000000000000000000000e+02
2.716000000000000000000000000000e+03 1.100000000000000000000000000000e+01 1.210000000000000000000000000000e+02 3.930000000000000000000000000000e+02
2.721000000000000000000000000000e+03 3.000000000000000000000000000000e+00 9.000000000000000000000000000000e+00 3.940000000000000000000000000000e+02
2.723000000000000000000000000000e+03 2.000000000000000000000000000000e+00 4.000000000000000000000000000000e+00 3.950000000000000000000000000000e+02
2.727000000000000000000000000000e+03 6.000000000000000000000000000000e+00 3.600000000000000000000000000000e+01 3.960000000000000000000000000000e+02
2.743000000000000000000000000000e+03 3.000000000000000000000000000000e+00 9.000000000000000000000000000000e+00 3.970000000000000000000000000000e+02
2.744000000000000000000000000000e+03 1.100000000000000000000000000000e+01 1.210000000000000000000000000000e+02 3.980000000000000000000000000000e+02
2.746000000000000000000000000000e+03 1.000000000000000000000000000000e+01 1.000000000000000000000000000000e+02 3.990000000000000000000000000000e+02
