0.000000000000000000000000000000e+00 1.000000000000000000000000000000e+03 1.000000000000000000000000000000e+03 0.000000000000000000000000000000e+00
9.990000000000000000000000000000e+02 1.500000000000000000000000000000e+03 1.500000000000000000000000000000e+03 1.000000000000000000000000000000e+00
2.498000000000000000000000000000e+03 3.000000000000000000000000000000e+03 3.000000000000000000000000000000e+03 2.000000000000000000000000000000e+00
5.497000000000000000000000000000e+03 6.000000000000000000000000000000e+03 6.000000000000000000000000000000e+03 3.000000000000000000000000000000e+00
1.149600000000000000000000000000e+04 1.200000000000000000000000000000e+04 1.200000000000000000000000000000e+04 4.000000000000000000000000000000e+00
2.349500000000000000000000000000e+04 1.800000000000000000000000000000e+04 1.800000000000000000000000000000e+04 5.000000000000000000000000000000e+00
4.149400000000000000000000000000e+04 2.700000000000000000000000000000e+04 2.700000000000000000000000000000e+04 6.000000000000000000000000000000e+00
6.849300000000000000000000000000e+04 4.050000000000000000000000000000e+04 4.050000000000000000000000000000e+04 7.000000000000000000000000000000e+00
1.089920000000000000000000000000e+05 6.075000000000000000000000000000e+04 6.075000000000000000000000000000e+04 8.000000000000000000000000000000e+00
1.697410000000000000000000000000e+05 9.112500000000000000000000000000e+04 9.112500000000000000000000000000e+04 9.000000000000000000000000000000e+00
2.608650000000000000000000000000e+05 1.366875000000000000000000000000e+05 1.366875000000000000000000000000e+05 1.000000000000000000000000000000e+01
3.975515000000000000000000000000e+05 2.733750000000000000000000000000e+05 2.733750000000000000000000000000e+05 1.100000000000000000000000000000e+01
6.709255000000000000000000000000e+05 5.467500000000000000000000000000e+05 5.467500000000000000000000000000e+05 1.200000000000000000000000000000e+01
1.217674500000000000000000000000e+06 1.093500000000000000000000000000e+06 1.093500000000000000000000000000e+06 1.300000000000000000000000000000e+01
2.311173500000000000000000000000e+06 1.640250000000000000000000000000e+06 1.640250000000000000000000000000e+06 1.400000000000000000000000000000e+01
3.951422500000000000000000000000e+06 3.280500000000000000000000000000e+06 3.280500000000000000000000000000e+06 1.500000000000000000000000000000e+01
7.231921500000000000000000000000e+06 6.561000000000000000000000000000e+06 6.561000000000000000000000000000e+06 1.600000000000000000000000000000e+01
1.379292050000000000000000000000e+07 9.841500000000000000000000000000e+06 9.841500000000000000000000000000e+06 1.700000000000000000000000000000e+01
2.363441950000000000000000000000e+07 1.968300000000000000000000000000e+07 1.968300000000000000000000000000e+07 1.800000000000000000000000000000e+01
4.331741850000000000000000000000e+07 3.936600000000000000000000000000e+07 3.936600000000000000000000000000e+07 1.900000000000000000000000000000e+01
8.268341750000000000000000000000e+07 5.904900000000000000000000000000e+07 5.904900000000000000000000000000e+07 2.000000000000000000000000000000e+01
1.417324165000000000000000000000e+08 1.180980000000000000000000000000e+08 1.180980000000000000000000000000e+08 2.100000000000000000000000000000e+01
1.000000000000000000000000000000e+00 9.990000000000000000000000000000e+02 9.990000000000000000000000000000e+02 2.200000000000000000000000000000e+01
1.000000000000000000000000000000e+03 1.499000000000000000000000000000e+03 1.499000000000000000000000000000e+03 2.300000000000000000000000000000e+01
2.499000000000000000000000000000e+03 2.999000000000000000000000000000e+03 2.999000000000000000000000000000e+03 2.400000000000000000000000000000e+01
5.498000000000000000000000000000e+03 5.999000000000000000000000000000e+03 5.999000000000000000000000000000e+03 2.500000000000000000000000000000e+01
1.149700000000000000000000000000e+04 1.199900000000000000000000000000e+04 1.199900000000000000000000000000e+04 2.600000000000000000000000000000e+01
2.349600000000000000000000000000e+04 1.799900000000000000000000000000e+04 1.799900000000000000000000000000e+04 2.700000000000000000000000000000e+01
4.149500000000000000000000000000e+04 2.699900000000000000000000000000e+04 2.699900000000000000000000000000e+04 2.800000000000000000000000000000e+01
6.849400000000000000000000000000e+04 4.049900000000000000000000000000e+04 4.049900000000000000000000000000e+04 2.900000000000000000000000000000e+01
1.089930000000000000000000000000e+05 6.074900000000000000000000000000e+04 6.074900000000000000000000000000e+04 3.000000000000000000000000000000e+01
1.697420000000000000000000000000e+05 9.112400000000000000000000000000e+04 9.112400000000000000000000000000e+04 3.100000000000000000000000000000e+01
2.608660000000000000000000000000e+05 1.366865000000000000000000000000e+05 1.366865000000000000000000000000e+05 3.200000000000000000000000000000e+01
3.975525000000000000000000000000e+05 2.733740000000000000000000000000e+05 2.733740000000000000000000000000e+05 3.300000000000000000000000000000e+01
6.709265000000000000000000000000e+05 5.467490000000000000000000000000e+05 5.467490000000000000000000000000e+05 3.400000000000000000000000000000e+01
1.217675500000000000000000000000e+06 1.093499000000000000000000000000e+06 1.093499000000000000000000000000e+06 3.500000000000000000000000000000e+01
2.311174500000000000000000000000e+06 1.640249000000000000000000000000e+06 1.640249000000000000000000000000e+06 3.600000000000000000000000000000e+01
3.951423500000000000000000000000e+06 3.280499000000000000000000000000e+06 3.280499000000000000000000000000e+06 3.700000000000000000000000000000e+01
7.231922500000000000000000000000e+06 6.560999000000000000000000000000e+06 6.560999000000000000000000000000e+06 3.800000000000000000000000000000e+01
1.379292150000000000000000000000e+07 9.841499000000000000000000000000e+06 9.841499000000000000000000000000e+06 3.900000000000000000000000000000e+01
2.363442050000000000000000000000e+07 1.968299900000000000000000000000e+07 1.968299900000000000000000000000e+07 4.000000000000000000000000000000e+01
4.331741950000000000000000000000e+07 3.936599900000000000000000000000e+07 3.936599900000000000000000000000e+07 4.100000000000000000000000000000e+01
8.268341850000000000000000000000e+07 5.904899900000000000000000000000e+07 5.904899900000000000000000000000e+07 4.200000000000000000000000000000e+01
1.417324175000000000000000000000e+08 1.180979980000000000000000000000e+08 1.180979980000000000000000000000e+08 4.300000000000000000000000000000e+01
2.598304155000000000000000000000e+08 2.361959990000000000000000000000e+08 2.361959990000000000000000000000e+08 4.400000000000000000000000000000e+01
