0.000000000000000000000000000000e+00 1.000000000000000000000000000000e+03 1.000000000000000000000000000000e+03 0.000000000000000000000000000000e+00
9.990000000000000000000000000000e+02 2.000000000000000000000000000000e+03 2.000000000000000000000000000000e+03 1.000000000000000000000000000000e+00
2.998000000000000000000000000000e+03 4.000000000000000000000000000000e+03 4.000000000000000000000000000000e+03 2.000000000000000000000000000000e+00
6.997000000000000000000000000000e+03 8.000000000000000000000000000000e+03 8.000000000000000000000000000000e+03 3.000000000000000000000000000000e+00
1.499600000000000000000000000000e+04 1.600000000000000000000000000000e+04 1.600000000000000000000000000000e+04 4.000000000000000000000000000000e+00
3.099500000000000000000000000000e+04 3.200000000000000000000000000000e+04 3.200000000000000000000000000000e+04 5.000000000000000000000000000000e+00
6.299400000000000000000000000000e+04 6.400000000000000000000000000000e+04 6.400000000000000000000000000000e+04 6.000000000000000000000000000000e+00
1.269930000000000000000000000000e+05 1.280000000000000000000000000000e+05 1.280000000000000000000000000000e+05 7.000000000000000000000000000000e+00
2.549920000000000000000000000000e+05 2.560000000000000000000000000000e+05 2.560000000000000000000000000000e+05 8.000000000000000000000000000000e+00
5.109910000000000000000000000000e+05 3.840000000000000000000000000000e+05 3.840000000000000000000000000000e+05 9.000000000000000000000000000000e+00
8.949900000000000000000000000000e+05 5.760000000000000000000000000000e+05 5.760000000000000000000000000000e+05 1.000000000000000000000000000000e+01
1.470989000000000000000000000000e+06 8.640000000000000000000000000000e+05 8.640000000000000000000000000000e+05 1.100000000000000000000000000000e+01
2.334988000000000000000000000000e+06 1.296000000000000000000000000000e+06 1.296000000000000000000000000000e+06 1.200000000000000000000000000000e+01
3.630987000000000000000000000000e+06 1.944000000000000000000000000000e+06 1.944000000000000000000000000000e+06 1.300000000000000000000000000000e+01
5.574986000000000000000000000000e+06 2.916000000000000000000000000000e+06 2.916000000000000000000000000000e+06 1.400000000000000000000000000000e+01
8.490985000000000000000000000000e+06 5.832000000000000000000000000000e+06 5.832000000000000000000000000000e+06 1.500000000000000000000000000000e+01
1.432298400000000000000000000000e+07 1.166400000000000000000000000000e+07 1.166400000000000000000000000000e+07 1.600000000000000000000000000000e+01
2.598698300000000000000000000000e+07 1.749600000000000000000000000000e+07 1.749600000000000000000000000000e+07 1.700000000000000000000000000000e+01
4.348298200000000000000000000000e+07 3.499200000000000000000000000000e+07 3.499200000000000000000000000000e+07 1.800000000000000000000000000000e+01
7.847498100000000000000000000000e+07 5.248800000000000000000000000000e+07 5.248800000000000000000000000000e+07 1.900000000000000000000000000000e+01
1.309629800000000000000000000000e+08 1.049760000000000000000000000000e+08 1.049760000000000000000000000000e+08 2.000000000000000000000000000000e+01
2.359389790000000000000000000000e+08 1.574640000000000000000000000000e+08 1.574640000000000000000000000000e+08 2.100000000000000000000000000000e+01
1.000000000000000000000000000000e+00 9.990000000000000000000000000000e+02 9.990000000000000000000000000000e+02 2.200000000000000000000000000000e+01
1.000000000000000000000000000000e+03 1.999000000000000000000000000000e+03 1.999000000000000000000000000000e+03 2.300000000000000000000000000000e+01
2.999000000000000000000000000000e+03 3.999000000000000000000000000000e+03 3.999000000000000000000000000000e+03 2.400000000000000000000000000000e+01
6.998000000000000000000000000000e+03 7.999000000000000000000000000000e+03 7.999000000000000000000000000000e+03 2.500000000000000000000000000000e+01
1.499700000000000000000000000000e+04 1.599900000000000000000000000000e+04 1.599900000000000000000000000000e+04 2.600000000000000000000000000000e+01
3.099600000000000000000000000000e+04 3.199900000000000000000000000000e+04 3.199900000000000000000000000000e+04 2.700000000000000000000000000000e+01
6.299500000000000000000000000000e+04 6.399900000000000000000000000000e+04 6.399900000000000000000000000000e+04 2.800000000000000000000000000000e+01
1.269940000000000000000000000000e+05 1.279990000000000000000000000000e+05 1.279990000000000000000000000000e+05 2.900000000000000000000000000000e+01
2.549930000000000000000000000000e+05 2.559990000000000000000000000000e+05 2.559990000000000000000000000000e+05 3.000000000000000000000000000000e+01
5.109920000000000000000000000000e+05 3.839990000000000000000000000000e+05 3.839990000000000000000000000000e+05 3.100000000000000000000000000000e+01
8.949910000000000000000000000000e+05 5.759990000000000000000000000000e+05 5.759990000000000000000000000000e+05 3.200000000000000000000000000000e+01
1.470990000000000000000000000000e+06 8.639990000000000000000000000000e+05 8.639990000000000000000000000000e+05 3.300000000000000000000000000000e+01
2.334989000000000000000000000000e+06 1.295999000000000000000000000000e+06 1.295999000000000000000000000000e+06 3.400000000000000000000000000000e+01
3.630988000000000000000000000000e+06 1.943999000000000000000000000000e+06 1.943999000000000000000000000000e+06 3.500000000000000000000000000000e+01
5.574987000000000000000000000000e+06 2.915999000000000000000000000000e+06 2.915999000000000000000000000000e+06 3.600000000000000000000000000000e+01
8.490986000000000000000000000000e+06 5.831999000000000000000000000000e+06 5.831999000000000000000000000000e+06 3.700000000000000000000000000000e+01
1.432298500000000000000000000000e+07 1.166399900000000000000000000000e+07 1.166399900000000000000000000000e+07 3.800000000000000000000000000000e+01
2.598698400000000000000000000000e+07 1.749599900000000000000000000000e+07 1.749599900000000000000000000000e+07 3.900000000000000000000000000000e+01
4.348298300000000000000000000000e+07 3.499199900000000000000000000000e+07 3.499199900000000000000000000000e+07 4.000000000000000000000000000000e+01
7.847498200000000000000000000000e+07 5.248799900000000000000000000000e+07 5.248799900000000000000000000000e+07 4.100000000000000000000000000000e+01
1.309629810000000000000000000000e+08 1.049759990000000000000000000000e+08 1.049759990000000000000000000000e+08 4.200000000000000000000000000000e+01
2.359389800000000000000000000000e+08 1.574639980000000000000000000000e+08 1.574639980000000000000000000000e+08 4.300000000000000000000000000000e+01
3.934029780000000000000000000000e+08 2.361959990000000000000000000000e+08 2.361959990000000000000000000000e+08 4.400000000000000000000000000000e+01
