0.000000000000000000000000000000e+00 1.000000000000000000000000000000e+03 1.000000000000000000000000000000e+03 0.000000000000000000000000000000e+00
9.990000000000000000000000000000e+02 2.000000000000000000000000000000e+03 2.000000000000000000000000000000e+03 1.000000000000000000000000000000e+00
2.998000000000000000000000000000e+03 4.000000000000000000000000000000e+03 4.000000000000000000000000000000e+03 2.000000000000000000000000000000e+00
6.997000000000000000000000000000e+03 6.000000000000000000000000000000e+03 6.000000000000000000000000000000e+03 3.000000000000000000000000000000e+00
1.299600000000000000000000000000e+04 9.000000000000000000000000000000e+03 9.000000000000000000000000000000e+03 4.000000000000000000000000000000e+00
2.199500000000000000000000000000e+04 1.350000000000000000000000000000e+04 1.350000000000000000000000000000e+04 5.000000000000000000000000000000e+00
3.549400000000000000000000000000e+04 2.025000000000000000000000000000e+04 2.025000000000000000000000000000e+04 6.000000000000000000000000000000e+00
5.574300000000000000000000000000e+04 3.037500000000000000000000000000e+04 3.037500000000000000000000000000e+04 7.000000000000000000000000000000e+00
8.611700000000000000000000000000e+04 4.556250000000000000000000000000e+04 4.556250000000000000000000000000e+04 8.000000000000000000000000000000e+00
1.316785000000000000000000000000e+05 9.112500000000000000000000000000e+04 9.112500000000000000000000000000e+04 9.000000000000000000000000000000e+00
2.228025000000000000000000000000e+05 1.366875000000000000000000000000e+05 1.366875000000000000000000000000e+05 1.000000000000000000000000000000e+01
3.594890000000000000000000000000e+05 2.733750000000000000000000000000e+05 2.733750000000000000000000000000e+05 1.100000000000000000000000000000e+01
6.328630000000000000000000000000e+05 5.467500000000000000000000000000e+05 5.467500000000000000000000000000e+05 1.200000000000000000000000000000e+01
1.179612000000000000000000000000e+06 8.201250000000000000000000000000e+05 8.201250000000000000000000000000e+05 1.300000000000000000000000000000e+01
1.999736000000000000000000000000e+06 1.640250000000000000000000000000e+06 1.640250000000000000000000000000e+06 1.400000000000000000000000000000e+01
3.639985000000000000000000000000e+06 2.460375000000000000000000000000e+06 2.460375000000000000000000000000e+06 1.500000000000000000000000000000e+01
6.100359000000000000000000000000e+06 3.690562500000000000000000000000e+06 3.690562500000000000000000000000e+06 1.600000000000000000000000000000e+01
9.790920500000000000000000000000e+06 7.381125000000000000000000000000e+06 7.381125000000000000000000000000e+06 1.700000000000000000000000000000e+01
1.717204450000000000000000000000e+07 1.107168750000000000000000000000e+07 1.107168750000000000000000000000e+07 1.800000000000000000000000000000e+01
2.824373100000000000000000000000e+07 1.660753125000000000000000000000e+07 1.660753125000000000000000000000e+07 1.900000000000000000000000000000e+01
4.485126125000000000000000000000e+07 2.491129687500000000000000000000e+07 2.491129687500000000000000000000e+07 2.000000000000000000000000000000e+01
6.976255712500000000000000000000e+07 3.736694531250000000000000000000e+07 3.736694531250000000000000000000e+07 2.100000000000000000000000000000e+01
1.000000000000000000000000000000e+00 9.990000000000000000000000000000e+02 9.990000000000000000000000000000e+02 2.200000000000000000000000000000e+01
1.000000000000000000000000000000e+03 1.999000000000000000000000000000e+03 1.999000000000000000000000000000e+03 2.300000000000000000000000000000e+01
2.999000000000000000000000000000e+03 3.999000000000000000000000000000e+03 3.999000000000000000000000000000e+03 2.400000000000000000000000000000e+01
6.998000000000000000000000000000e+03 5.999000000000000000000000000000e+03 5.999000000000000000000000000000e+03 2.500000000000000000000000000000e+01
1.299700000000000000000000000000e+04 8.999000000000000000000000000000e+03 8.999000000000000000000000000000e+03 2.600000000000000000000000000000e+01
2.199600000000000000000000000000e+04 1.349900000000000000000000000000e+04 1.349900000000000000000000000000e+04 2.700000000000000000000000000000e+01
3.549500000000000000000000000000e+04 2.024900000000000000000000000000e+04 2.024900000000000000000000000000e+04 2.800000000000000000000000000000e+01
5.574400000000000000000000000000e+04 3.037400000000000000000000000000e+04 3.037400000000000000000000000000e+04 2.900000000000000000000000000000e+01
8.611800000000000000000000000000e+04 4.556150000000000000000000000000e+04 4.556150000000000000000000000000e+04 3.000000000000000000000000000000e+01
1.316795000000000000000000000000e+05 9.112400000000000000000000000000e+04 9.112400000000000000000000000000e+04 3.100000000000000000000000000000e+01
2.228035000000000000000000000000e+05 1.366865000000000000000000000000e+05 1.366865000000000000000000000000e+05 3.200000000000000000000000000000e+01
3.594900000000000000000000000000e+05 2.733740000000000000000000000000e+05 2.733740000000000000000000000000e+05 3.300000000000000000000000000000e+01
6.328640000000000000000000000000e+05 5.467490000000000000000000000000e+05 5.467490000000000000000000000000e+05 3.400000000000000000000000000000e+01
1.179613000000000000000000000000e+06 8.201240000000000000000000000000e+05 8.201240000000000000000000000000e+05 3.500000000000000000000000000000e+01
1.999737000000000000000000000000e+06 1.640249000000000000000000000000e+06 1.640249000000000000000000000000e+06 3.600000000000000000000000000000e+01
3.639986000000000000000000000000e+06 2.460374000000000000000000000000e+06 2.460374000000000000000000000000e+06 3.700000000000000000000000000000e+01
6.100360000000000000000000000000e+06 3.690561500000000000000000000000e+06 3.690561500000000000000000000000e+06 3.800000000000000000000000000000e+01
9.790921500000000000000000000000e+06 7.381124000000000000000000000000e+06 7.381124000000000000000000000000e+06 3.900000000000000000000000000000e+01
1.717204550000000000000000000000e+07 1.107168650000000000000000000000e+07 1.107168650000000000000000000000e+07 4.000000000000000000000000000000e+01
2.824373200000000000000000000000e+07 1.660753025000000000000000000000e+07 1.660753025000000000000000000000e+07 4.100000000000000000000000000000e+01
4.485126225000000000000000000000e+07 2.491129587500000000000000000000e+07 2.491129587500000000000000000000e+07 4.200000000000000000000000000000e+01
6.976255812500000000000000000000e+07 3.736694331250000000000000000000e+07 3.736694331250000000000000000000e+07 4.300000000000000000000000000000e+01
1.071295014375000000000000000000e+08 5.605041696875000000000000000000e+07 5.605041696875000000000000000000e+07 4.400000000000000000000000000000e+01
