0.000000000000000000000000000000e+00 1.000000000000000000000000000000e+03 1.000000000000000000000000000000e+03 0.000000000000000000000000000000e+00
9.990000000000000000000000000000e+02 1.500000000000000000000000000000e+03 1.500000000000000000000000000000e+03 1.000000000000000000000000000000e+00
2.498000000000000000000000000000e+03 2.250000000000000000000000000000e+03 2.250000000000000000000000000000e+03 2.000000000000000000000000000000e+00
4.747000000000000000000000000000e+03 4.500000000000000000000000000000e+03 4.500000000000000000000000000000e+03 3.000000000000000000000000000000e+00
9.246000000000000000000000000000e+03 6.750000000000000000000000000000e+03 6.750000000000000000000000000000e+03 4.000000000000000000000000000000e+00
1.599500000000000000000000000000e+04 1.350000000000000000000000000000e+04 1.350000000000000000000000000000e+04 5.000000000000000000000000000000e+00
2.949400000000000000000000000000e+04 2.700000000000000000000000000000e+04 2.700000000000000000000000000000e+04 6.000000000000000000000000000000e+00
5.649300000000000000000000000000e+04 4.050000000000000000000000000000e+04 4.050000000000000000000000000000e+04 7.000000000000000000000000000000e+00
9.699200000000000000000000000000e+04 6.075000000000000000000000000000e+04 6.075000000000000000000000000000e+04 8.000000000000000000000000000000e+00
1.577410000000000000000000000000e+05 9.112500000000000000000000000000e+04 9.112500000000000000000000000000e+04 9.000000000000000000000000000000e+00
2.488650000000000000000000000000e+05 1.822500000000000000000000000000e+05 1.822500000000000000000000000000e+05 1.000000000000000000000000000000e+01
4.311140000000000000000000000000e+05 3.645000000000000000000000000000e+05 3.645000000000000000000000000000e+05 1.100000000000000000000000000000e+01
7.956130000000000000000000000000e+05 7.290000000000000000000000000000e+05 7.290000000000000000000000000000e+05 1.200000000000000000000000000000e+01
1.524612000000000000000000000000e+06 1.458000000000000000000000000000e+06 1.458000000000000000000000000000e+06 1.300000000000000000000000000000e+01
2.982611000000000000000000000000e+06 2.916000000000000000000000000000e+06 2.916000000000000000000000000000e+06 1.400000000000000000000000000000e+01
5.898610000000000000000000000000e+06 4.374000000000000000000000000000e+06 4.374000000000000000000000000000e+06 1.500000000000000000000000000000e+01
1.027260900000000000000000000000e+07 6.561000000000000000000000000000e+06 6.561000000000000000000000000000e+06 1.600000000000000000000000000000e+01
1.683360800000000000000000000000e+07 1.312200000000000000000000000000e+07 1.312200000000000000000000000000e+07 1.700000000000000000000000000000e+01
2.995560700000000000000000000000e+07 2.624400000000000000000000000000e+07 2.624400000000000000000000000000e+07 1.800000000000000000000000000000e+01
5.619960600000000000000000000000e+07 5.248800000000000000000000000000e+07 5.248800000000000000000000000000e+07 1.900000000000000000000000000000e+01
1.086876050000000000000000000000e+08 7.873200000000000000000000000000e+07 7.873200000000000000000000000000e+07 2.000000000000000000000000000000e+01
1.874196040000000000000000000000e+08 1.180980000000000000000000000000e+08 1.180980000000000000000000000000e+08 2.100000000000000000000000000000e+01
1.000000000000000000000000000000e+00 9.990000000000000000000000000000e+02 9.990000000000000000000000000000e+02 2.200000000000000000000000000000e+01
1.000000000000000000000000000000e+03 1.499000000000000000000000000000e+03 1.499000000000000000000000000000e+03 2.300000000000000000000000000000e+01
2.499000000000000000000000000000e+03 2.249000000000000000000000000000e+03 2.249000000000000000000000000000e+03 2.400000000000000000000000000000e+01
4.748000000000000000000000000000e+03 4.499000000000000000000000000000e+03 4.499000000000000000000000000000e+03 2.500000000000000000000000000000e+01
9.247000000000000000000000000000e+03 6.749000000000000000000000000000e+03 6.749000000000000000000000000000e+03 2.600000000000000000000000000000e+01
1.599600000000000000000000000000e+04 1.349900000000000000000000000000e+04 1.349900000000000000000000000000e+04 2.700000000000000000000000000000e+01
2.949500000000000000000000000000e+04 2.699900000000000000000000000000e+04 2.699900000000000000000000000000e+04 2.800000000000000000000000000000e+01
5.649400000000000000000000000000e+04 4.049900000000000000000000000000e+04 4.049900000000000000000000000000e+04 2.900000000000000000000000000000e+01
9.699300000000000000000000000000e+04 6.074900000000000000000000000000e+04 6.074900000000000000000000000000e+04 3.000000000000000000000000000000e+01
1.577420000000000000000000000000e+05 9.112400000000000000000000000000e+04 9.112400000000000000000000000000e+04 3.100000000000000000000000000000e+01
2.488660000000000000000000000000e+05 1.822490000000000000000000000000e+05 1.822490000000000000000000000000e+05 3.200000000000000000000000000000e+01
4.311150000000000000000000000000e+05 3.644990000000000000000000000000e+05 3.644990000000000000000000000000e+05 3.300000000000000000000000000000e+01
7.956140000000000000000000000000e+05 7.289990000000000000000000000000e+05 7.289990000000000000000000000000e+05 3.400000000000000000000000000000e+01
1.524613000000000000000000000000e+06 1.457999000000000000000000000000e+06 1.457999000000000000000000000000e+06 3.500000000000000000000000000000e+01
2.982612000000000000000000000000e+06 2.915999000000000000000000000000e+06 2.915999000000000000000000000000e+06 3.600000000000000000000000000000e+01
5.898611000000000000000000000000e+06 4.373999000000000000000000000000e+06 4.373999000000000000000000000000e+06 3.700000000000000000000000000000e+01
1.027261000000000000000000000000e+07 6.560999000000000000000000000000e+06 6.560999000000000000000000000000e+06 3.800000000000000000000000000000e+01
1.683360900000000000000000000000e+07 1.312199900000000000000000000000e+07 1.312199900000000000000000000000e+07 3.900000000000000000000000000000e+01
2.995560800000000000000000000000e+07 2.624399900000000000000000000000e+07 2.624399900000000000000000000000e+07 4.000000000000000000000000000000e+01
5.619960700000000000000000000000e+07 5.248799900000000000000000000000e+07 5.248799900000000000000000000000e+07 4.100000000000000000000000000000e+01
1.086876060000000000000000000000e+08 7.873199900000000000000000000000e+07 7.873199900000000000000000000000e+07 4.200000000000000000000000000000e+01
1.874196050000000000000000000000e+08 1.180979980000000000000000000000e+08 1.180979980000000000000000000000e+08 4.300000000000000000000000000000e+01
3.055176030000000000000000000000e+08 1.771469990000000000000000000000e+08 1.771469990000000000000000000000e+08 4.400000000000000000000000000000e+01
