0.000000000000000000000000000000e+00 1.000000000000000000000000000000e+03 1.000000000000000000000000000000e+03 0.000000000000000000000000000000e+00
9.990000000000000000000000000000e+02 1.500000000000000000000000000000e+03 1.500000000000000000000000000000e+03 1.000000000000000000000000000000e+00
2.498000000000000000000000000000e+03 3.000000000000000000000000000000e+03 3.000000000000000000000000000000e+03 2.000000000000000000000000000000e+00
5.497000000000000000000000000000e+03 6.000000000000000000000000000000e+03 6.000000000000000000000000000000e+03 3.000000000000000000000000000000e+00
1.149600000000000000000000000000e+04 9.000000000000000000000000000000e+03 9.000000000000000000000000000000e+03 4.000000000000000000000000000000e+00
2.049500000000000000000000000000e+04 1.350000000000000000000000000000e+04 1.350000000000000000000000000000e+04 5.000000000000000000000000000000e+00
3.399400000000000000000000000000e+04 2.025000000000000000000000000000e+04 2.025000000000000000000000000000e+04 6.000000000000000000000000000000e+00
5.424300000000000000000000000000e+04 4.050000000000000000000000000000e+04 4.050000000000000000000000000000e+04 7.000000000000000000000000000000e+00
9.474200000000000000000000000000e+04 8.100000000000000000000000000000e+04 8.100000000000000000000000000000e+04 8.000000000000000000000000000000e+00
1.757410000000000000000000000000e+05 1.215000000000000000000000000000e+05 1.215000000000000000000000000000e+05 9.000000000000000000000000000000e+00
2.972400000000000000000000000000e+05 2.430000000000000000000000000000e+05 2.430000000000000000000000000000e+05 1.000000000000000000000000000000e+01
5.402390000000000000000000000000e+05 3.645000000000000000000000000000e+05 3.645000000000000000000000000000e+05 1.100000000000000000000000000000e+01
9.047380000000000000000000000000e+05 7.290000000000000000000000000000e+05 7.290000000000000000000000000000e+05 1.200000000000000000000000000000e+01
1.633737000000000000000000000000e+06 1.093500000000000000000000000000e+06 1.093500000000000000000000000000e+06 1.300000000000000000000000000000e+01
2.727236000000000000000000000000e+06 2.187000000000000000000000000000e+06 2.187000000000000000000000000000e+06 1.400000000000000000000000000000e+01
4.914235000000000000000000000000e+06 3.280500000000000000000000000000e+06 3.280500000000000000000000000000e+06 1.500000000000000000000000000000e+01
8.194734000000000000000000000000e+06 6.561000000000000000000000000000e+06 6.561000000000000000000000000000e+06 1.600000000000000000000000000000e+01
1.475573300000000000000000000000e+07 1.312200000000000000000000000000e+07 1.312200000000000000000000000000e+07 1.700000000000000000000000000000e+01
2.787773200000000000000000000000e+07 2.624400000000000000000000000000e+07 2.624400000000000000000000000000e+07 1.800000000000000000000000000000e+01
5.412173100000000000000000000000e+07 3.936600000000000000000000000000e+07 3.936600000000000000000000000000e+07 1.900000000000000000000000000000e+01
9.348773000000000000000000000000e+07 7.873200000000000000000000000000e+07 7.873200000000000000000000000000e+07 2.000000000000000000000000000000e+01
1.722197290000000000000000000000e+08 1.574640000000000000000000000000e+08 1.574640000000000000000000000000e+08 2.100000000000000000000000000000e+01
1.000000000000000000000000000000e+00 9.990000000000000000000000000000e+02 9.990000000000000000000000000000e+02 2.200000000000000000000000000000e+01
1.000000000000000000000000000000e+03 1.499000000000000000000000000000e+03 1.499000000000000000000000000000e+03 2.300000000000000000000000000000e+01
2.499000000000000000000000000000e+03 2.999000000000000000000000000000e+03 2.999000000000000000000000000000e+03 2.400000000000000000000000000000e+01
5.498000000000000000000000000000e+03 5.999000000000000000000000000000e+03 5.999000000000000000000000000000e+03 2.500000000000000000000000000000e+01
1.149700000000000000000000000000e+04 8.999000000000000000000000000000e+03 8.999000000000000000000000000000e+03 2.600000000000000000000000000000e+01
2.049600000000000000000000000000e+04 1.349900000000000000000000000000e+04 1.349900000000000000000000000000e+04 2.700000000000000000000000000000e+01
3.399500000000000000000000000000e+04 2.024900000000000000000000000000e+04 2.024900000000000000000000000000e+04 2.800000000000000000000000000000e+01
5.424400000000000000000000000000e+04 4.049900000000000000000000000000e+04 4.049900000000000000000000000000e+04 2.900000000000000000000000000000e+01
9.474300000000000000000000000000e+04 8.099900000000000000000000000000e+04 8.099900000000000000000000000000e+04 3.000000000000000000000000000000e+01
1.757420000000000000000000000000e+05 1.214990000000000000000000000000e+05 1.214990000000000000000000000000e+05 3.100000000000000000000000000000e+01
2.972410000000000000000000000000e+05 2.429990000000000000000000000000e+05 2.429990000000000000000000000000e+05 3.200000000000000000000000000000e+01
5.402400000000000000000000000000e+05 3.644990000000000000000000000000e+05 3.644990000000000000000000000000e+05 3.300000000000000000000000000000e+01
9.047390000000000000000000000000e+05 7.289990000000000000000000000000e+05 7.289990000000000000000000000000e+05 3.400000000000000000000000000000e+01
1.633738000000000000000000000000e+06 1.093499000000000000000000000000e+06 1.093499000000000000000000000000e+06 3.500000000000000000000000000000e+01
2.727237000000000000000000000000e+06 2.186999000000000000000000000000e+06 2.186999000000000000000000000000e+06 3.600000000000000000000000000000e+01
4.914236000000000000000000000000e+06 3.280499000000000000000000000000e+06 3.280499000000000000000000000000e+06 3.700000000000000000000000000000e+01
8.194735000000000000000000000000e+06 6.560999000000000000000000000000e+06 6.560999000000000000000000000000e+06 3.800000000000000000000000000000e+01
1.475573400000000000000000000000e+07 1.312199900000000000000000000000e+07 1.312199900000000000000000000000e+07 3.900000000000000000000000000000e+01
2.787773300000000000000000000000e+07 2.624399900000000000000000000000e+07 2.624399900000000000000000000000e+07 4.000000000000000000000000000000e+01
5.412173200000000000000000000000e+07 3.936599900000000000000000000000e+07 3.936599900000000000000000000000e+07 4.100000000000000000000000000000e+01
9.348773100000000000000000000000e+07 7.873199900000000000000000000000e+07 7.873199900000000000000000000000e+07 4.200000000000000000000000000000e+01
1.722197300000000000000000000000e+08 1.574639980000000000000000000000e+08 1.574639980000000000000000000000e+08 4.300000000000000000000000000000e+01
3.296837280000000000000000000000e+08 2.361959990000000000000000000000e+08 2.361959990000000000000000000000e+08 4.400000000000000000000000000000e+01
