0.000000000000000000000000000000e+00 1.000000000000000000000000000000e+03 1.000000000000000000000000000000e+03 0.000000000000000000000000000000e+00
9.990000000000000000000000000000e+02 2.000000000000000000000000000000e+03 2.000000000000000000000000000000e+03 1.000000000000000000000000000000e+00
2.998000000000000000000000000000e+03 3.000000000000000000000000000000e+03 3.000000000000000000000000000000e+03 2.000000000000000000000000000000e+00
5.997000000000000000000000000000e+03 4.500000000000000000000000000000e+03 4.500000000000000000000000000000e+03 3.000000000000000000000000000000e+00
1.049600000000000000000000000000e+04 9.000000000000000000000000000000e+03 9.000000000000000000000000000000e+03 4.000000000000000000000000000000e+00
1.949500000000000000000000000000e+04 1.350000000000000000000000000000e+04 1.350000000000000000000000000000e+04 5.000000000000000000000000000000e+00
3.299400000000000000000000000000e+04 2.025000000000000000000000000000e+04 2.025000000000000000000000000000e+04 6.000000000000000000000000000000e+00
5.324300000000000000000000000000e+04 3.037500000000000000000000000000e+04 3.037500000000000000000000000000e+04 7.000000000000000000000000000000e+00
8.361700000000000000000000000000e+04 4.556250000000000000000000000000e+04 4.556250000000000000000000000000e+04 8.000000000000000000000000000000e+00
1.291785000000000000000000000000e+05 9.112500000000000000000000000000e+04 9.112500000000000000000000000000e+04 9.000000000000000000000000000000e+00
2.203025000000000000000000000000e+05 1.366875000000000000000000000000e+05 1.366875000000000000000000000000e+05 1.000000000000000000000000000000e+01
3.569890000000000000000000000000e+05 2.050312500000000000000000000000e+05 2.050312500000000000000000000000e+05 1.100000000000000000000000000000e+01
5.620192500000000000000000000000e+05 3.075468750000000000000000000000e+05 3.075468750000000000000000000000e+05 1.200000000000000000000000000000e+01
8.695651250000000000000000000000e+05 4.613203125000000000000000000000e+05 4.613203125000000000000000000000e+05 1.300000000000000000000000000000e+01
1.330884437500000000000000000000e+06 9.226406250000000000000000000000e+05 9.226406250000000000000000000000e+05 1.400000000000000000000000000000e+01
2.253524062500000000000000000000e+06 1.383960937500000000000000000000e+06 1.383960937500000000000000000000e+06 1.500000000000000000000000000000e+01
3.637484000000000000000000000000e+06 2.767921875000000000000000000000e+06 2.767921875000000000000000000000e+06 1.600000000000000000000000000000e+01
6.405404875000000000000000000000e+06 4.151882812500000000000000000000e+06 4.151882812500000000000000000000e+06 1.700000000000000000000000000000e+01
1.055728668750000000000000000000e+07 6.227824218750000000000000000000e+06 6.227824218750000000000000000000e+06 1.800000000000000000000000000000e+01
1.678510990625000000000000000000e+07 1.245564843750000000000000000000e+07 1.245564843750000000000000000000e+07 1.900000000000000000000000000000e+01
2.924075734375000000000000000000e+07 1.868347265625000000000000000000e+07 1.868347265625000000000000000000e+07 2.000000000000000000000000000000e+01
4.792422900000000000000000000000e+07 2.802520898437500000000000000000e+07 2.802520898437500000000000000000e+07 2.100000000000000000000000000000e+01
1.000000000000000000000000000000e+00 9.990000000000000000000000000000e+02 9.990000000000000000000000000000e+02 2.200000000000000000000000000000e+01
1.000000000000000000000000000000e+03 1.999000000000000000000000000000e+03 1.999000000000000000000000000000e+03 2.300000000000000000000000000000e+01
2.999000000000000000000000000000e+03 2.999000000000000000000000000000e+03 2.999000000000000000000000000000e+03 2.400000000000000000000000000000e+01
5.998000000000000000000000000000e+03 4.499000000000000000000000000000e+03 4.499000000000000000000000000000e+03 2.500000000000000000000000000000e+01
1.049700000000000000000000000000e+04 8.999000000000000000000000000000e+03 8.999000000000000000000000000000e+03 2.600000000000000000000000000000e+01
1.949600000000000000000000000000e+04 1.349900000000000000000000000000e+04 1.349900000000000000000000000000e+04 2.700000000000000000000000000000e+01
3.299500000000000000000000000000e+04 2.024900000000000000000000000000e+04 2.024900000000000000000000000000e+04 2.800000000000000000000000000000e+01
5.324400000000000000000000000000e+04 3.037400000000000000000000000000e+04 3.037400000000000000000000000000e+04 2.900000000000000000000000000000e+01
8.361800000000000000000000000000e+04 4.556150000000000000000000000000e+04 4.556150000000000000000000000000e+04 3.000000000000000000000000000000e+01
1.291795000000000000000000000000e+05 9.112400000000000000000000000000e+04 9.112400000000000000000000000000e+04 3.100000000000000000000000000000e+01
2.203035000000000000000000000000e+05 1.366865000000000000000000000000e+05 1.366865000000000000000000000000e+05 3.200000000000000000000000000000e+01
3.569900000000000000000000000000e+05 2.050302500000000000000000000000e+05 2.050302500000000000000000000000e+05 3.300000000000000000000000000000e+01
5.620202500000000000000000000000e+05 3.075458750000000000000000000000e+05 3.075458750000000000000000000000e+05 3.400000000000000000000000000000e+01
8.695661250000000000000000000000e+05 4.613193125000000000000000000000e+05 4.613193125000000000000000000000e+05 3.500000000000000000000000000000e+01
1.330885437500000000000000000000e+06 9.226396250000000000000000000000e+05 9.226396250000000000000000000000e+05 3.600000000000000000000000000000e+01
2.253525062500000000000000000000e+06 1.383959937500000000000000000000e+06 1.383959937500000000000000000000e+06 3.700000000000000000000000000000e+01
3.637485000000000000000000000000e+06 2.767920875000000000000000000000e+06 2.767920875000000000000000000000e+06 3.800000000000000000000000000000e+01
6.405405875000000000000000000000e+06 4.151881812500000000000000000000e+06 4.151881812500000000000000000000e+06 3.900000000000000000000000000000e+01
1.055728768750000000000000000000e+07 6.227823218750000000000000000000e+06 6.227823218750000000000000000000e+06 4.000000000000000000000000000000e+01
1.678511090625000000000000000000e+07 1.245564743750000000000000000000e+07 1.245564743750000000000000000000e+07 4.100000000000000000000000000000e+01
2.924075834375000000000000000000e+07 1.868347165625000000000000000000e+07 1.868347165625000000000000000000e+07 4.200000000000000000000000000000e+01
4.792423000000000000000000000000e+07 2.802520698437500000000000000000e+07 2.802520698437500000000000000000e+07 4.300000000000000000000000000000e+01
7.594943698437500000000000000000e+07 4.203781247656250000000000000000e+07 4.203781247656250000000000000000e+07 4.400000000000000000000000000000e+01
