0.000000000000000000000000000000e+00 1.000000000000000000000000000000e+03 1.000000000000000000000000000000e+03 0.000000000000000000000000000000e+00
9.990000000000000000000000000000e+02 2.000000000000000000000000000000e+03 2.000000000000000000000000000000e+03 1.000000000000000000000000000000e+00
2.998000000000000000000000000000e+03 4.000000000000000000000000000000e+03 4.000000000000000000000000000000e+03 2.000000000000000000000000000000e+00
6.997000000000000000000000000000e+03 6.000000000000000000000000000000e+03 6.000000000000000000000000000000e+03 3.000000000000000000000000000000e+00
1.299600000000000000000000000000e+04 1.200000000000000000000000000000e+04 1.200000000000000000000000000000e+04 4.000000000000000000000000000000e+00
2.499500000000000000000000000000e+04 1.800000000000000000000000000000e+04 1.800000000000000000000000000000e+04 5.000000000000000000000000000000e+00
4.299400000000000000000000000000e+04 2.700000000000000000000000000000e+04 2.700000000000000000000000000000e+04 6.000000000000000000000000000000e+00
6.999300000000000000000000000000e+04 4.050000000000000000000000000000e+04 4.050000000000000000000000000000e+04 7.000000000000000000000000000000e+00
1.104920000000000000000000000000e+05 6.075000000000000000000000000000e+04 6.075000000000000000000000000000e+04 8.000000000000000000000000000000e+00
1.712410000000000000000000000000e+05 9.112500000000000000000000000000e+04 9.112500000000000000000000000000e+04 9.000000000000000000000000000000e+00
2.623650000000000000000000000000e+05 1.822500000000000000000000000000e+05 1.822500000000000000000000000000e+05 1.000000000000000000000000000000e+01
4.446140000000000000000000000000e+05 3.645000000000000000000000000000e+05 3.645000000000000000000000000000e+05 1.100000000000000000000000000000e+01
8.091130000000000000000000000000e+05 7.290000000000000000000000000000e+05 7.290000000000000000000000000000e+05 1.200000000000000000000000000000e+01
1.538112000000000000000000000000e+06 1.093500000000000000000000000000e+06 1.093500000000000000000000000000e+06 1.300000000000000000000000000000e+01
2.631611000000000000000000000000e+06 1.640250000000000000000000000000e+06 1.640250000000000000000000000000e+06 1.400000000000000000000000000000e+01
4.271860000000000000000000000000e+06 3.280500000000000000000000000000e+06 3.280500000000000000000000000000e+06 1.500000000000000000000000000000e+01
7.552359000000000000000000000000e+06 4.920750000000000000000000000000e+06 4.920750000000000000000000000000e+06 1.600000000000000000000000000000e+01
1.247310800000000000000000000000e+07 9.841500000000000000000000000000e+06 9.841500000000000000000000000000e+06 1.700000000000000000000000000000e+01
2.231460700000000000000000000000e+07 1.968300000000000000000000000000e+07 1.968300000000000000000000000000e+07 1.800000000000000000000000000000e+01
4.199760600000000000000000000000e+07 2.952450000000000000000000000000e+07 2.952450000000000000000000000000e+07 1.900000000000000000000000000000e+01
7.152210500000000000000000000000e+07 4.428675000000000000000000000000e+07 4.428675000000000000000000000000e+07 2.000000000000000000000000000000e+01
1.158088540000000000000000000000e+08 6.643012500000000000000000000000e+07 6.643012500000000000000000000000e+07 2.100000000000000000000000000000e+01
1.000000000000000000000000000000e+00 9.990000000000000000000000000000e+02 9.990000000000000000000000000000e+02 2.200000000000000000000000000000e+01
1.000000000000000000000000000000e+03 1.999000000000000000000000000000e+03 1.999000000000000000000000000000e+03 2.300000000000000000000000000000e+01
2.999000000000000000000000000000e+03 3.999000000000000000000000000000e+03 3.999000000000000000000000000000e+03 2.400000000000000000000000000000e+01
6.998000000000000000000000000000e+03 5.999000000000000000000000000000e+03 5.999000000000000000000000000000e+03 2.500000000000000000000000000000e+01
1.299700000000000000000000000000e+04 1.199900000000000000000000000000e+04 1.199900000000000000000000000000e+04 2.600000000000000000000000000000e+01
2.499600000000000000000000000000e+04 1.799900000000000000000000000000e+04 1.799900000000000000000000000000e+04 2.700000000000000000000000000000e+01
4.299500000000000000000000000000e+04 2.699900000000000000000000000000e+04 2.699900000000000000000000000000e+04 2.800000000000000000000000000000e+01
6.999400000000000000000000000000e+04 4.049900000000000000000000000000e+04 4.049900000000000000000000000000e+04 2.900000000000000000000000000000e+01
1.104930000000000000000000000000e+05 6.074900000000000000000000000000e+04 6.074900000000000000000000000000e+04 3.000000000000000000000000000000e+01
1.712420000000000000000000000000e+05 9.112400000000000000000000000000e+04 9.112400000000000000000000000000e+04 3.100000000000000000000000000000e+01
2.623660000000000000000000000000e+05 1.822490000000000000000000000000e+05 1.822490000000000000000000000000e+05 3.200000000000000000000000000000e+01
4.446150000000000000000000000000e+05 3.644990000000000000000000000000e+05 3.644990000000000000000000000000e+05 3.300000000000000000000000000000e+01
8.091140000000000000000000000000e+05 7.289990000000000000000000000000e+05 7.289990000000000000000000000000e+05 3.400000000000000000000000000000e+01
1.538113000000000000000000000000e+06 1.093499000000000000000000000000e+06 1.093499000000000000000000000000e+06 3.500000000000000000000000000000e+01
2.631612000000000000000000000000e+06 1.640249000000000000000000000000e+06 1.640249000000000000000000000000e+06 3.600000000000000000000000000000e+01
4.271861000000000000000000000000e+06 3.280499000000000000000000000000e+06 3.280499000000000000000000000000e+06 3.700000000000000000000000000000e+01
7.552360000000000000000000000000e+06 4.920749000000000000000000000000e+06 4.920749000000000000000000000000e+06 3.800000000000000000000000000000e+01
1.247310900000000000000000000000e+07 9.841499000000000000000000000000e+06 9.841499000000000000000000000000e+06 3.900000000000000000000000000000e+01
2.231460800000000000000000000000e+07 1.968299900000000000000000000000e+07 1.968299900000000000000000000000e+07 4.000000000000000000000000000000e+01
4.199760700000000000000000000000e+07 2.952449900000000000000000000000e+07 2.952449900000000000000000000000e+07 4.100000000000000000000000000000e+01
7.152210600000000000000000000000e+07 4.428674900000000000000000000000e+07 4.428674900000000000000000000000e+07 4.200000000000000000000000000000e+01
1.158088550000000000000000000000e+08 6.643012300000000000000000000000e+07 6.643012300000000000000000000000e+07 4.300000000000000000000000000000e+01
1.822389780000000000000000000000e+08 9.964518650000000000000000000000e+07 9.964518650000000000000000000000e+07 4.400000000000000000000000000000e+01
