0.000000000000000000000000000000e+00 1.000000000000000000000000000000e+03 1.000000000000000000000000000000e+03 0.000000000000000000000000000000e+00
9.990000000000000000000000000000e+02 2.000000000000000000000000000000e+03 2.000000000000000000000000000000e+03 1.000000000000000000000000000000e+00
2.998000000000000000000000000000e+03 4.000000000000000000000000000000e+03 4.000000000000000000000000000000e+03 2.000000000000000000000000000000e+00
6.997000000000000000000000000000e+03 8.000000000000000000000000000000e+03 8.000000000000000000000000000000e+03 3.000000000000000000000000000000e+00
1.499600000000000000000000000000e+04 1.200000000000000000000000000000e+04 1.200000000000000000000000000000e+04 4.000000000000000000000000000000e+00
2.699500000000000000000000000000e+04 2.400000000000000000000000000000e+04 2.400000000000000000000000000000e+04 5.000000000000000000000000000000e+00
5.099400000000000000000000000000e+04 4.800000000000000000000000000000e+04 4.800000000000000000000000000000e+04 6.000000000000000000000000000000e+00
9.899300000000000000000000000000e+04 9.600000000000000000000000000000e+04 9.600000000000000000000000000000e+04 7.000000000000000000000000000000e+00
1.949920000000000000000000000000e+05 1.920000000000000000000000000000e+05 1.920000000000000000000000000000e+05 8.000000000000000000000000000000e+00
3.869910000000000000000000000000e+05 3.840000000000000000000000000000e+05 3.840000000000000000000000000000e+05 9.000000000000000000000000000000e+00
7.709900000000000000000000000000e+05 7.680000000000000000000000000000e+05 7.680000000000000000000000000000e+05 1.000000000000000000000000000000e+01
1.538989000000000000000000000000e+06 1.152000000000000000000000000000e+06 1.152000000000000000000000000000e+06 1.100000000000000000000000000000e+01
2.690988000000000000000000000000e+06 1.728000000000000000000000000000e+06 1.728000000000000000000000000000e+06 1.200000000000000000000000000000e+01
4.418987000000000000000000000000e+06 2.592000000000000000000000000000e+06 2.592000000000000000000000000000e+06 1.300000000000000000000000000000e+01
7.010986000000000000000000000000e+06 5.184000000000000000000000000000e+06 5.184000000000000000000000000000e+06 1.400000000000000000000000000000e+01
1.219498500000000000000000000000e+07 1.036800000000000000000000000000e+07 1.036800000000000000000000000000e+07 1.500000000000000000000000000000e+01
2.256298400000000000000000000000e+07 1.555200000000000000000000000000e+07 1.555200000000000000000000000000e+07 1.600000000000000000000000000000e+01
3.811498300000000000000000000000e+07 2.332800000000000000000000000000e+07 2.332800000000000000000000000000e+07 1.700000000000000000000000000000e+01
6.144298200000000000000000000000e+07 4.665600000000000000000000000000e+07 4.665600000000000000000000000000e+07 1.800000000000000000000000000000e+01
1.080989810000000000000000000000e+08 6.998400000000000000000000000000e+07 6.998400000000000000000000000000e+07 1.900000000000000000000000000000e+01
1.780829800000000000000000000000e+08 1.049760000000000000000000000000e+08 1.049760000000000000000000000000e+08 2.000000000000000000000000000000e+01
2.830589790000000000000000000000e+08 2.099520000000000000000000000000e+08 2.099520000000000000000000000000e+08 2.100000000000000000000000000000e+01
1.000000000000000000000000000000e+00 9.990000000000000000000000000000e+02 9.990000000000000000000000000000e+02 2.200000000000000000000000000000e+01
1.000000000000000000000000000000e+03 1.999000000000000000000000000000e+03 1.999000000000000000000000000000e+03 2.300000000000000000000000000000e+01
2.999000000000000000000000000000e+03 3.999000000000000000000000000000e+03 3.999000000000000000000000000000e+03 2.400000000000000000000000000000e+01
6.998000000000000000000000000000e+03 7.999000000000000000000000000000e+03 7.999000000000000000000000000000e+03 2.500000000000000000000000000000e+01
1.499700000000000000000000000000e+04 1.199900000000000000000000000000e+04 1.199900000000000000000000000000e+04 2.600000000000000000000000000000e+01
2.699600000000000000000000000000e+04 2.399900000000000000000000000000e+04 2.399900000000000000000000000000e+04 2.700000000000000000000000000000e+01
5.099500000000000000000000000000e+04 4.799900000000000000000000000000e+04 4.799900000000000000000000000000e+04 2.800000000000000000000000000000e+01
9.899400000000000000000000000000e+04 9.599900000000000000000000000000e+04 9.599900000000000000000000000000e+04 2.900000000000000000000000000000e+01
1.949930000000000000000000000000e+05 1.919990000000000000000000000000e+05 1.919990000000000000000000000000e+05 3.000000000000000000000000000000e+01
3.869920000000000000000000000000e+05 3.839990000000000000000000000000e+05 3.839990000000000000000000000000e+05 3.100000000000000000000000000000e+01
7.709910000000000000000000000000e+05 7.679990000000000000000000000000e+05 7.679990000000000000000000000000e+05 3.200000000000000000000000000000e+01
1.538990000000000000000000000000e+06 1.151999000000000000000000000000e+06 1.151999000000000000000000000000e+06 3.300000000000000000000000000000e+01
2.690989000000000000000000000000e+06 1.727999000000000000000000000000e+06 1.727999000000000000000000000000e+06 3.400000000000000000000000000000e+01
4.418988000000000000000000000000e+06 2.591999000000000000000000000000e+06 2.591999000000000000000000000000e+06 3.500000000000000000000000000000e+01
7.010987000000000000000000000000e+06 5.183999000000000000000000000000e+06 5.183999000000000000000000000000e+06 3.600000000000000000000000000000e+01
1.219498600000000000000000000000e+07 1.036799900000000000000000000000e+07 1.036799900000000000000000000000e+07 3.700000000000000000000000000000e+01
2.256298500000000000000000000000e+07 1.555199900000000000000000000000e+07 1.555199900000000000000000000000e+07 3.800000000000000000000000000000e+01
3.811498400000000000000000000000e+07 2.332799900000000000000000000000e+07 2.332799900000000000000000000000e+07 3.900000000000000000000000000000e+01
6.144298300000000000000000000000e+07 4.665599900000000000000000000000e+07 4.665599900000000000000000000000e+07 4.000000000000000000000000000000e+01
1.080989820000000000000000000000e+08 6.998399900000000000000000000000e+07 6.998399900000000000000000000000e+07 4.100000000000000000000000000000e+01
1.780829810000000000000000000000e+08 1.049759990000000000000000000000e+08 1.049759990000000000000000000000e+08 4.200000000000000000000000000000e+01
2.830589800000000000000000000000e+08 2.099519980000000000000000000000e+08 2.099519980000000000000000000000e+08 4.300000000000000000000000000000e+01
4.930109780000000000000000000000e+08 3.149279990000000000000000000000e+08 3.149279990000000000000000000000e+08 4.400000000000000000000000000000e+01
