0.000000000000000000000000000000e+00 1.000000000000000000000000000000e+03 1.000000000000000000000000000000e+03 0.000000000000000000000000000000e+00
9.990000000000000000000000000000e+02 1.500000000000000000000000000000e+03 1.500000000000000000000000000000e+03 1.000000000000000000000000000000e+00
2.498000000000000000000000000000e+03 3.000000000000000000000000000000e+03 3.000000000000000000000000000000e+03 2.000000000000000000000000000000e+00
5.497000000000000000000000000000e+03 6.000000000000000000000000000000e+03 6.000000000000000000000000000000e+03 3.000000000000000000000000000000e+00
1.149600000000000000000000000000e+04 1.200000000000000000000000000000e+04 1.200000000000000000000000000000e+04 4.000000000000000000000000000000e+00
2.349500000000000000000000000000e+04 2.400000000000000000000000000000e+04 2.400000000000000000000000000000e+04 5.000000000000000000000000000000e+00
4.749400000000000000000000000000e+04 4.800000000000000000000000000000e+04 4.800000000000000000000000000000e+04 6.000000000000000000000000000000e+00
9.549300000000000000000000000000e+04 7.200000000000000000000000000000e+04 7.200000000000000000000000000000e+04 7.000000000000000000000000000000e+00
1.674920000000000000000000000000e+05 1.440000000000000000000000000000e+05 1.440000000000000000000000000000e+05 8.000000000000000000000000000000e+00
3.114910000000000000000000000000e+05 2.880000000000000000000000000000e+05 2.880000000000000000000000000000e+05 9.000000000000000000000000000000e+00
5.994900000000000000000000000000e+05 5.760000000000000000000000000000e+05 5.760000000000000000000000000000e+05 1.000000000000000000000000000000e+01
1.175489000000000000000000000000e+06 8.640000000000000000000000000000e+05 8.640000000000000000000000000000e+05 1.100000000000000000000000000000e+01
2.039488000000000000000000000000e+06 1.728000000000000000000000000000e+06 1.728000000000000000000000000000e+06 1.200000000000000000000000000000e+01
3.767487000000000000000000000000e+06 3.456000000000000000000000000000e+06 3.456000000000000000000000000000e+06 1.300000000000000000000000000000e+01
7.223486000000000000000000000000e+06 6.912000000000000000000000000000e+06 6.912000000000000000000000000000e+06 1.400000000000000000000000000000e+01
1.413548500000000000000000000000e+07 1.382400000000000000000000000000e+07 1.382400000000000000000000000000e+07 1.500000000000000000000000000000e+01
2.795948400000000000000000000000e+07 2.073600000000000000000000000000e+07 2.073600000000000000000000000000e+07 1.600000000000000000000000000000e+01
4.869548300000000000000000000000e+07 3.110400000000000000000000000000e+07 3.110400000000000000000000000000e+07 1.700000000000000000000000000000e+01
7.979948200000000000000000000000e+07 6.220800000000000000000000000000e+07 6.220800000000000000000000000000e+07 1.800000000000000000000000000000e+01
1.420074810000000000000000000000e+08 1.244160000000000000000000000000e+08 1.244160000000000000000000000000e+08 1.900000000000000000000000000000e+01
2.664234800000000000000000000000e+08 1.866240000000000000000000000000e+08 1.866240000000000000000000000000e+08 2.000000000000000000000000000000e+01
4.530474790000000000000000000000e+08 2.799360000000000000000000000000e+08 2.799360000000000000000000000000e+08 2.100000000000000000000000000000e+01
1.000000000000000000000000000000e+00 9.990000000000000000000000000000e+02 9.990000000000000000000000000000e+02 2.200000000000000000000000000000e+01
1.000000000000000000000000000000e+03 1.499000000000000000000000000000e+03 1.499000000000000000000000000000e+03 2.300000000000000000000000000000e+01
2.499000000000000000000000000000e+03 2.999000000000000000000000000000e+03 2.999000000000000000000000000000e+03 2.400000000000000000000000000000e+01
5.498000000000000000000000000000e+03 5.999000000000000000000000000000e+03 5.999000000000000000000000000000e+03 2.500000000000000000000000000000e+01
1.149700000000000000000000000000e+04 1.199900000000000000000000000000e+04 1.199900000000000000000000000000e+04 2.600000000000000000000000000000e+01
2.349600000000000000000000000000e+04 2.399900000000000000000000000000e+04 2.399900000000000000000000000000e+04 2.700000000000000000000000000000e+01
4.749500000000000000000000000000e+04 4.799900000000000000000000000000e+04 4.799900000000000000000000000000e+04 2.800000000000000000000000000000e+01
9.549400000000000000000000000000e+04 7.199900000000000000000000000000e+04 7.199900000000000000000000000000e+04 2.900000000000000000000000000000e+01
1.674930000000000000000000000000e+05 1.439990000000000000000000000000e+05 1.439990000000000000000000000000e+05 3.000000000000000000000000000000e+01
3.114920000000000000000000000000e+05 2.879990000000000000000000000000e+05 2.879990000000000000000000000000e+05 3.100000000000000000000000000000e+01
5.994910000000000000000000000000e+05 5.759990000000000000000000000000e+05 5.759990000000000000000000000000e+05 3.200000000000000000000000000000e+01
1.175490000000000000000000000000e+06 8.639990000000000000000000000000e+05 8.639990000000000000000000000000e+05 3.300000000000000000000000000000e+01
2.039489000000000000000000000000e+06 1.727999000000000000000000000000e+06 1.727999000000000000000000000000e+06 3.400000000000000000000000000000e+01
3.767488000000000000000000000000e+06 3.455999000000000000000000000000e+06 3.455999000000000000000000000000e+06 3.500000000000000000000000000000e+01
7.223487000000000000000000000000e+06 6.911999000000000000000000000000e+06 6.911999000000000000000000000000e+06 3.600000000000000000000000000000e+01
1.413548600000000000000000000000e+07 1.382399900000000000000000000000e+07 1.382399900000000000000000000000e+07 3.700000000000000000000000000000e+01
2.795948500000000000000000000000e+07 2.073599900000000000000000000000e+07 2.073599900000000000000000000000e+07 3.800000000000000000000000000000e+01
4.869548400000000000000000000000e+07 3.110399900000000000000000000000e+07 3.110399900000000000000000000000e+07 3.900000000000000000000000000000e+01
7.979948300000000000000000000000e+07 6.220799900000000000000000000000e+07 6.220799900000000000000000000000e+07 4.000000000000000000000000000000e+01
1.420074820000000000000000000000e+08 1.244159990000000000000000000000e+08 1.244159990000000000000000000000e+08 4.100000000000000000000000000000e+01
2.664234810000000000000000000000e+08 1.866239990000000000000000000000e+08 1.866239990000000000000000000000e+08 4.200000000000000000000000000000e+01
4.530474800000000000000000000000e+08 2.799359980000000000000000000000e+08 2.799359980000000000000000000000e+08 4.300000000000000000000000000000e+01
7.329834780000000000000000000000e+08 4.199039990000000000000000000000e+08 4.199039990000000000000000000000e+08 4.400000000000000000000000000000e+01
