0.000000000000000000000000000000e+00 1.000000000000000000000000000000e+03 1.000000000000000000000000000000e+03 0.000000000000000000000000000000e+00
9.990000000000000000000000000000e+02 2.000000000000000000000000000000e+03 2.000000000000000000000000000000e+03 1.000000000000000000000000000000e+00
2.998000000000000000000000000000e+03 4.000000000000000000000000000000e+03 4.000000000000000000000000000000e+03 2.000000000000000000000000000000e+00
6.997000000000000000000000000000e+03 6.000000000000000000000000000000e+03 6.000000000000000000000000000000e+03 3.000000000000000000000000000000e+00
1.299600000000000000000000000000e+04 1.200000000000000000000000000000e+04 1.200000000000000000000000000000e+04 4.000000000000000000000000000000e+00
2.499500000000000000000000000000e+04 2.400000000000000000000000000000e+04 2.400000000000000000000000000000e+04 5.000000000000000000000000000000e+00
4.899400000000000000000000000000e+04 4.800000000000000000000000000000e+04 4.800000000000000000000000000000e+04 6.000000000000000000000000000000e+00
9.699300000000000000000000000000e+04 9.600000000000000000000000000000e+04 9.600000000000000000000000000000e+04 7.000000000000000000000000000000e+00
1.929920000000000000000000000000e+05 1.920000000000000000000000000000e+05 1.920000000000000000000000000000e+05 8.000000000000000000000000000000e+00
3.849910000000000000000000000000e+05 3.840000000000000000000000000000e+05 3.840000000000000000000000000000e+05 9.000000000000000000000000000000e+00
7.689900000000000000000000000000e+05 7.680000000000000000000000000000e+05 7.680000000000000000000000000000e+05 1.000000000000000000000000000000e+01
1.536989000000000000000000000000e+06 1.152000000000000000000000000000e+06 1.152000000000000000000000000000e+06 1.100000000000000000000000000000e+01
2.688988000000000000000000000000e+06 2.304000000000000000000000000000e+06 2.304000000000000000000000000000e+06 1.200000000000000000000000000000e+01
4.992987000000000000000000000000e+06 4.608000000000000000000000000000e+06 4.608000000000000000000000000000e+06 1.300000000000000000000000000000e+01
9.600986000000000000000000000000e+06 9.216000000000000000000000000000e+06 9.216000000000000000000000000000e+06 1.400000000000000000000000000000e+01
1.881698500000000000000000000000e+07 1.382400000000000000000000000000e+07 1.382400000000000000000000000000e+07 1.500000000000000000000000000000e+01
3.264098400000000000000000000000e+07 2.073600000000000000000000000000e+07 2.073600000000000000000000000000e+07 1.600000000000000000000000000000e+01
5.337698300000000000000000000000e+07 4.147200000000000000000000000000e+07 4.147200000000000000000000000000e+07 1.700000000000000000000000000000e+01
9.484898200000000000000000000000e+07 6.220800000000000000000000000000e+07 6.220800000000000000000000000000e+07 1.800000000000000000000000000000e+01
1.570569810000000000000000000000e+08 1.244160000000000000000000000000e+08 1.244160000000000000000000000000e+08 1.900000000000000000000000000000e+01
2.814729800000000000000000000000e+08 2.488320000000000000000000000000e+08 2.488320000000000000000000000000e+08 2.000000000000000000000000000000e+01
5.303049790000000000000000000000e+08 3.732480000000000000000000000000e+08 3.732480000000000000000000000000e+08 2.100000000000000000000000000000e+01
1.000000000000000000000000000000e+00 9.990000000000000000000000000000e+02 9.990000000000000000000000000000e+02 2.200000000000000000000000000000e+01
1.000000000000000000000000000000e+03 1.999000000000000000000000000000e+03 1.999000000000000000000000000000e+03 2.300000000000000000000000000000e+01
2.999000000000000000000000000000e+03 3.999000000000000000000000000000e+03 3.999000000000000000000000000000e+03 2.400000000000000000000000000000e+01
6.998000000000000000000000000000e+03 5.999000000000000000000000000000e+03 5.999000000000000000000000000000e+03 2.500000000000000000000000000000e+01
1.299700000000000000000000000000e+04 1.199900000000000000000000000000e+04 1.199900000000000000000000000000e+04 2.600000000000000000000000000000e+01
2.499600000000000000000000000000e+04 2.399900000000000000000000000000e+04 2.399900000000000000000000000000e+04 2.700000000000000000000000000000e+01
4.899500000000000000000000000000e+04 4.799900000000000000000000000000e+04 4.799900000000000000000000000000e+04 2.800000000000000000000000000000e+01
9.699400000000000000000000000000e+04 9.599900000000000000000000000000e+04 9.599900000000000000000000000000e+04 2.900000000000000000000000000000e+01
1.929930000000000000000000000000e+05 1.919990000000000000000000000000e+05 1.919990000000000000000000000000e+05 3.000000000000000000000000000000e+01
3.849920000000000000000000000000e+05 3.839990000000000000000000000000e+05 3.839990000000000000000000000000e+05 3.100000000000000000000000000000e+01
7.689910000000000000000000000000e+05 7.679990000000000000000000000000e+05 7.679990000000000000000000000000e+05 3.200000000000000000000000000000e+01
1.536990000000000000000000000000e+06 1.151999000000000000000000000000e+06 1.151999000000000000000000000000e+06 3.300000000000000000000000000000e+01
2.688989000000000000000000000000e+06 2.303999000000000000000000000000e+06 2.303999000000000000000000000000e+06 3.400000000000000000000000000000e+01
4.992988000000000000000000000000e+06 4.607999000000000000000000000000e+06 4.607999000000000000000000000000e+06 3.500000000000000000000000000000e+01
9.600987000000000000000000000000e+06 9.215999000000000000000000000000e+06 9.215999000000000000000000000000e+06 3.600000000000000000000000000000e+01
1.881698600000000000000000000000e+07 1.382399900000000000000000000000e+07 1.382399900000000000000000000000e+07 3.700000000000000000000000000000e+01
3.264098500000000000000000000000e+07 2.073599900000000000000000000000e+07 2.073599900000000000000000000000e+07 3.800000000000000000000000000000e+01
5.337698400000000000000000000000e+07 4.147199900000000000000000000000e+07 4.147199900000000000000000000000e+07 3.900000000000000000000000000000e+01
9.484898300000000000000000000000e+07 6.220799900000000000000000000000e+07 6.220799900000000000000000000000e+07 4.000000000000000000000000000000e+01
1.570569820000000000000000000000e+08 1.244159990000000000000000000000e+08 1.244159990000000000000000000000e+08 4.100000000000000000000000000000e+01
2.814729810000000000000000000000e+08 2.488319990000000000000000000000e+08 2.488319990000000000000000000000e+08 4.200000000000000000000000000000e+01
5.303049800000000000000000000000e+08 3.732479980000000000000000000000e+08 3.732479980000000000000000000000e+08 4.300000000000000000000000000000e+01
9.035529780000000000000000000000e+08 5.598719990000000000000000000000e+08 5.598719990000000000000000000000e+08 4.400000000000000000000000000000e+01
