0.000000000000000000000000000000e+00 1.000000000000000000000000000000e+03 1.000000000000000000000000000000e+03 0.000000000000000000000000000000e+00
9.990000000000000000000000000000e+02 2.000000000000000000000000000000e+03 2.000000000000000000000000000000e+03 1.000000000000000000000000000000e+00
2.998000000000000000000000000000e+03 4.000000000000000000000000000000e+03 4.000000000000000000000000000000e+03 2.000000000000000000000000000000e+00
6.997000000000000000000000000000e+03 8.000000000000000000000000000000e+03 8.000000000000000000000000000000e+03 3.000000000000000000000000000000e+00
1.499600000000000000000000000000e+04 1.200000000000000000000000000000e+04 1.200000000000000000000000000000e+04 4.000000000000000000000000000000e+00
2.699500000000000000000000000000e+04 2.400000000000000000000000000000e+04 2.400000000000000000000000000000e+04 5.000000000000000000000000000000e+00
5.099400000000000000000000000000e+04 4.800000000000000000000000000000e+04 4.800000000000000000000000000000e+04 6.000000000000000000000000000000e+00
9.899300000000000000000000000000e+04 9.600000000000000000000000000000e+04 9.600000000000000000000000000000e+04 7.000000000000000000000000000000e+00
1.949920000000000000000000000000e+05 1.440000000000000000000000000000e+05 1.440000000000000000000000000000e+05 8.000000000000000000000000000000e+00
3.389910000000000000000000000000e+05 2.880000000000000000000000000000e+05 2.880000000000000000000000000000e+05 9.000000000000000000000000000000e+00
6.269900000000000000000000000000e+05 5.760000000000000000000000000000e+05 5.760000000000000000000000000000e+05 1.000000000000000000000000000000e+01
1.202989000000000000000000000000e+06 1.152000000000000000000000000000e+06 1.152000000000000000000000000000e+06 1.100000000000000000000000000000e+01
2.354988000000000000000000000000e+06 2.304000000000000000000000000000e+06 2.304000000000000000000000000000e+06 1.200000000000000000000000000000e+01
4.658987000000000000000000000000e+06 4.608000000000000000000000000000e+06 4.608000000000000000000000000000e+06 1.300000000000000000000000000000e+01
9.266986000000000000000000000000e+06 9.216000000000000000000000000000e+06 9.216000000000000000000000000000e+06 1.400000000000000000000000000000e+01
1.848298500000000000000000000000e+07 1.382400000000000000000000000000e+07 1.382400000000000000000000000000e+07 1.500000000000000000000000000000e+01
3.230698400000000000000000000000e+07 2.764800000000000000000000000000e+07 2.764800000000000000000000000000e+07 1.600000000000000000000000000000e+01
5.995498300000000000000000000000e+07 4.147200000000000000000000000000e+07 4.147200000000000000000000000000e+07 1.700000000000000000000000000000e+01
1.014269820000000000000000000000e+08 8.294400000000000000000000000000e+07 8.294400000000000000000000000000e+07 1.800000000000000000000000000000e+01
1.843709810000000000000000000000e+08 1.658880000000000000000000000000e+08 1.658880000000000000000000000000e+08 1.900000000000000000000000000000e+01
3.502589800000000000000000000000e+08 3.317760000000000000000000000000e+08 3.317760000000000000000000000000e+08 2.000000000000000000000000000000e+01
6.820349790000000000000000000000e+08 4.976640000000000000000000000000e+08 4.976640000000000000000000000000e+08 2.100000000000000000000000000000e+01
1.000000000000000000000000000000e+00 9.990000000000000000000000000000e+02 9.990000000000000000000000000000e+02 2.200000000000000000000000000000e+01
1.000000000000000000000000000000e+03 1.999000000000000000000000000000e+03 1.999000000000000000000000000000e+03 2.300000000000000000000000000000e+01
2.999000000000000000000000000000e+03 3.999000000000000000000000000000e+03 3.999000000000000000000000000000e+03 2.400000000000000000000000000000e+01
6.998000000000000000000000000000e+03 7.999000000000000000000000000000e+03 7.999000000000000000000000000000e+03 2.500000000000000000000000000000e+01
1.499700000000000000000000000000e+04 1.199900000000000000000000000000e+04 1.199900000000000000000000000000e+04 2.600000000000000000000000000000e+01
2.699600000000000000000000000000e+04 2.399900000000000000000000000000e+04 2.399900000000000000000000000000e+04 2.700000000000000000000000000000e+01
5.099500000000000000000000000000e+04 4.799900000000000000000000000000e+04 4.799900000000000000000000000000e+04 2.800000000000000000000000000000e+01
9.899400000000000000000000000000e+04 9.599900000000000000000000000000e+04 9.599900000000000000000000000000e+04 2.900000000000000000000000000000e+01
1.949930000000000000000000000000e+05 1.439990000000000000000000000000e+05 1.439990000000000000000000000000e+05 3.000000000000000000000000000000e+01
3.389920000000000000000000000000e+05 2.879990000000000000000000000000e+05 2.879990000000000000000000000000e+05 3.100000000000000000000000000000e+01
6.269910000000000000000000000000e+05 5.759990000000000000000000000000e+05 5.759990000000000000000000000000e+05 3.200000000000000000000000000000e+01
1.202990000000000000000000000000e+06 1.151999000000000000000000000000e+06 1.151999000000000000000000000000e+06 3.300000000000000000000000000000e+01
2.354989000000000000000000000000e+06 2.303999000000000000000000000000e+06 2.303999000000000000000000000000e+06 3.400000000000000000000000000000e+01
4.658988000000000000000000000000e+06 4.607999000000000000000000000000e+06 4.607999000000000000000000000000e+06 3.500000000000000000000000000000e+01
9.266987000000000000000000000000e+06 9.215999000000000000000000000000e+06 9.215999000000000000000000000000e+06 3.600000000000000000000000000000e+01
1.848298600000000000000000000000e+07 1.382399900000000000000000000000e+07 1.382399900000000000000000000000e+07 3.700000000000000000000000000000e+01
3.230698500000000000000000000000e+07 2.764799900000000000000000000000e+07 2.764799900000000000000000000000e+07 3.800000000000000000000000000000e+01
5.995498400000000000000000000000e+07 4.147199900000000000000000000000e+07 4.147199900000000000000000000000e+07 3.900000000000000000000000000000e+01
1.014269830000000000000000000000e+08 8.294399900000000000000000000000e+07 8.294399900000000000000000000000e+07 4.000000000000000000000000000000e+01
1.843709820000000000000000000000e+08 1.658879990000000000000000000000e+08 1.658879990000000000000000000000e+08 4.100000000000000000000000000000e+01
3.502589810000000000000000000000e+08 3.317759990000000000000000000000e+08 3.317759990000000000000000000000e+08 4.200000000000000000000000000000e+01
6.820349800000000000000000000000e+08 4.976639980000000000000000000000e+08 4.976639980000000000000000000000e+08 4.300000000000000000000000000000e+01
1.179698978000000000000000000000e+09 9.953279990000000000000000000000e+08 9.953279990000000000000000000000e+08 4.400000000000000000000000000000e+01
