0.000000000000000000000000000000e+00 1.000000000000000000000000000000e+03 1.000000000000000000000000000000e+03 0.000000000000000000000000000000e+00
9.990000000000000000000000000000e+02 2.000000000000000000000000000000e+03 2.000000000000000000000000000000e+03 1.000000000000000000000000000000e+00
2.998000000000000000000000000000e+03 3.000000000000000000000000000000e+03 3.000000000000000000000000000000e+03 2.000000000000000000000000000000e+00
5.997000000000000000000000000000e+03 6.000000000000000000000000000000e+03 6.000000000000000000000000000000e+03 3.000000000000000000000000000000e+00
1.199600000000000000000000000000e+04 9.000000000000000000000000000000e+03 9.000000000000000000000000000000e+03 4.000000000000000000000000000000e+00
2.099500000000000000000000000000e+04 1.800000000000000000000000000000e+04 1.800000000000000000000000000000e+04 5.000000000000000000000000000000e+00
3.899400000000000000000000000000e+04 2.700000000000000000000000000000e+04 2.700000000000000000000000000000e+04 6.000000000000000000000000000000e+00
6.599300000000000000000000000000e+04 4.050000000000000000000000000000e+04 4.050000000000000000000000000000e+04 7.000000000000000000000000000000e+00
1.064920000000000000000000000000e+05 6.075000000000000000000000000000e+04 6.075000000000000000000000000000e+04 8.000000000000000000000000000000e+00
1.672410000000000000000000000000e+05 9.112500000000000000000000000000e+04 9.112500000000000000000000000000e+04 9.000000000000000000000000000000e+00
2.583650000000000000000000000000e+05 1.366875000000000000000000000000e+05 1.366875000000000000000000000000e+05 1.000000000000000000000000000000e+01
3.950515000000000000000000000000e+05 2.733750000000000000000000000000e+05 2.733750000000000000000000000000e+05 1.100000000000000000000000000000e+01
6.684255000000000000000000000000e+05 5.467500000000000000000000000000e+05 5.467500000000000000000000000000e+05 1.200000000000000000000000000000e+01
1.215174500000000000000000000000e+06 8.201250000000000000000000000000e+05 8.201250000000000000000000000000e+05 1.300000000000000000000000000000e+01
2.035298500000000000000000000000e+06 1.640250000000000000000000000000e+06 1.640250000000000000000000000000e+06 1.400000000000000000000000000000e+01
3.675547500000000000000000000000e+06 3.280500000000000000000000000000e+06 3.280500000000000000000000000000e+06 1.500000000000000000000000000000e+01
6.956046500000000000000000000000e+06 4.920750000000000000000000000000e+06 4.920750000000000000000000000000e+06 1.600000000000000000000000000000e+01
1.187679550000000000000000000000e+07 7.381125000000000000000000000000e+06 7.381125000000000000000000000000e+06 1.700000000000000000000000000000e+01
1.925791950000000000000000000000e+07 1.107168750000000000000000000000e+07 1.107168750000000000000000000000e+07 1.800000000000000000000000000000e+01
3.032960600000000000000000000000e+07 2.214337500000000000000000000000e+07 2.214337500000000000000000000000e+07 1.900000000000000000000000000000e+01
5.247298000000000000000000000000e+07 4.428675000000000000000000000000e+07 4.428675000000000000000000000000e+07 2.000000000000000000000000000000e+01
9.675972900000000000000000000000e+07 6.643012500000000000000000000000e+07 6.643012500000000000000000000000e+07 2.100000000000000000000000000000e+01
1.000000000000000000000000000000e+00 9.990000000000000000000000000000e+02 9.990000000000000000000000000000e+02 2.200000000000000000000000000000e+01
1.000000000000000000000000000000e+03 1.999000000000000000000000000000e+03 1.999000000000000000000000000000e+03 2.300000000000000000000000000000e+01
2.999000000000000000000000000000e+03 2.999000000000000000000000000000e+03 2.999000000000000000000000000000e+03 2.400000000000000000000000000000e+01
5.998000000000000000000000000000e+03 5.999000000000000000000000000000e+03 5.999000000000000000000000000000e+03 2.500000000000000000000000000000e+01
1.199700000000000000000000000000e+04 8.999000000000000000000000000000e+03 8.999000000000000000000000000000e+03 2.600000000000000000000000000000e+01
2.099600000000000000000000000000e+04 1.799900000000000000000000000000e+04 1.799900000000000000000000000000e+04 2.700000000000000000000000000000e+01
3.899500000000000000000000000000e+04 2.699900000000000000000000000000e+04 2.699900000000000000000000000000e+04 2.800000000000000000000000000000e+01
6.599400000000000000000000000000e+04 4.049900000000000000000000000000e+04 4.049900000000000000000000000000e+04 2.900000000000000000000000000000e+01
1.064930000000000000000000000000e+05 6.074900000000000000000000000000e+04 6.074900000000000000000000000000e+04 3.000000000000000000000000000000e+01
1.672420000000000000000000000000e+05 9.112400000000000000000000000000e+04 9.112400000000000000000000000000e+04 3.100000000000000000000000000000e+01
2.583660000000000000000000000000e+05 1.366865000000000000000000000000e+05 1.366865000000000000000000000000e+05 3.200000000000000000000000000000e+01
3.950525000000000000000000000000e+05 2.733740000000000000000000000000e+05 2.733740000000000000000000000000e+05 3.300000000000000000000000000000e+01
6.684265000000000000000000000000e+05 5.467490000000000000000000000000e+05 5.467490000000000000000000000000e+05 3.400000000000000000000000000000e+01
1.215175500000000000000000000000e+06 8.201240000000000000000000000000e+05 8.201240000000000000000000000000e+05 3.500000000000000000000000000000e+01
2.035299500000000000000000000000e+06 1.640249000000000000000000000000e+06 1.640249000000000000000000000000e+06 3.600000000000000000000000000000e+01
3.675548500000000000000000000000e+06 3.280499000000000000000000000000e+06 3.280499000000000000000000000000e+06 3.700000000000000000000000000000e+01
6.956047500000000000000000000000e+06 4.920749000000000000000000000000e+06 4.920749000000000000000000000000e+06 3.800000000000000000000000000000e+01
1.187679650000000000000000000000e+07 7.381124000000000000000000000000e+06 7.381124000000000000000000000000e+06 3.900000000000000000000000000000e+01
1.925792050000000000000000000000e+07 1.107168650000000000000000000000e+07 1.107168650000000000000000000000e+07 4.000000000000000000000000000000e+01
3.032960700000000000000000000000e+07 2.214337400000000000000000000000e+07 2.214337400000000000000000000000e+07 4.100000000000000000000000000000e+01
5.247298100000000000000000000000e+07 4.428674900000000000000000000000e+07 4.428674900000000000000000000000e+07 4.200000000000000000000000000000e+01
9.675973000000000000000000000000e+07 6.643012300000000000000000000000e+07 6.643012300000000000000000000000e+07 4.300000000000000000000000000000e+01
1.631898530000000000000000000000e+08 9.964518650000000000000000000000e+07 9.964518650000000000000000000000e+07 4.400000000000000000000000000000e+01
