0.000000000000000000000000000000e+00 1.000000000000000000000000000000e+03 1.000000000000000000000000000000e+03 0.000000000000000000000000000000e+00
9.990000000000000000000000000000e+02 2.000000000000000000000000000000e+03 2.000000000000000000000000000000e+03 1.000000000000000000000000000000e+00
2.998000000000000000000000000000e+03 3.000000000000000000000000000000e+03 3.000000000000000000000000000000e+03 2.000000000000000000000000000000e+00
5.997000000000000000000000000000e+03 6.000000000000000000000000000000e+03 6.000000000000000000000000000000e+03 3.000000000000000000000000000000e+00
1.199600000000000000000000000000e+04 1.200000000000000000000000000000e+04 1.200000000000000000000000000000e+04 4.000000000000000000000000000000e+00
2.399500000000000000000000000000e+04 2.400000000000000000000000000000e+04 2.400000000000000000000000000000e+04 5.000000000000000000000000000000e+00
4.799400000000000000000000000000e+04 4.800000000000000000000000000000e+04 4.800000000000000000000000000000e+04 6.000000000000000000000000000000e+00
9.599300000000000000000000000000e+04 9.600000000000000000000000000000e+04 9.600000000000000000000000000000e+04 7.000000000000000000000000000000e+00
1.919920000000000000000000000000e+05 1.440000000000000000000000000000e+05 1.440000000000000000000000000000e+05 8.000000000000000000000000000000e+00
3.359910000000000000000000000000e+05 2.160000000000000000000000000000e+05 2.160000000000000000000000000000e+05 9.000000000000000000000000000000e+00
5.519900000000000000000000000000e+05 4.320000000000000000000000000000e+05 4.320000000000000000000000000000e+05 1.000000000000000000000000000000e+01
9.839890000000000000000000000000e+05 8.640000000000000000000000000000e+05 8.640000000000000000000000000000e+05 1.100000000000000000000000000000e+01
1.847988000000000000000000000000e+06 1.296000000000000000000000000000e+06 1.296000000000000000000000000000e+06 1.200000000000000000000000000000e+01
3.143987000000000000000000000000e+06 2.592000000000000000000000000000e+06 2.592000000000000000000000000000e+06 1.300000000000000000000000000000e+01
5.735986000000000000000000000000e+06 3.888000000000000000000000000000e+06 3.888000000000000000000000000000e+06 1.400000000000000000000000000000e+01
9.623985000000000000000000000000e+06 5.832000000000000000000000000000e+06 5.832000000000000000000000000000e+06 1.500000000000000000000000000000e+01
1.545598400000000000000000000000e+07 1.166400000000000000000000000000e+07 1.166400000000000000000000000000e+07 1.600000000000000000000000000000e+01
2.711998300000000000000000000000e+07 1.749600000000000000000000000000e+07 1.749600000000000000000000000000e+07 1.700000000000000000000000000000e+01
4.461598200000000000000000000000e+07 2.624400000000000000000000000000e+07 2.624400000000000000000000000000e+07 1.800000000000000000000000000000e+01
7.085998100000000000000000000000e+07 3.936600000000000000000000000000e+07 3.936600000000000000000000000000e+07 1.900000000000000000000000000000e+01
1.102259800000000000000000000000e+08 5.904900000000000000000000000000e+07 5.904900000000000000000000000000e+07 2.000000000000000000000000000000e+01
1.692749790000000000000000000000e+08 8.857350000000000000000000000000e+07 8.857350000000000000000000000000e+07 2.100000000000000000000000000000e+01
1.000000000000000000000000000000e+00 9.990000000000000000000000000000e+02 9.990000000000000000000000000000e+02 2.200000000000000000000000000000e+01
1.000000000000000000000000000000e+03 1.999000000000000000000000000000e+03 1.999000000000000000000000000000e+03 2.300000000000000000000000000000e+01
2.999000000000000000000000000000e+03 2.999000000000000000000000000000e+03 2.999000000000000000000000000000e+03 2.400000000000000000000000000000e+01
5.998000000000000000000000000000e+03 5.999000000000000000000000000000e+03 5.999000000000000000000000000000e+03 2.500000000000000000000000000000e+01
1.199700000000000000000000000000e+04 1.199900000000000000000000000000e+04 1.199900000000000000000000000000e+04 2.600000000000000000000000000000e+01
2.399600000000000000000000000000e+04 2.399900000000000000000000000000e+04 2.399900000000000000000000000000e+04 2.700000000000000000000000000000e+01
4.799500000000000000000000000000e+04 4.799900000000000000000000000000e+04 4.799900000000000000000000000000e+04 2.800000000000000000000000000000e+01
9.599400000000000000000000000000e+04 9.599900000000000000000000000000e+04 9.599900000000000000000000000000e+04 2.900000000000000000000000000000e+01
1.919930000000000000000000000000e+05 1.439990000000000000000000000000e+05 1.439990000000000000000000000000e+05 3.000000000000000000000000000000e+01
3.359920000000000000000000000000e+05 2.159990000000000000000000000000e+05 2.159990000000000000000000000000e+05 3.100000000000000000000000000000e+01
5.519910000000000000000000000000e+05 4.319990000000000000000000000000e+05 4.319990000000000000000000000000e+05 3.200000000000000000000000000000e+01
9.839900000000000000000000000000e+05 8.639990000000000000000000000000e+05 8.639990000000000000000000000000e+05 3.300000000000000000000000000000e+01
1.847989000000000000000000000000e+06 1.295999000000000000000000000000e+06 1.295999000000000000000000000000e+06 3.400000000000000000000000000000e+01
3.143988000000000000000000000000e+06 2.591999000000000000000000000000e+06 2.591999000000000000000000000000e+06 3.500000000000000000000000000000e+01
5.735987000000000000000000000000e+06 3.887999000000000000000000000000e+06 3.887999000000000000000000000000e+06 3.600000000000000000000000000000e+01
9.623986000000000000000000000000e+06 5.831999000000000000000000000000e+06 5.831999000000000000000000000000e+06 3.700000000000000000000000000000e+01
1.545598500000000000000000000000e+07 1.166399900000000000000000000000e+07 1.166399900000000000000000000000e+07 3.800000000000000000000000000000e+01
2.711998400000000000000000000000e+07 1.749599900000000000000000000000e+07 1.749599900000000000000000000000e+07 3.900000000000000000000000000000e+01
4.461598300000000000000000000000e+07 2.624399900000000000000000000000e+07 2.624399900000000000000000000000e+07 4.000000000000000000000000000000e+01
7.085998200000000000000000000000e+07 3.936599900000000000000000000000e+07 3.936599900000000000000000000000e+07 4.100000000000000000000000000000e+01
1.102259810000000000000000000000e+08 5.904899900000000000000000000000e+07 5.904899900000000000000000000000e+07 4.200000000000000000000000000000e+01
1.692749800000000000000000000000e+08 8.857349800000000000000000000000e+07 8.857349800000000000000000000000e+07 4.300000000000000000000000000000e+01
2.578484780000000000000000000000e+08 1.328602490000000000000000000000e+08 1.328602490000000000000000000000e+08 4.400000000000000000000000000000e+01
