0.000000000000000000000000000000e+00 1.000000000000000000000000000000e+03 1.000000000000000000000000000000e+03 0.000000000000000000000000000000e+00
9.990000000000000000000000000000e+02 1.500000000000000000000000000000e+03 1.500000000000000000000000000000e+03 1.000000000000000000000000000000e+00
2.498000000000000000000000000000e+03 2.250000000000000000000000000000e+03 2.250000000000000000000000000000e+03 2.000000000000000000000000000000e+00
4.747000000000000000000000000000e+03 3.375000000000000000000000000000e+03 3.375000000000000000000000000000e+03 3.000000000000000000000000000000e+00
8.121000000000000000000000000000e+03 5.062500000000000000000000000000e+03 5.062500000000000000000000000000e+03 4.000000000000000000000000000000e+00
1.318250000000000000000000000000e+04 1.012500000000000000000000000000e+04 1.012500000000000000000000000000e+04 5.000000000000000000000000000000e+00
2.330650000000000000000000000000e+04 2.025000000000000000000000000000e+04 2.025000000000000000000000000000e+04 6.000000000000000000000000000000e+00
4.355550000000000000000000000000e+04 3.037500000000000000000000000000e+04 3.037500000000000000000000000000e+04 7.000000000000000000000000000000e+00
7.392950000000000000000000000000e+04 4.556250000000000000000000000000e+04 4.556250000000000000000000000000e+04 8.000000000000000000000000000000e+00
1.194910000000000000000000000000e+05 6.834375000000000000000000000000e+04 6.834375000000000000000000000000e+04 9.000000000000000000000000000000e+00
1.878337500000000000000000000000e+05 1.366875000000000000000000000000e+05 1.366875000000000000000000000000e+05 1.000000000000000000000000000000e+01
3.245202500000000000000000000000e+05 2.050312500000000000000000000000e+05 2.050312500000000000000000000000e+05 1.100000000000000000000000000000e+01
5.295505000000000000000000000000e+05 4.100625000000000000000000000000e+05 4.100625000000000000000000000000e+05 1.200000000000000000000000000000e+01
9.396120000000000000000000000000e+05 8.201250000000000000000000000000e+05 8.201250000000000000000000000000e+05 1.300000000000000000000000000000e+01
1.759736000000000000000000000000e+06 1.640250000000000000000000000000e+06 1.640250000000000000000000000000e+06 1.400000000000000000000000000000e+01
3.399985000000000000000000000000e+06 2.460375000000000000000000000000e+06 2.460375000000000000000000000000e+06 1.500000000000000000000000000000e+01
5.860359000000000000000000000000e+06 4.920750000000000000000000000000e+06 4.920750000000000000000000000000e+06 1.600000000000000000000000000000e+01
1.078110800000000000000000000000e+07 7.381125000000000000000000000000e+06 7.381125000000000000000000000000e+06 1.700000000000000000000000000000e+01
1.816223200000000000000000000000e+07 1.476225000000000000000000000000e+07 1.476225000000000000000000000000e+07 1.800000000000000000000000000000e+01
3.292448100000000000000000000000e+07 2.952450000000000000000000000000e+07 2.952450000000000000000000000000e+07 1.900000000000000000000000000000e+01
6.244898000000000000000000000000e+07 5.904900000000000000000000000000e+07 5.904900000000000000000000000000e+07 2.000000000000000000000000000000e+01
1.214979790000000000000000000000e+08 1.180980000000000000000000000000e+08 1.180980000000000000000000000000e+08 2.100000000000000000000000000000e+01
1.000000000000000000000000000000e+00 9.990000000000000000000000000000e+02 9.990000000000000000000000000000e+02 2.200000000000000000000000000000e+01
1.000000000000000000000000000000e+03 1.499000000000000000000000000000e+03 1.499000000000000000000000000000e+03 2.300000000000000000000000000000e+01
2.499000000000000000000000000000e+03 2.249000000000000000000000000000e+03 2.249000000000000000000000000000e+03 2.400000000000000000000000000000e+01
4.748000000000000000000000000000e+03 3.374000000000000000000000000000e+03 3.374000000000000000000000000000e+03 2.500000000000000000000000000000e+01
8.122000000000000000000000000000e+03 5.061500000000000000000000000000e+03 5.061500000000000000000000000000e+03 2.600000000000000000000000000000e+01
1.318350000000000000000000000000e+04 1.012400000000000000000000000000e+04 1.012400000000000000000000000000e+04 2.700000000000000000000000000000e+01
2.330750000000000000000000000000e+04 2.024900000000000000000000000000e+04 2.024900000000000000000000000000e+04 2.800000000000000000000000000000e+01
4.355650000000000000000000000000e+04 3.037400000000000000000000000000e+04 3.037400000000000000000000000000e+04 2.900000000000000000000000000000e+01
7.393050000000000000000000000000e+04 4.556150000000000000000000000000e+04 4.556150000000000000000000000000e+04 3.000000000000000000000000000000e+01
1.194920000000000000000000000000e+05 6.834275000000000000000000000000e+04 6.834275000000000000000000000000e+04 3.100000000000000000000000000000e+01
1.878347500000000000000000000000e+05 1.366865000000000000000000000000e+05 1.366865000000000000000000000000e+05 3.200000000000000000000000000000e+01
3.245212500000000000000000000000e+05 2.050302500000000000000000000000e+05 2.050302500000000000000000000000e+05 3.300000000000000000000000000000e+01
5.295515000000000000000000000000e+05 4.100615000000000000000000000000e+05 4.100615000000000000000000000000e+05 3.400000000000000000000000000000e+01
9.396130000000000000000000000000e+05 8.201240000000000000000000000000e+05 8.201240000000000000000000000000e+05 3.500000000000000000000000000000e+01
1.759737000000000000000000000000e+06 1.640249000000000000000000000000e+06 1.640249000000000000000000000000e+06 3.600000000000000000000000000000e+01
3.399986000000000000000000000000e+06 2.460374000000000000000000000000e+06 2.460374000000000000000000000000e+06 3.700000000000000000000000000000e+01
5.860360000000000000000000000000e+06 4.920749000000000000000000000000e+06 4.920749000000000000000000000000e+06 3.800000000000000000000000000000e+01
1.078110900000000000000000000000e+07 7.381124000000000000000000000000e+06 7.381124000000000000000000000000e+06 3.900000000000000000000000000000e+01
1.816223300000000000000000000000e+07 1.476224900000000000000000000000e+07 1.476224900000000000000000000000e+07 4.000000000000000000000000000000e+01
3.292448200000000000000000000000e+07 2.952449900000000000000000000000e+07 2.952449900000000000000000000000e+07 4.100000000000000000000000000000e+01
6.244898100000000000000000000000e+07 5.904899900000000000000000000000e+07 5.904899900000000000000000000000e+07 4.200000000000000000000000000000e+01
1.214979800000000000000000000000e+08 1.180979980000000000000000000000e+08 1.180979980000000000000000000000e+08 4.300000000000000000000000000000e+01
2.395959780000000000000000000000e+08 1.771469990000000000000000000000e+08 1.771469990000000000000000000000e+08 4.400000000000000000000000000000e+01
