0.000000000000000000000000000000e+00 1.000000000000000000000000000000e+03 1.000000000000000000000000000000e+03 0.000000000000000000000000000000e+00
9.990000000000000000000000000000e+02 1.500000000000000000000000000000e+03 1.500000000000000000000000000000e+03 1.000000000000000000000000000000e+00
2.498000000000000000000000000000e+03 2.250000000000000000000000000000e+03 2.250000000000000000000000000000e+03 2.000000000000000000000000000000e+00
4.747000000000000000000000000000e+03 3.375000000000000000000000000000e+03 3.375000000000000000000000000000e+03 3.000000000000000000000000000000e+00
8.121000000000000000000000000000e+03 5.062500000000000000000000000000e+03 5.062500000000000000000000000000e+03 4.000000000000000000000000000000e+00
1.318250000000000000000000000000e+04 7.593750000000000000000000000000e+03 7.593750000000000000000000000000e+03 5.000000000000000000000000000000e+00
2.077525000000000000000000000000e+04 1.139062500000000000000000000000e+04 1.139062500000000000000000000000e+04 6.000000000000000000000000000000e+00
3.216487500000000000000000000000e+04 2.278125000000000000000000000000e+04 2.278125000000000000000000000000e+04 7.000000000000000000000000000000e+00
5.494512500000000000000000000000e+04 4.556250000000000000000000000000e+04 4.556250000000000000000000000000e+04 8.000000000000000000000000000000e+00
1.005066250000000000000000000000e+05 9.112500000000000000000000000000e+04 9.112500000000000000000000000000e+04 9.000000000000000000000000000000e+00
1.916306250000000000000000000000e+05 1.366875000000000000000000000000e+05 1.366875000000000000000000000000e+05 1.000000000000000000000000000000e+01
3.283171250000000000000000000000e+05 2.050312500000000000000000000000e+05 2.050312500000000000000000000000e+05 1.100000000000000000000000000000e+01
5.333473750000000000000000000000e+05 3.075468750000000000000000000000e+05 3.075468750000000000000000000000e+05 1.200000000000000000000000000000e+01
8.408932500000000000000000000000e+05 6.150937500000000000000000000000e+05 6.150937500000000000000000000000e+05 1.300000000000000000000000000000e+01
1.455986000000000000000000000000e+06 9.226406250000000000000000000000e+05 9.226406250000000000000000000000e+05 1.400000000000000000000000000000e+01
2.378625625000000000000000000000e+06 1.383960937500000000000000000000e+06 1.383960937500000000000000000000e+06 1.500000000000000000000000000000e+01
3.762585562500000000000000000000e+06 2.075941406250000000000000000000e+06 2.075941406250000000000000000000e+06 1.600000000000000000000000000000e+01
5.838525968750000000000000000000e+06 3.113912109375000000000000000000e+06 3.113912109375000000000000000000e+06 1.700000000000000000000000000000e+01
8.952437078125000000000000000000e+06 4.670868164062500000000000000000e+06 4.670868164062500000000000000000e+06 1.800000000000000000000000000000e+01
1.362330424218750000000000000000e+07 9.341736328125000000000000000000e+06 9.341736328125000000000000000000e+06 1.900000000000000000000000000000e+01
2.296503957031250000000000000000e+07 1.401260449218750000000000000000e+07 1.401260449218750000000000000000e+07 2.000000000000000000000000000000e+01
3.697764306250000000000000000000e+07 2.802520898437500000000000000000e+07 2.802520898437500000000000000000e+07 2.100000000000000000000000000000e+01
1.000000000000000000000000000000e+00 9.990000000000000000000000000000e+02 9.990000000000000000000000000000e+02 2.200000000000000000000000000000e+01
1.000000000000000000000000000000e+03 1.499000000000000000000000000000e+03 1.499000000000000000000000000000e+03 2.300000000000000000000000000000e+01
2.499000000000000000000000000000e+03 2.249000000000000000000000000000e+03 2.249000000000000000000000000000e+03 2.400000000000000000000000000000e+01
4.748000000000000000000000000000e+03 3.374000000000000000000000000000e+03 3.374000000000000000000000000000e+03 2.500000000000000000000000000000e+01
8.122000000000000000000000000000e+03 5.061500000000000000000000000000e+03 5.061500000000000000000000000000e+03 2.600000000000000000000000000000e+01
1.318350000000000000000000000000e+04 7.592750000000000000000000000000e+03 7.592750000000000000000000000000e+03 2.700000000000000000000000000000e+01
2.077625000000000000000000000000e+04 1.138962500000000000000000000000e+04 1.138962500000000000000000000000e+04 2.800000000000000000000000000000e+01
3.216587500000000000000000000000e+04 2.278025000000000000000000000000e+04 2.278025000000000000000000000000e+04 2.900000000000000000000000000000e+01
5.494612500000000000000000000000e+04 4.556150000000000000000000000000e+04 4.556150000000000000000000000000e+04 3.000000000000000000000000000000e+01
1.005076250000000000000000000000e+05 9.112400000000000000000000000000e+04 9.112400000000000000000000000000e+04 3.100000000000000000000000000000e+01
1.916316250000000000000000000000e+05 1.366865000000000000000000000000e+05 1.366865000000000000000000000000e+05 3.200000000000000000000000000000e+01
3.283181250000000000000000000000e+05 2.050302500000000000000000000000e+05 2.050302500000000000000000000000e+05 3.300000000000000000000000000000e+01
5.333483750000000000000000000000e+05 3.075458750000000000000000000000e+05 3.075458750000000000000000000000e+05 3.400000000000000000000000000000e+01
8.408942500000000000000000000000e+05 6.150927500000000000000000000000e+05 6.150927500000000000000000000000e+05 3.500000000000000000000000000000e+01
1.455987000000000000000000000000e+06 9.226396250000000000000000000000e+05 9.226396250000000000000000000000e+05 3.600000000000000000000000000000e+01
2.378626625000000000000000000000e+06 1.383959937500000000000000000000e+06 1.383959937500000000000000000000e+06 3.700000000000000000000000000000e+01
3.762586562500000000000000000000e+06 2.075940406250000000000000000000e+06 2.075940406250000000000000000000e+06 3.800000000000000000000000000000e+01
5.838526968750000000000000000000e+06 3.113911109375000000000000000000e+06 3.113911109375000000000000000000e+06 3.900000000000000000000000000000e+01
8.952438078125000000000000000000e+06 4.670867164062500000000000000000e+06 4.670867164062500000000000000000e+06 4.000000000000000000000000000000e+01
1.362330524218750000000000000000e+07 9.341735328125000000000000000000e+06 9.341735328125000000000000000000e+06 4.100000000000000000000000000000e+01
2.296504057031250000000000000000e+07 1.401260349218750000000000000000e+07 1.401260349218750000000000000000e+07 4.200000000000000000000000000000e+01
3.697764406250000000000000000000e+07 2.802520698437500000000000000000e+07 2.802520698437500000000000000000e+07 4.300000000000000000000000000000e+01
6.500285104687500000000000000000e+07 4.203781247656250000000000000000e+07 4.203781247656250000000000000000e+07 4.400000000000000000000000000000e+01
