0.000000000000000000000000000000e+00 1.000000000000000000000000000000e+03 1.000000000000000000000000000000e+03 0.000000000000000000000000000000e+00
9.990000000000000000000000000000e+02 1.500000000000000000000000000000e+03 1.500000000000000000000000000000e+03 1.000000000000000000000000000000e+00
2.498000000000000000000000000000e+03 3.000000000000000000000000000000e+03 3.000000000000000000000000000000e+03 2.000000000000000000000000000000e+00
5.497000000000000000000000000000e+03 4.500000000000000000000000000000e+03 4.500000000000000000000000000000e+03 3.000000000000000000000000000000e+00
9.996000000000000000000000000000e+03 6.750000000000000000000000000000e+03 6.750000000000000000000000000000e+03 4.000000000000000000000000000000e+00
1.674500000000000000000000000000e+04 1.350000000000000000000000000000e+04 1.350000000000000000000000000000e+04 5.000000000000000000000000000000e+00
3.024400000000000000000000000000e+04 2.025000000000000000000000000000e+04 2.025000000000000000000000000000e+04 6.000000000000000000000000000000e+00
5.049300000000000000000000000000e+04 4.050000000000000000000000000000e+04 4.050000000000000000000000000000e+04 7.000000000000000000000000000000e+00
9.099200000000000000000000000000e+04 8.100000000000000000000000000000e+04 8.100000000000000000000000000000e+04 8.000000000000000000000000000000e+00
1.719910000000000000000000000000e+05 1.215000000000000000000000000000e+05 1.215000000000000000000000000000e+05 9.000000000000000000000000000000e+00
2.934900000000000000000000000000e+05 2.430000000000000000000000000000e+05 2.430000000000000000000000000000e+05 1.000000000000000000000000000000e+01
5.364890000000000000000000000000e+05 3.645000000000000000000000000000e+05 3.645000000000000000000000000000e+05 1.100000000000000000000000000000e+01
9.009880000000000000000000000000e+05 7.290000000000000000000000000000e+05 7.290000000000000000000000000000e+05 1.200000000000000000000000000000e+01
1.629987000000000000000000000000e+06 1.458000000000000000000000000000e+06 1.458000000000000000000000000000e+06 1.300000000000000000000000000000e+01
3.087986000000000000000000000000e+06 2.916000000000000000000000000000e+06 2.916000000000000000000000000000e+06 1.400000000000000000000000000000e+01
6.003985000000000000000000000000e+06 5.832000000000000000000000000000e+06 5.832000000000000000000000000000e+06 1.500000000000000000000000000000e+01
1.183598400000000000000000000000e+07 8.748000000000000000000000000000e+06 8.748000000000000000000000000000e+06 1.600000000000000000000000000000e+01
2.058398300000000000000000000000e+07 1.312200000000000000000000000000e+07 1.312200000000000000000000000000e+07 1.700000000000000000000000000000e+01
3.370598200000000000000000000000e+07 2.624400000000000000000000000000e+07 2.624400000000000000000000000000e+07 1.800000000000000000000000000000e+01
5.994998100000000000000000000000e+07 3.936600000000000000000000000000e+07 3.936600000000000000000000000000e+07 1.900000000000000000000000000000e+01
9.931598000000000000000000000000e+07 5.904900000000000000000000000000e+07 5.904900000000000000000000000000e+07 2.000000000000000000000000000000e+01
1.583649790000000000000000000000e+08 1.180980000000000000000000000000e+08 1.180980000000000000000000000000e+08 2.100000000000000000000000000000e+01
1.000000000000000000000000000000e+00 9.990000000000000000000000000000e+02 9.990000000000000000000000000000e+02 2.200000000000000000000000000000e+01
1.000000000000000000000000000000e+03 1.499000000000000000000000000000e+03 1.499000000000000000000000000000e+03 2.300000000000000000000000000000e+01
2.499000000000000000000000000000e+03 2.999000000000000000000000000000e+03 2.999000000000000000000000000000e+03 2.400000000000000000000000000000e+01
5.498000000000000000000000000000e+03 4.499000000000000000000000000000e+03 4.499000000000000000000000000000e+03 2.500000000000000000000000000000e+01
9.997000000000000000000000000000e+03 6.749000000000000000000000000000e+03 6.749000000000000000000000000000e+03 2.600000000000000000000000000000e+01
1.674600000000000000000000000000e+04 1.349900000000000000000000000000e+04 1.349900000000000000000000000000e+04 2.700000000000000000000000000000e+01
3.024500000000000000000000000000e+04 2.024900000000000000000000000000e+04 2.024900000000000000000000000000e+04 2.800000000000000000000000000000e+01
5.049400000000000000000000000000e+04 4.049900000000000000000000000000e+04 4.049900000000000000000000000000e+04 2.900000000000000000000000000000e+01
9.099300000000000000000000000000e+04 8.099900000000000000000000000000e+04 8.099900000000000000000000000000e+04 3.000000000000000000000000000000e+01
1.719920000000000000000000000000e+05 1.214990000000000000000000000000e+05 1.214990000000000000000000000000e+05 3.100000000000000000000000000000e+01
2.934910000000000000000000000000e+05 2.429990000000000000000000000000e+05 2.429990000000000000000000000000e+05 3.200000000000000000000000000000e+01
5.364900000000000000000000000000e+05 3.644990000000000000000000000000e+05 3.644990000000000000000000000000e+05 3.300000000000000000000000000000e+01
9.009890000000000000000000000000e+05 7.289990000000000000000000000000e+05 7.289990000000000000000000000000e+05 3.400000000000000000000000000000e+01
1.629988000000000000000000000000e+06 1.457999000000000000000000000000e+06 1.457999000000000000000000000000e+06 3.500000000000000000000000000000e+01
3.087987000000000000000000000000e+06 2.915999000000000000000000000000e+06 2.915999000000000000000000000000e+06 3.600000000000000000000000000000e+01
6.003986000000000000000000000000e+06 5.831999000000000000000000000000e+06 5.831999000000000000000000000000e+06 3.700000000000000000000000000000e+01
1.183598500000000000000000000000e+07 8.747999000000000000000000000000e+06 8.747999000000000000000000000000e+06 3.800000000000000000000000000000e+01
2.058398400000000000000000000000e+07 1.312199900000000000000000000000e+07 1.312199900000000000000000000000e+07 3.900000000000000000000000000000e+01
3.370598300000000000000000000000e+07 2.624399900000000000000000000000e+07 2.624399900000000000000000000000e+07 4.000000000000000000000000000000e+01
5.994998200000000000000000000000e+07 3.936599900000000000000000000000e+07 3.936599900000000000000000000000e+07 4.100000000000000000000000000000e+01
9.931598100000000000000000000000e+07 5.904899900000000000000000000000e+07 5.904899900000000000000000000000e+07 4.200000000000000000000000000000e+01
1.583649800000000000000000000000e+08 1.180979980000000000000000000000e+08 1.180979980000000000000000000000e+08 4.300000000000000000000000000000e+01
2.764629780000000000000000000000e+08 1.771469990000000000000000000000e+08 1.771469990000000000000000000000e+08 4.400000000000000000000000000000e+01
