0.000000000000000000000000000000e+00 1.000000000000000000000000000000e+03 1.000000000000000000000000000000e+03 0.000000000000000000000000000000e+00
9.990000000000000000000000000000e+02 1.500000000000000000000000000000e+03 1.500000000000000000000000000000e+03 1.000000000000000000000000000000e+00
2.498000000000000000000000000000e+03 3.000000000000000000000000000000e+03 3.000000000000000000000000000000e+03 2.000000000000000000000000000000e+00
5.497000000000000000000000000000e+03 6.000000000000000000000000000000e+03 6.000000000000000000000000000000e+03 3.000000000000000000000000000000e+00
1.149600000000000000000000000000e+04 1.200000000000000000000000000000e+04 1.200000000000000000000000000000e+04 4.000000000000000000000000000000e+00
2.349500000000000000000000000000e+04 1.800000000000000000000000000000e+04 1.800000000000000000000000000000e+04 5.000000000000000000000000000000e+00
4.149400000000000000000000000000e+04 3.600000000000000000000000000000e+04 3.600000000000000000000000000000e+04 6.000000000000000000000000000000e+00
7.749300000000000000000000000000e+04 5.400000000000000000000000000000e+04 5.400000000000000000000000000000e+04 7.000000000000000000000000000000e+00
1.314920000000000000000000000000e+05 1.080000000000000000000000000000e+05 1.080000000000000000000000000000e+05 8.000000000000000000000000000000e+00
2.394910000000000000000000000000e+05 2.160000000000000000000000000000e+05 2.160000000000000000000000000000e+05 9.000000000000000000000000000000e+00
4.554900000000000000000000000000e+05 3.240000000000000000000000000000e+05 3.240000000000000000000000000000e+05 1.000000000000000000000000000000e+01
7.794890000000000000000000000000e+05 4.860000000000000000000000000000e+05 4.860000000000000000000000000000e+05 1.100000000000000000000000000000e+01
1.265488000000000000000000000000e+06 9.720000000000000000000000000000e+05 9.720000000000000000000000000000e+05 1.200000000000000000000000000000e+01
2.237487000000000000000000000000e+06 1.458000000000000000000000000000e+06 1.458000000000000000000000000000e+06 1.300000000000000000000000000000e+01
3.695486000000000000000000000000e+06 2.187000000000000000000000000000e+06 2.187000000000000000000000000000e+06 1.400000000000000000000000000000e+01
5.882485000000000000000000000000e+06 3.280500000000000000000000000000e+06 3.280500000000000000000000000000e+06 1.500000000000000000000000000000e+01
9.162984000000000000000000000000e+06 6.561000000000000000000000000000e+06 6.561000000000000000000000000000e+06 1.600000000000000000000000000000e+01
1.572398300000000000000000000000e+07 9.841500000000000000000000000000e+06 9.841500000000000000000000000000e+06 1.700000000000000000000000000000e+01
2.556548200000000000000000000000e+07 1.476225000000000000000000000000e+07 1.476225000000000000000000000000e+07 1.800000000000000000000000000000e+01
4.032773100000000000000000000000e+07 2.952450000000000000000000000000e+07 2.952450000000000000000000000000e+07 1.900000000000000000000000000000e+01
6.985223000000000000000000000000e+07 4.428675000000000000000000000000e+07 4.428675000000000000000000000000e+07 2.000000000000000000000000000000e+01
1.141389790000000000000000000000e+08 6.643012500000000000000000000000e+07 6.643012500000000000000000000000e+07 2.100000000000000000000000000000e+01
1.000000000000000000000000000000e+00 9.990000000000000000000000000000e+02 9.990000000000000000000000000000e+02 2.200000000000000000000000000000e+01
1.000000000000000000000000000000e+03 1.499000000000000000000000000000e+03 1.499000000000000000000000000000e+03 2.300000000000000000000000000000e+01
2.499000000000000000000000000000e+03 2.999000000000000000000000000000e+03 2.999000000000000000000000000000e+03 2.400000000000000000000000000000e+01
5.498000000000000000000000000000e+03 5.999000000000000000000000000000e+03 5.999000000000000000000000000000e+03 2.500000000000000000000000000000e+01
1.149700000000000000000000000000e+04 1.199900000000000000000000000000e+04 1.199900000000000000000000000000e+04 2.600000000000000000000000000000e+01
2.349600000000000000000000000000e+04 1.799900000000000000000000000000e+04 1.799900000000000000000000000000e+04 2.700000000000000000000000000000e+01
4.149500000000000000000000000000e+04 3.599900000000000000000000000000e+04 3.599900000000000000000000000000e+04 2.800000000000000000000000000000e+01
7.749400000000000000000000000000e+04 5.399900000000000000000000000000e+04 5.399900000000000000000000000000e+04 2.900000000000000000000000000000e+01
1.314930000000000000000000000000e+05 1.079990000000000000000000000000e+05 1.079990000000000000000000000000e+05 3.000000000000000000000000000000e+01
2.394920000000000000000000000000e+05 2.159990000000000000000000000000e+05 2.159990000000000000000000000000e+05 3.100000000000000000000000000000e+01
4.554910000000000000000000000000e+05 3.239990000000000000000000000000e+05 3.239990000000000000000000000000e+05 3.200000000000000000000000000000e+01
7.794900000000000000000000000000e+05 4.859990000000000000000000000000e+05 4.859990000000000000000000000000e+05 3.300000000000000000000000000000e+01
1.265489000000000000000000000000e+06 9.719990000000000000000000000000e+05 9.719990000000000000000000000000e+05 3.400000000000000000000000000000e+01
2.237488000000000000000000000000e+06 1.457999000000000000000000000000e+06 1.457999000000000000000000000000e+06 3.500000000000000000000000000000e+01
3.695487000000000000000000000000e+06 2.186999000000000000000000000000e+06 2.186999000000000000000000000000e+06 3.600000000000000000000000000000e+01
5.882486000000000000000000000000e+06 3.280499000000000000000000000000e+06 3.280499000000000000000000000000e+06 3.700000000000000000000000000000e+01
9.162985000000000000000000000000e+06 6.560999000000000000000000000000e+06 6.560999000000000000000000000000e+06 3.800000000000000000000000000000e+01
1.572398400000000000000000000000e+07 9.841499000000000000000000000000e+06 9.841499000000000000000000000000e+06 3.900000000000000000000000000000e+01
2.556548300000000000000000000000e+07 1.476224900000000000000000000000e+07 1.476224900000000000000000000000e+07 4.000000000000000000000000000000e+01
4.032773200000000000000000000000e+07 2.952449900000000000000000000000e+07 2.952449900000000000000000000000e+07 4.100000000000000000000000000000e+01
6.985223100000000000000000000000e+07 4.428674900000000000000000000000e+07 4.428674900000000000000000000000e+07 4.200000000000000000000000000000e+01
1.141389800000000000000000000000e+08 6.643012300000000000000000000000e+07 6.643012300000000000000000000000e+07 4.300000000000000000000000000000e+01
1.805691030000000000000000000000e+08 1.328602490000000000000000000000e+08 1.328602490000000000000000000000e+08 4.400000000000000000000000000000e+01
