0.000000000000000000000000000000e+00 1.000000000000000000000000000000e+03 1.000000000000000000000000000000e+03 0.000000000000000000000000000000e+00
9.990000000000000000000000000000e+02 2.000000000000000000000000000000e+03 2.000000000000000000000000000000e+03 1.000000000000000000000000000000e+00
2.998000000000000000000000000000e+03 3.000000000000000000000000000000e+03 3.000000000000000000000000000000e+03 2.000000000000000000000000000000e+00
5.997000000000000000000000000000e+03 6.000000000000000000000000000000e+03 6.000000000000000000000000000000e+03 3.000000000000000000000000000000e+00
1.199600000000000000000000000000e+04 9.000000000000000000000000000000e+03 9.000000000000000000000000000000e+03 4.000000000000000000000000000000e+00
2.099500000000000000000000000000e+04 1.350000000000000000000000000000e+04 1.350000000000000000000000000000e+04 5.000000000000000000000000000000e+00
3.449400000000000000000000000000e+04 2.025000000000000000000000000000e+04 2.025000000000000000000000000000e+04 6.000000000000000000000000000000e+00
5.474300000000000000000000000000e+04 4.050000000000000000000000000000e+04 4.050000000000000000000000000000e+04 7.000000000000000000000000000000e+00
9.524200000000000000000000000000e+04 8.100000000000000000000000000000e+04 8.100000000000000000000000000000e+04 8.000000000000000000000000000000e+00
1.762410000000000000000000000000e+05 1.620000000000000000000000000000e+05 1.620000000000000000000000000000e+05 9.000000000000000000000000000000e+00
3.382400000000000000000000000000e+05 3.240000000000000000000000000000e+05 3.240000000000000000000000000000e+05 1.000000000000000000000000000000e+01
6.622390000000000000000000000000e+05 4.860000000000000000000000000000e+05 4.860000000000000000000000000000e+05 1.100000000000000000000000000000e+01
1.148238000000000000000000000000e+06 7.290000000000000000000000000000e+05 7.290000000000000000000000000000e+05 1.200000000000000000000000000000e+01
1.877237000000000000000000000000e+06 1.093500000000000000000000000000e+06 1.093500000000000000000000000000e+06 1.300000000000000000000000000000e+01
2.970736000000000000000000000000e+06 2.187000000000000000000000000000e+06 2.187000000000000000000000000000e+06 1.400000000000000000000000000000e+01
5.157735000000000000000000000000e+06 3.280500000000000000000000000000e+06 3.280500000000000000000000000000e+06 1.500000000000000000000000000000e+01
8.438234000000000000000000000000e+06 4.920750000000000000000000000000e+06 4.920750000000000000000000000000e+06 1.600000000000000000000000000000e+01
1.335898300000000000000000000000e+07 7.381125000000000000000000000000e+06 7.381125000000000000000000000000e+06 1.700000000000000000000000000000e+01
2.074010700000000000000000000000e+07 1.107168750000000000000000000000e+07 1.107168750000000000000000000000e+07 1.800000000000000000000000000000e+01
3.181179350000000000000000000000e+07 1.660753125000000000000000000000e+07 1.660753125000000000000000000000e+07 1.900000000000000000000000000000e+01
4.841932375000000000000000000000e+07 2.491129687500000000000000000000e+07 2.491129687500000000000000000000e+07 2.000000000000000000000000000000e+01
7.333061962500000000000000000000e+07 4.982259375000000000000000000000e+07 4.982259375000000000000000000000e+07 2.100000000000000000000000000000e+01
1.000000000000000000000000000000e+00 9.990000000000000000000000000000e+02 9.990000000000000000000000000000e+02 2.200000000000000000000000000000e+01
1.000000000000000000000000000000e+03 1.999000000000000000000000000000e+03 1.999000000000000000000000000000e+03 2.300000000000000000000000000000e+01
2.999000000000000000000000000000e+03 2.999000000000000000000000000000e+03 2.999000000000000000000000000000e+03 2.400000000000000000000000000000e+01
5.998000000000000000000000000000e+03 5.999000000000000000000000000000e+03 5.999000000000000000000000000000e+03 2.500000000000000000000000000000e+01
1.199700000000000000000000000000e+04 8.999000000000000000000000000000e+03 8.999000000000000000000000000000e+03 2.600000000000000000000000000000e+01
2.099600000000000000000000000000e+04 1.349900000000000000000000000000e+04 1.349900000000000000000000000000e+04 2.700000000000000000000000000000e+01
3.449500000000000000000000000000e+04 2.024900000000000000000000000000e+04 2.024900000000000000000000000000e+04 2.800000000000000000000000000000e+01
5.474400000000000000000000000000e+04 4.049900000000000000000000000000e+04 4.049900000000000000000000000000e+04 2.900000000000000000000000000000e+01
9.524300000000000000000000000000e+04 8.099900000000000000000000000000e+04 8.099900000000000000000000000000e+04 3.000000000000000000000000000000e+01
1.762420000000000000000000000000e+05 1.619990000000000000000000000000e+05 1.619990000000000000000000000000e+05 3.100000000000000000000000000000e+01
3.382410000000000000000000000000e+05 3.239990000000000000000000000000e+05 3.239990000000000000000000000000e+05 3.200000000000000000000000000000e+01
6.622400000000000000000000000000e+05 4.859990000000000000000000000000e+05 4.859990000000000000000000000000e+05 3.300000000000000000000000000000e+01
1.148239000000000000000000000000e+06 7.289990000000000000000000000000e+05 7.289990000000000000000000000000e+05 3.400000000000000000000000000000e+01
1.877238000000000000000000000000e+06 1.093499000000000000000000000000e+06 1.093499000000000000000000000000e+06 3.500000000000000000000000000000e+01
2.970737000000000000000000000000e+06 2.186999000000000000000000000000e+06 2.186999000000000000000000000000e+06 3.600000000000000000000000000000e+01
5.157736000000000000000000000000e+06 3.280499000000000000000000000000e+06 3.280499000000000000000000000000e+06 3.700000000000000000000000000000e+01
8.438235000000000000000000000000e+06 4.920749000000000000000000000000e+06 4.920749000000000000000000000000e+06 3.800000000000000000000000000000e+01
1.335898400000000000000000000000e+07 7.381124000000000000000000000000e+06 7.381124000000000000000000000000e+06 3.900000000000000000000000000000e+01
2.074010800000000000000000000000e+07 1.107168650000000000000000000000e+07 1.107168650000000000000000000000e+07 4.000000000000000000000000000000e+01
3.181179450000000000000000000000e+07 1.660753025000000000000000000000e+07 1.660753025000000000000000000000e+07 4.100000000000000000000000000000e+01
4.841932475000000000000000000000e+07 2.491129587500000000000000000000e+07 2.491129587500000000000000000000e+07 4.200000000000000000000000000000e+01
7.333062062500000000000000000000e+07 4.982259175000000000000000000000e+07 4.982259175000000000000000000000e+07 4.300000000000000000000000000000e+01
1.231532123750000000000000000000e+08 9.964518650000000000000000000000e+07 9.964518650000000000000000000000e+07 4.400000000000000000000000000000e+01
