0.000000000000000000000000000000e+00 1.000000000000000000000000000000e+03 1.000000000000000000000000000000e+03 0.000000000000000000000000000000e+00
9.990000000000000000000000000000e+02 1.500000000000000000000000000000e+03 1.500000000000000000000000000000e+03 1.000000000000000000000000000000e+00
2.498000000000000000000000000000e+03 2.250000000000000000000000000000e+03 2.250000000000000000000000000000e+03 2.000000000000000000000000000000e+00
4.747000000000000000000000000000e+03 3.375000000000000000000000000000e+03 3.375000000000000000000000000000e+03 3.000000000000000000000000000000e+00
8.121000000000000000000000000000e+03 6.750000000000000000000000000000e+03 6.750000000000000000000000000000e+03 4.000000000000000000000000000000e+00
1.487000000000000000000000000000e+04 1.350000000000000000000000000000e+04 1.350000000000000000000000000000e+04 5.000000000000000000000000000000e+00
2.836900000000000000000000000000e+04 2.700000000000000000000000000000e+04 2.700000000000000000000000000000e+04 6.000000000000000000000000000000e+00
5.536800000000000000000000000000e+04 4.050000000000000000000000000000e+04 4.050000000000000000000000000000e+04 7.000000000000000000000000000000e+00
9.586700000000000000000000000000e+04 8.100000000000000000000000000000e+04 8.100000000000000000000000000000e+04 8.000000000000000000000000000000e+00
1.768660000000000000000000000000e+05 1.620000000000000000000000000000e+05 1.620000000000000000000000000000e+05 9.000000000000000000000000000000e+00
3.388650000000000000000000000000e+05 3.240000000000000000000000000000e+05 3.240000000000000000000000000000e+05 1.000000000000000000000000000000e+01
6.628640000000000000000000000000e+05 6.480000000000000000000000000000e+05 6.480000000000000000000000000000e+05 1.100000000000000000000000000000e+01
1.310863000000000000000000000000e+06 9.720000000000000000000000000000e+05 9.720000000000000000000000000000e+05 1.200000000000000000000000000000e+01
2.282862000000000000000000000000e+06 1.458000000000000000000000000000e+06 1.458000000000000000000000000000e+06 1.300000000000000000000000000000e+01
3.740861000000000000000000000000e+06 2.916000000000000000000000000000e+06 2.916000000000000000000000000000e+06 1.400000000000000000000000000000e+01
6.656860000000000000000000000000e+06 4.374000000000000000000000000000e+06 4.374000000000000000000000000000e+06 1.500000000000000000000000000000e+01
1.103085900000000000000000000000e+07 8.748000000000000000000000000000e+06 8.748000000000000000000000000000e+06 1.600000000000000000000000000000e+01
1.977885800000000000000000000000e+07 1.312200000000000000000000000000e+07 1.312200000000000000000000000000e+07 1.700000000000000000000000000000e+01
3.290085700000000000000000000000e+07 1.968300000000000000000000000000e+07 1.968300000000000000000000000000e+07 1.800000000000000000000000000000e+01
5.258385600000000000000000000000e+07 3.936600000000000000000000000000e+07 3.936600000000000000000000000000e+07 1.900000000000000000000000000000e+01
9.194985500000000000000000000000e+07 5.904900000000000000000000000000e+07 5.904900000000000000000000000000e+07 2.000000000000000000000000000000e+01
1.509988540000000000000000000000e+08 1.180980000000000000000000000000e+08 1.180980000000000000000000000000e+08 2.100000000000000000000000000000e+01
1.000000000000000000000000000000e+00 9.990000000000000000000000000000e+02 9.990000000000000000000000000000e+02 2.200000000000000000000000000000e+01
1.000000000000000000000000000000e+03 1.499000000000000000000000000000e+03 1.499000000000000000000000000000e+03 2.300000000000000000000000000000e+01
2.499000000000000000000000000000e+03 2.249000000000000000000000000000e+03 2.249000000000000000000000000000e+03 2.400000000000000000000000000000e+01
4.748000000000000000000000000000e+03 3.374000000000000000000000000000e+03 3.374000000000000000000000000000e+03 2.500000000000000000000000000000e+01
8.122000000000000000000000000000e+03 6.749000000000000000000000000000e+03 6.749000000000000000000000000000e+03 2.600000000000000000000000000000e+01
1.487100000000000000000000000000e+04 1.349900000000000000000000000000e+04 1.349900000000000000000000000000e+04 2.700000000000000000000000000000e+01
2.837000000000000000000000000000e+04 2.699900000000000000000000000000e+04 2.699900000000000000000000000000e+04 2.800000000000000000000000000000e+01
5.536900000000000000000000000000e+04 4.049900000000000000000000000000e+04 4.049900000000000000000000000000e+04 2.900000000000000000000000000000e+01
9.586800000000000000000000000000e+04 8.099900000000000000000000000000e+04 8.099900000000000000000000000000e+04 3.000000000000000000000000000000e+01
1.768670000000000000000000000000e+05 1.619990000000000000000000000000e+05 1.619990000000000000000000000000e+05 3.100000000000000000000000000000e+01
3.388660000000000000000000000000e+05 3.239990000000000000000000000000e+05 3.239990000000000000000000000000e+05 3.200000000000000000000000000000e+01
6.628650000000000000000000000000e+05 6.479990000000000000000000000000e+05 6.479990000000000000000000000000e+05 3.300000000000000000000000000000e+01
1.310864000000000000000000000000e+06 9.719990000000000000000000000000e+05 9.719990000000000000000000000000e+05 3.400000000000000000000000000000e+01
2.282863000000000000000000000000e+06 1.457999000000000000000000000000e+06 1.457999000000000000000000000000e+06 3.500000000000000000000000000000e+01
3.740862000000000000000000000000e+06 2.915999000000000000000000000000e+06 2.915999000000000000000000000000e+06 3.600000000000000000000000000000e+01
6.656861000000000000000000000000e+06 4.373999000000000000000000000000e+06 4.373999000000000000000000000000e+06 3.700000000000000000000000000000e+01
1.103086000000000000000000000000e+07 8.747999000000000000000000000000e+06 8.747999000000000000000000000000e+06 3.800000000000000000000000000000e+01
1.977885900000000000000000000000e+07 1.312199900000000000000000000000e+07 1.312199900000000000000000000000e+07 3.900000000000000000000000000000e+01
3.290085800000000000000000000000e+07 1.968299900000000000000000000000e+07 1.968299900000000000000000000000e+07 4.000000000000000000000000000000e+01
5.258385700000000000000000000000e+07 3.936599900000000000000000000000e+07 3.936599900000000000000000000000e+07 4.100000000000000000000000000000e+01
9.194985600000000000000000000000e+07 5.904899900000000000000000000000e+07 5.904899900000000000000000000000e+07 4.200000000000000000000000000000e+01
1.509988550000000000000000000000e+08 1.180979980000000000000000000000e+08 1.180979980000000000000000000000e+08 4.300000000000000000000000000000e+01
2.690968530000000000000000000000e+08 2.361959990000000000000000000000e+08 2.361959990000000000000000000000e+08 4.400000000000000000000000000000e+01
