0.000000000000000000000000000000e+00 1.000000000000000000000000000000e+03 1.000000000000000000000000000000e+03 0.000000000000000000000000000000e+00
9.990000000000000000000000000000e+02 1.500000000000000000000000000000e+03 1.500000000000000000000000000000e+03 1.000000000000000000000000000000e+00
2.498000000000000000000000000000e+03 2.250000000000000000000000000000e+03 2.250000000000000000000000000000e+03 2.000000000000000000000000000000e+00
4.747000000000000000000000000000e+03 3.375000000000000000000000000000e+03 3.375000000000000000000000000000e+03 3.000000000000000000000000000000e+00
8.121000000000000000000000000000e+03 5.062500000000000000000000000000e+03 5.062500000000000000000000000000e+03 4.000000000000000000000000000000e+00
1.318250000000000000000000000000e+04 7.593750000000000000000000000000e+03 7.593750000000000000000000000000e+03 5.000000000000000000000000000000e+00
2.077525000000000000000000000000e+04 1.139062500000000000000000000000e+04 1.139062500000000000000000000000e+04 6.000000000000000000000000000000e+00
3.216487500000000000000000000000e+04 1.708593750000000000000000000000e+04 1.708593750000000000000000000000e+04 7.000000000000000000000000000000e+00
4.924981250000000000000000000000e+04 2.562890625000000000000000000000e+04 2.562890625000000000000000000000e+04 8.000000000000000000000000000000e+00
7.487771875000000000000000000000e+04 3.844335937500000000000000000000e+04 3.844335937500000000000000000000e+04 9.000000000000000000000000000000e+00
1.133200781250000000000000000000e+05 7.688671875000000000000000000000e+04 7.688671875000000000000000000000e+04 1.000000000000000000000000000000e+01
1.902057968750000000000000000000e+05 1.537734375000000000000000000000e+05 1.537734375000000000000000000000e+05 1.100000000000000000000000000000e+01
3.439782343750000000000000000000e+05 2.306601562500000000000000000000e+05 2.306601562500000000000000000000e+05 1.200000000000000000000000000000e+01
5.746373906250000000000000000000e+05 4.613203125000000000000000000000e+05 4.613203125000000000000000000000e+05 1.300000000000000000000000000000e+01
1.035956703125000000000000000000e+06 9.226406250000000000000000000000e+05 9.226406250000000000000000000000e+05 1.400000000000000000000000000000e+01
1.958596328125000000000000000000e+06 1.383960937500000000000000000000e+06 1.383960937500000000000000000000e+06 1.500000000000000000000000000000e+01
3.342556265625000000000000000000e+06 2.075941406250000000000000000000e+06 2.075941406250000000000000000000e+06 1.600000000000000000000000000000e+01
5.418496671875000000000000000000e+06 4.151882812500000000000000000000e+06 4.151882812500000000000000000000e+06 1.700000000000000000000000000000e+01
9.570378484375000000000000000000e+06 8.303765625000000000000000000000e+06 8.303765625000000000000000000000e+06 1.800000000000000000000000000000e+01
1.787414310937500000000000000000e+07 1.660753125000000000000000000000e+07 1.660753125000000000000000000000e+07 1.900000000000000000000000000000e+01
3.448167335937500000000000000000e+07 3.321506250000000000000000000000e+07 3.321506250000000000000000000000e+07 2.000000000000000000000000000000e+01
6.769673485937500000000000000000e+07 4.982259375000000000000000000000e+07 4.982259375000000000000000000000e+07 2.100000000000000000000000000000e+01
1.000000000000000000000000000000e+00 9.990000000000000000000000000000e+02 9.990000000000000000000000000000e+02 2.200000000000000000000000000000e+01
1.000000000000000000000000000000e+03 1.499000000000000000000000000000e+03 1.499000000000000000000000000000e+03 2.300000000000000000000000000000e+01
2.499000000000000000000000000000e+03 2.249000000000000000000000000000e+03 2.249000000000000000000000000000e+03 2.400000000000000000000000000000e+01
4.748000000000000000000000000000e+03 3.374000000000000000000000000000e+03 3.374000000000000000000000000000e+03 2.500000000000000000000000000000e+01
8.122000000000000000000000000000e+03 5.061500000000000000000000000000e+03 5.061500000000000000000000000000e+03 2.600000000000000000000000000000e+01
1.318350000000000000000000000000e+04 7.592750000000000000000000000000e+03 7.592750000000000000000000000000e+03 2.700000000000000000000000000000e+01
2.077625000000000000000000000000e+04 1.138962500000000000000000000000e+04 1.138962500000000000000000000000e+04 2.800000000000000000000000000000e+01
3.216587500000000000000000000000e+04 1.708493750000000000000000000000e+04 1.708493750000000000000000000000e+04 2.900000000000000000000000000000e+01
4.925081250000000000000000000000e+04 2.562790625000000000000000000000e+04 2.562790625000000000000000000000e+04 3.000000000000000000000000000000e+01
7.487871875000000000000000000000e+04 3.844235937500000000000000000000e+04 3.844235937500000000000000000000e+04 3.100000000000000000000000000000e+01
1.133210781250000000000000000000e+05 7.688571875000000000000000000000e+04 7.688571875000000000000000000000e+04 3.200000000000000000000000000000e+01
1.902067968750000000000000000000e+05 1.537724375000000000000000000000e+05 1.537724375000000000000000000000e+05 3.300000000000000000000000000000e+01
3.439792343750000000000000000000e+05 2.306591562500000000000000000000e+05 2.306591562500000000000000000000e+05 3.400000000000000000000000000000e+01
5.746383906250000000000000000000e+05 4.613193125000000000000000000000e+05 4.613193125000000000000000000000e+05 3.500000000000000000000000000000e+01
1.035957703125000000000000000000e+06 9.226396250000000000000000000000e+05 9.226396250000000000000000000000e+05 3.600000000000000000000000000000e+01
1.958597328125000000000000000000e+06 1.383959937500000000000000000000e+06 1.383959937500000000000000000000e+06 3.700000000000000000000000000000e+01
3.342557265625000000000000000000e+06 2.075940406250000000000000000000e+06 2.075940406250000000000000000000e+06 3.800000000000000000000000000000e+01
5.418497671875000000000000000000e+06 4.151881812500000000000000000000e+06 4.151881812500000000000000000000e+06 3.900000000000000000000000000000e+01
9.570379484375000000000000000000e+06 8.303764625000000000000000000000e+06 8.303764625000000000000000000000e+06 4.000000000000000000000000000000e+01
1.787414410937500000000000000000e+07 1.660753025000000000000000000000e+07 1.660753025000000000000000000000e+07 4.100000000000000000000000000000e+01
3.448167435937500000000000000000e+07 3.321506150000000000000000000000e+07 3.321506150000000000000000000000e+07 4.200000000000000000000000000000e+01
6.769673585937500000000000000000e+07 4.982259175000000000000000000000e+07 4.982259175000000000000000000000e+07 4.300000000000000000000000000000e+01
1.175193276093750000000000000000e+08 7.473388962500000000000000000000e+07 7.473388962500000000000000000000e+07 4.400000000000000000000000000000e+01
