0.000000000000000000000000000000e+00 1.000000000000000000000000000000e+03 1.000000000000000000000000000000e+03 0.000000000000000000000000000000e+00
9.990000000000000000000000000000e+02 1.500000000000000000000000000000e+03 1.500000000000000000000000000000e+03 1.000000000000000000000000000000e+00
2.498000000000000000000000000000e+03 2.250000000000000000000000000000e+03 2.250000000000000000000000000000e+03 2.000000000000000000000000000000e+00
4.747000000000000000000000000000e+03 4.500000000000000000000000000000e+03 4.500000000000000000000000000000e+03 3.000000000000000000000000000000e+00
9.246000000000000000000000000000e+03 6.750000000000000000000000000000e+03 6.750000000000000000000000000000e+03 4.000000000000000000000000000000e+00
1.599500000000000000000000000000e+04 1.350000000000000000000000000000e+04 1.350000000000000000000000000000e+04 5.000000000000000000000000000000e+00
2.949400000000000000000000000000e+04 2.700000000000000000000000000000e+04 2.700000000000000000000000000000e+04 6.000000000000000000000000000000e+00
5.649300000000000000000000000000e+04 5.400000000000000000000000000000e+04 5.400000000000000000000000000000e+04 7.000000000000000000000000000000e+00
1.104920000000000000000000000000e+05 1.080000000000000000000000000000e+05 1.080000000000000000000000000000e+05 8.000000000000000000000000000000e+00
2.184910000000000000000000000000e+05 1.620000000000000000000000000000e+05 1.620000000000000000000000000000e+05 9.000000000000000000000000000000e+00
3.804900000000000000000000000000e+05 2.430000000000000000000000000000e+05 2.430000000000000000000000000000e+05 1.000000000000000000000000000000e+01
6.234890000000000000000000000000e+05 3.645000000000000000000000000000e+05 3.645000000000000000000000000000e+05 1.100000000000000000000000000000e+01
9.879880000000000000000000000000e+05 7.290000000000000000000000000000e+05 7.290000000000000000000000000000e+05 1.200000000000000000000000000000e+01
1.716987000000000000000000000000e+06 1.093500000000000000000000000000e+06 1.093500000000000000000000000000e+06 1.300000000000000000000000000000e+01
2.810486000000000000000000000000e+06 1.640250000000000000000000000000e+06 1.640250000000000000000000000000e+06 1.400000000000000000000000000000e+01
4.450735000000000000000000000000e+06 2.460375000000000000000000000000e+06 2.460375000000000000000000000000e+06 1.500000000000000000000000000000e+01
6.911109000000000000000000000000e+06 3.690562500000000000000000000000e+06 3.690562500000000000000000000000e+06 1.600000000000000000000000000000e+01
1.060167050000000000000000000000e+07 5.535843750000000000000000000000e+06 5.535843750000000000000000000000e+06 1.700000000000000000000000000000e+01
1.613751325000000000000000000000e+07 8.303765625000000000000000000000e+06 8.303765625000000000000000000000e+06 1.800000000000000000000000000000e+01
2.444127787500000000000000000000e+07 1.660753125000000000000000000000e+07 1.660753125000000000000000000000e+07 1.900000000000000000000000000000e+01
4.104880812500000000000000000000e+07 2.491129687500000000000000000000e+07 2.491129687500000000000000000000e+07 2.000000000000000000000000000000e+01
6.596010400000000000000000000000e+07 3.736694531250000000000000000000e+07 3.736694531250000000000000000000e+07 2.100000000000000000000000000000e+01
1.000000000000000000000000000000e+00 9.990000000000000000000000000000e+02 9.990000000000000000000000000000e+02 2.200000000000000000000000000000e+01
1.000000000000000000000000000000e+03 1.499000000000000000000000000000e+03 1.499000000000000000000000000000e+03 2.300000000000000000000000000000e+01
2.499000000000000000000000000000e+03 2.249000000000000000000000000000e+03 2.249000000000000000000000000000e+03 2.400000000000000000000000000000e+01
4.748000000000000000000000000000e+03 4.499000000000000000000000000000e+03 4.499000000000000000000000000000e+03 2.500000000000000000000000000000e+01
9.247000000000000000000000000000e+03 6.749000000000000000000000000000e+03 6.749000000000000000000000000000e+03 2.600000000000000000000000000000e+01
1.599600000000000000000000000000e+04 1.349900000000000000000000000000e+04 1.349900000000000000000000000000e+04 2.700000000000000000000000000000e+01
2.949500000000000000000000000000e+04 2.699900000000000000000000000000e+04 2.699900000000000000000000000000e+04 2.800000000000000000000000000000e+01
5.649400000000000000000000000000e+04 5.399900000000000000000000000000e+04 5.399900000000000000000000000000e+04 2.900000000000000000000000000000e+01
1.104930000000000000000000000000e+05 1.079990000000000000000000000000e+05 1.079990000000000000000000000000e+05 3.000000000000000000000000000000e+01
2.184920000000000000000000000000e+05 1.619990000000000000000000000000e+05 1.619990000000000000000000000000e+05 3.100000000000000000000000000000e+01
3.804910000000000000000000000000e+05 2.429990000000000000000000000000e+05 2.429990000000000000000000000000e+05 3.200000000000000000000000000000e+01
6.234900000000000000000000000000e+05 3.644990000000000000000000000000e+05 3.644990000000000000000000000000e+05 3.300000000000000000000000000000e+01
9.879890000000000000000000000000e+05 7.289990000000000000000000000000e+05 7.289990000000000000000000000000e+05 3.400000000000000000000000000000e+01
1.716988000000000000000000000000e+06 1.093499000000000000000000000000e+06 1.093499000000000000000000000000e+06 3.500000000000000000000000000000e+01
2.810487000000000000000000000000e+06 1.640249000000000000000000000000e+06 1.640249000000000000000000000000e+06 3.600000000000000000000000000000e+01
4.450736000000000000000000000000e+06 2.460374000000000000000000000000e+06 2.460374000000000000000000000000e+06 3.700000000000000000000000000000e+01
6.911110000000000000000000000000e+06 3.690561500000000000000000000000e+06 3.690561500000000000000000000000e+06 3.800000000000000000000000000000e+01
1.060167150000000000000000000000e+07 5.535842750000000000000000000000e+06 5.535842750000000000000000000000e+06 3.900000000000000000000000000000e+01
1.613751425000000000000000000000e+07 8.303764625000000000000000000000e+06 8.303764625000000000000000000000e+06 4.000000000000000000000000000000e+01
2.444127887500000000000000000000e+07 1.660753025000000000000000000000e+07 1.660753025000000000000000000000e+07 4.100000000000000000000000000000e+01
4.104880912500000000000000000000e+07 2.491129587500000000000000000000e+07 2.491129587500000000000000000000e+07 4.200000000000000000000000000000e+01
6.596010500000000000000000000000e+07 3.736694331250000000000000000000e+07 3.736694331250000000000000000000e+07 4.300000000000000000000000000000e+01
1.033270483125000000000000000000e+08 7.473388962500000000000000000000e+07 7.473388962500000000000000000000e+07 4.400000000000000000000000000000e+01
