0.000000000000000000000000000000e+00 1.000000000000000000000000000000e+03 1.000000000000000000000000000000e+03 0.000000000000000000000000000000e+00
9.990000000000000000000000000000e+02 1.500000000000000000000000000000e+03 1.500000000000000000000000000000e+03 1.000000000000000000000000000000e+00
2.498000000000000000000000000000e+03 3.000000000000000000000000000000e+03 3.000000000000000000000000000000e+03 2.000000000000000000000000000000e+00
5.497000000000000000000000000000e+03 6.000000000000000000000000000000e+03 6.000000000000000000000000000000e+03 3.000000000000000000000000000000e+00
1.149600000000000000000000000000e+04 9.000000000000000000000000000000e+03 9.000000000000000000000000000000e+03 4.000000000000000000000000000000e+00
2.049500000000000000000000000000e+04 1.350000000000000000000000000000e+04 1.350000000000000000000000000000e+04 5.000000000000000000000000000000e+00
3.399400000000000000000000000000e+04 2.025000000000000000000000000000e+04 2.025000000000000000000000000000e+04 6.000000000000000000000000000000e+00
5.424300000000000000000000000000e+04 3.037500000000000000000000000000e+04 3.037500000000000000000000000000e+04 7.000000000000000000000000000000e+00
8.461700000000000000000000000000e+04 4.556250000000000000000000000000e+04 4.556250000000000000000000000000e+04 8.000000000000000000000000000000e+00
1.301785000000000000000000000000e+05 6.834375000000000000000000000000e+04 6.834375000000000000000000000000e+04 9.000000000000000000000000000000e+00
1.985212500000000000000000000000e+05 1.025156250000000000000000000000e+05 1.025156250000000000000000000000e+05 1.000000000000000000000000000000e+01
3.010358750000000000000000000000e+05 1.537734375000000000000000000000e+05 1.537734375000000000000000000000e+05 1.100000000000000000000000000000e+01
4.548083125000000000000000000000e+05 2.306601562500000000000000000000e+05 2.306601562500000000000000000000e+05 1.200000000000000000000000000000e+01
6.854674687500000000000000000000e+05 3.459902343750000000000000000000e+05 3.459902343750000000000000000000e+05 1.300000000000000000000000000000e+01
1.031456703125000000000000000000e+06 6.919804687500000000000000000000e+05 6.919804687500000000000000000000e+05 1.400000000000000000000000000000e+01
1.723436171875000000000000000000e+06 1.037970703125000000000000000000e+06 1.037970703125000000000000000000e+06 1.500000000000000000000000000000e+01
2.761405875000000000000000000000e+06 2.075941406250000000000000000000e+06 2.075941406250000000000000000000e+06 1.600000000000000000000000000000e+01
4.837346281250000000000000000000e+06 3.113912109375000000000000000000e+06 3.113912109375000000000000000000e+06 1.700000000000000000000000000000e+01
7.951257390625000000000000000000e+06 4.670868164062500000000000000000e+06 4.670868164062500000000000000000e+06 1.800000000000000000000000000000e+01
1.262212455468750000000000000000e+07 7.006302246093750000000000000000e+06 7.006302246093750000000000000000e+06 1.900000000000000000000000000000e+01
1.962842580078125000000000000000e+07 1.050945336914062500000000000000e+07 1.050945336914062500000000000000e+07 2.000000000000000000000000000000e+01
3.013787816992187500000000000000e+07 2.101890673828125000000000000000e+07 2.101890673828125000000000000000e+07 2.100000000000000000000000000000e+01
1.000000000000000000000000000000e+00 9.990000000000000000000000000000e+02 9.990000000000000000000000000000e+02 2.200000000000000000000000000000e+01
1.000000000000000000000000000000e+03 1.499000000000000000000000000000e+03 1.499000000000000000000000000000e+03 2.300000000000000000000000000000e+01
2.499000000000000000000000000000e+03 2.999000000000000000000000000000e+03 2.999000000000000000000000000000e+03 2.400000000000000000000000000000e+01
5.498000000000000000000000000000e+03 5.999000000000000000000000000000e+03 5.999000000000000000000000000000e+03 2.500000000000000000000000000000e+01
1.149700000000000000000000000000e+04 8.999000000000000000000000000000e+03 8.999000000000000000000000000000e+03 2.600000000000000000000000000000e+01
2.049600000000000000000000000000e+04 1.349900000000000000000000000000e+04 1.349900000000000000000000000000e+04 2.700000000000000000000000000000e+01
3.399500000000000000000000000000e+04 2.024900000000000000000000000000e+04 2.024900000000000000000000000000e+04 2.800000000000000000000000000000e+01
5.424400000000000000000000000000e+04 3.037400000000000000000000000000e+04 3.037400000000000000000000000000e+04 2.900000000000000000000000000000e+01
8.461800000000000000000000000000e+04 4.556150000000000000000000000000e+04 4.556150000000000000000000000000e+04 3.000000000000000000000000000000e+01
1.301795000000000000000000000000e+05 6.834275000000000000000000000000e+04 6.834275000000000000000000000000e+04 3.100000000000000000000000000000e+01
1.985222500000000000000000000000e+05 1.025146250000000000000000000000e+05 1.025146250000000000000000000000e+05 3.200000000000000000000000000000e+01
3.010368750000000000000000000000e+05 1.537724375000000000000000000000e+05 1.537724375000000000000000000000e+05 3.300000000000000000000000000000e+01
4.548093125000000000000000000000e+05 2.306591562500000000000000000000e+05 2.306591562500000000000000000000e+05 3.400000000000000000000000000000e+01
6.854684687500000000000000000000e+05 3.459892343750000000000000000000e+05 3.459892343750000000000000000000e+05 3.500000000000000000000000000000e+01
1.031457703125000000000000000000e+06 6.919794687500000000000000000000e+05 6.919794687500000000000000000000e+05 3.600000000000000000000000000000e+01
1.723437171875000000000000000000e+06 1.037969703125000000000000000000e+06 1.037969703125000000000000000000e+06 3.700000000000000000000000000000e+01
2.761406875000000000000000000000e+06 2.075940406250000000000000000000e+06 2.075940406250000000000000000000e+06 3.800000000000000000000000000000e+01
4.837347281250000000000000000000e+06 3.113911109375000000000000000000e+06 3.113911109375000000000000000000e+06 3.900000000000000000000000000000e+01
7.951258390625000000000000000000e+06 4.670867164062500000000000000000e+06 4.670867164062500000000000000000e+06 4.000000000000000000000000000000e+01
1.262212555468750000000000000000e+07 7.006301246093750000000000000000e+06 7.006301246093750000000000000000e+06 4.100000000000000000000000000000e+01
1.962842680078125000000000000000e+07 1.050945236914062500000000000000e+07 1.050945236914062500000000000000e+07 4.200000000000000000000000000000e+01
3.013787916992187500000000000000e+07 2.101890473828125000000000000000e+07 2.101890473828125000000000000000e+07 4.300000000000000000000000000000e+01
5.115678390820312500000000000000e+07 4.203781247656250000000000000000e+07 4.203781247656250000000000000000e+07 4.400000000000000000000000000000e+01
