0.000000000000000000000000000000e+00 1.000000000000000000000000000000e+03 1.000000000000000000000000000000e+03 0.000000000000000000000000000000e+00
9.990000000000000000000000000000e+02 2.000000000000000000000000000000e+03 2.000000000000000000000000000000e+03 1.000000000000000000000000000000e+00
2.998000000000000000000000000000e+03 4.000000000000000000000000000000e+03 4.000000000000000000000000000000e+03 2.000000000000000000000000000000e+00
6.997000000000000000000000000000e+03 8.000000000000000000000000000000e+03 8.000000000000000000000000000000e+03 3.000000000000000000000000000000e+00
1.499600000000000000000000000000e+04 1.600000000000000000000000000000e+04 1.600000000000000000000000000000e+04 4.000000000000000000000000000000e+00
3.099500000000000000000000000000e+04 2.400000000000000000000000000000e+04 2.400000000000000000000000000000e+04 5.000000000000000000000000000000e+00
5.499400000000000000000000000000e+04 4.800000000000000000000000000000e+04 4.800000000000000000000000000000e+04 6.000000000000000000000000000000e+00
1.029930000000000000000000000000e+05 9.600000000000000000000000000000e+04 9.600000000000000000000000000000e+04 7.000000000000000000000000000000e+00
1.989920000000000000000000000000e+05 1.920000000000000000000000000000e+05 1.920000000000000000000000000000e+05 8.000000000000000000000000000000e+00
3.909910000000000000000000000000e+05 3.840000000000000000000000000000e+05 3.840000000000000000000000000000e+05 9.000000000000000000000000000000e+00
7.749900000000000000000000000000e+05 5.760000000000000000000000000000e+05 5.760000000000000000000000000000e+05 1.000000000000000000000000000000e+01
1.350989000000000000000000000000e+06 1.152000000000000000000000000000e+06 1.152000000000000000000000000000e+06 1.100000000000000000000000000000e+01
2.502988000000000000000000000000e+06 1.728000000000000000000000000000e+06 1.728000000000000000000000000000e+06 1.200000000000000000000000000000e+01
4.230987000000000000000000000000e+06 2.592000000000000000000000000000e+06 2.592000000000000000000000000000e+06 1.300000000000000000000000000000e+01
6.822986000000000000000000000000e+06 5.184000000000000000000000000000e+06 5.184000000000000000000000000000e+06 1.400000000000000000000000000000e+01
1.200698500000000000000000000000e+07 7.776000000000000000000000000000e+06 7.776000000000000000000000000000e+06 1.500000000000000000000000000000e+01
1.978298400000000000000000000000e+07 1.166400000000000000000000000000e+07 1.166400000000000000000000000000e+07 1.600000000000000000000000000000e+01
3.144698300000000000000000000000e+07 2.332800000000000000000000000000e+07 2.332800000000000000000000000000e+07 1.700000000000000000000000000000e+01
5.477498200000000000000000000000e+07 4.665600000000000000000000000000e+07 4.665600000000000000000000000000e+07 1.800000000000000000000000000000e+01
1.014309810000000000000000000000e+08 9.331200000000000000000000000000e+07 9.331200000000000000000000000000e+07 1.900000000000000000000000000000e+01
1.947429800000000000000000000000e+08 1.866240000000000000000000000000e+08 1.866240000000000000000000000000e+08 2.000000000000000000000000000000e+01
3.813669790000000000000000000000e+08 3.732480000000000000000000000000e+08 3.732480000000000000000000000000e+08 2.100000000000000000000000000000e+01
1.000000000000000000000000000000e+00 9.990000000000000000000000000000e+02 9.990000000000000000000000000000e+02 2.200000000000000000000000000000e+01
1.000000000000000000000000000000e+03 1.999000000000000000000000000000e+03 1.999000000000000000000000000000e+03 2.300000000000000000000000000000e+01
2.999000000000000000000000000000e+03 3.999000000000000000000000000000e+03 3.999000000000000000000000000000e+03 2.400000000000000000000000000000e+01
6.998000000000000000000000000000e+03 7.999000000000000000000000000000e+03 7.999000000000000000000000000000e+03 2.500000000000000000000000000000e+01
1.499700000000000000000000000000e+04 1.599900000000000000000000000000e+04 1.599900000000000000000000000000e+04 2.600000000000000000000000000000e+01
3.099600000000000000000000000000e+04 2.399900000000000000000000000000e+04 2.399900000000000000000000000000e+04 2.700000000000000000000000000000e+01
5.499500000000000000000000000000e+04 4.799900000000000000000000000000e+04 4.799900000000000000000000000000e+04 2.800000000000000000000000000000e+01
1.029940000000000000000000000000e+05 9.599900000000000000000000000000e+04 9.599900000000000000000000000000e+04 2.900000000000000000000000000000e+01
1.989930000000000000000000000000e+05 1.919990000000000000000000000000e+05 1.919990000000000000000000000000e+05 3.000000000000000000000000000000e+01
3.909920000000000000000000000000e+05 3.839990000000000000000000000000e+05 3.839990000000000000000000000000e+05 3.100000000000000000000000000000e+01
7.749910000000000000000000000000e+05 5.759990000000000000000000000000e+05 5.759990000000000000000000000000e+05 3.200000000000000000000000000000e+01
1.350990000000000000000000000000e+06 1.151999000000000000000000000000e+06 1.151999000000000000000000000000e+06 3.300000000000000000000000000000e+01
2.502989000000000000000000000000e+06 1.727999000000000000000000000000e+06 1.727999000000000000000000000000e+06 3.400000000000000000000000000000e+01
4.230988000000000000000000000000e+06 2.591999000000000000000000000000e+06 2.591999000000000000000000000000e+06 3.500000000000000000000000000000e+01
6.822987000000000000000000000000e+06 5.183999000000000000000000000000e+06 5.183999000000000000000000000000e+06 3.600000000000000000000000000000e+01
1.200698600000000000000000000000e+07 7.775999000000000000000000000000e+06 7.775999000000000000000000000000e+06 3.700000000000000000000000000000e+01
1.978298500000000000000000000000e+07 1.166399900000000000000000000000e+07 1.166399900000000000000000000000e+07 3.800000000000000000000000000000e+01
3.144698400000000000000000000000e+07 2.332799900000000000000000000000e+07 2.332799900000000000000000000000e+07 3.900000000000000000000000000000e+01
5.477498300000000000000000000000e+07 4.665599900000000000000000000000e+07 4.665599900000000000000000000000e+07 4.000000000000000000000000000000e+01
1.014309820000000000000000000000e+08 9.331199900000000000000000000000e+07 9.331199900000000000000000000000e+07 4.100000000000000000000000000000e+01
1.947429810000000000000000000000e+08 1.866239990000000000000000000000e+08 1.866239990000000000000000000000e+08 4.200000000000000000000000000000e+01
3.813669800000000000000000000000e+08 3.732479980000000000000000000000e+08 3.732479980000000000000000000000e+08 4.300000000000000000000000000000e+01
7.546149780000000000000000000000e+08 5.598719990000000000000000000000e+08 5.598719990000000000000000000000e+08 4.400000000000000000000000000000e+01
