0.000000000000000000000000000000e+00 1.000000000000000000000000000000e+03 1.000000000000000000000000000000e+03 0.000000000000000000000000000000e+00
9.990000000000000000000000000000e+02 1.500000000000000000000000000000e+03 1.500000000000000000000000000000e+03 1.000000000000000000000000000000e+00
2.498000000000000000000000000000e+03 3.000000000000000000000000000000e+03 3.000000000000000000000000000000e+03 2.000000000000000000000000000000e+00
5.497000000000000000000000000000e+03 6.000000000000000000000000000000e+03 6.000000000000000000000000000000e+03 3.000000000000000000000000000000e+00
1.149600000000000000000000000000e+04 9.000000000000000000000000000000e+03 9.000000000000000000000000000000e+03 4.000000000000000000000000000000e+00
2.049500000000000000000000000000e+04 1.350000000000000000000000000000e+04 1.350000000000000000000000000000e+04 5.000000000000000000000000000000e+00
3.399400000000000000000000000000e+04 2.700000000000000000000000000000e+04 2.700000000000000000000000000000e+04 6.000000000000000000000000000000e+00
6.099300000000000000000000000000e+04 5.400000000000000000000000000000e+04 5.400000000000000000000000000000e+04 7.000000000000000000000000000000e+00
1.149920000000000000000000000000e+05 8.100000000000000000000000000000e+04 8.100000000000000000000000000000e+04 8.000000000000000000000000000000e+00
1.959910000000000000000000000000e+05 1.620000000000000000000000000000e+05 1.620000000000000000000000000000e+05 9.000000000000000000000000000000e+00
3.579900000000000000000000000000e+05 3.240000000000000000000000000000e+05 3.240000000000000000000000000000e+05 1.000000000000000000000000000000e+01
6.819890000000000000000000000000e+05 6.480000000000000000000000000000e+05 6.480000000000000000000000000000e+05 1.100000000000000000000000000000e+01
1.329988000000000000000000000000e+06 1.296000000000000000000000000000e+06 1.296000000000000000000000000000e+06 1.200000000000000000000000000000e+01
2.625987000000000000000000000000e+06 2.592000000000000000000000000000e+06 2.592000000000000000000000000000e+06 1.300000000000000000000000000000e+01
5.217986000000000000000000000000e+06 5.184000000000000000000000000000e+06 5.184000000000000000000000000000e+06 1.400000000000000000000000000000e+01
1.040198500000000000000000000000e+07 1.036800000000000000000000000000e+07 1.036800000000000000000000000000e+07 1.500000000000000000000000000000e+01
2.076998400000000000000000000000e+07 2.073600000000000000000000000000e+07 2.073600000000000000000000000000e+07 1.600000000000000000000000000000e+01
4.150598300000000000000000000000e+07 4.147200000000000000000000000000e+07 4.147200000000000000000000000000e+07 1.700000000000000000000000000000e+01
8.297798200000000000000000000000e+07 6.220800000000000000000000000000e+07 6.220800000000000000000000000000e+07 1.800000000000000000000000000000e+01
1.451859810000000000000000000000e+08 9.331200000000000000000000000000e+07 9.331200000000000000000000000000e+07 1.900000000000000000000000000000e+01
2.384979800000000000000000000000e+08 1.866240000000000000000000000000e+08 1.866240000000000000000000000000e+08 2.000000000000000000000000000000e+01
4.251219790000000000000000000000e+08 3.732480000000000000000000000000e+08 3.732480000000000000000000000000e+08 2.100000000000000000000000000000e+01
1.000000000000000000000000000000e+00 9.990000000000000000000000000000e+02 9.990000000000000000000000000000e+02 2.200000000000000000000000000000e+01
1.000000000000000000000000000000e+03 1.499000000000000000000000000000e+03 1.499000000000000000000000000000e+03 2.300000000000000000000000000000e+01
2.499000000000000000000000000000e+03 2.999000000000000000000000000000e+03 2.999000000000000000000000000000e+03 2.400000000000000000000000000000e+01
5.498000000000000000000000000000e+03 5.999000000000000000000000000000e+03 5.999000000000000000000000000000e+03 2.500000000000000000000000000000e+01
1.149700000000000000000000000000e+04 8.999000000000000000000000000000e+03 8.999000000000000000000000000000e+03 2.600000000000000000000000000000e+01
2.049600000000000000000000000000e+04 1.349900000000000000000000000000e+04 1.349900000000000000000000000000e+04 2.700000000000000000000000000000e+01
3.399500000000000000000000000000e+04 2.699900000000000000000000000000e+04 2.699900000000000000000000000000e+04 2.800000000000000000000000000000e+01
6.099400000000000000000000000000e+04 5.399900000000000000000000000000e+04 5.399900000000000000000000000000e+04 2.900000000000000000000000000000e+01
1.149930000000000000000000000000e+05 8.099900000000000000000000000000e+04 8.099900000000000000000000000000e+04 3.000000000000000000000000000000e+01
1.959920000000000000000000000000e+05 1.619990000000000000000000000000e+05 1.619990000000000000000000000000e+05 3.100000000000000000000000000000e+01
3.579910000000000000000000000000e+05 3.239990000000000000000000000000e+05 3.239990000000000000000000000000e+05 3.200000000000000000000000000000e+01
6.819900000000000000000000000000e+05 6.479990000000000000000000000000e+05 6.479990000000000000000000000000e+05 3.300000000000000000000000000000e+01
1.329989000000000000000000000000e+06 1.295999000000000000000000000000e+06 1.295999000000000000000000000000e+06 3.400000000000000000000000000000e+01
2.625988000000000000000000000000e+06 2.591999000000000000000000000000e+06 2.591999000000000000000000000000e+06 3.500000000000000000000000000000e+01
5.217987000000000000000000000000e+06 5.183999000000000000000000000000e+06 5.183999000000000000000000000000e+06 3.600000000000000000000000000000e+01
1.040198600000000000000000000000e+07 1.036799900000000000000000000000e+07 1.036799900000000000000000000000e+07 3.700000000000000000000000000000e+01
2.076998500000000000000000000000e+07 2.073599900000000000000000000000e+07 2.073599900000000000000000000000e+07 3.800000000000000000000000000000e+01
4.150598400000000000000000000000e+07 4.147199900000000000000000000000e+07 4.147199900000000000000000000000e+07 3.900000000000000000000000000000e+01
8.297798300000000000000000000000e+07 6.220799900000000000000000000000e+07 6.220799900000000000000000000000e+07 4.000000000000000000000000000000e+01
1.451859820000000000000000000000e+08 9.331199900000000000000000000000e+07 9.331199900000000000000000000000e+07 4.100000000000000000000000000000e+01
2.384979810000000000000000000000e+08 1.866239990000000000000000000000e+08 1.866239990000000000000000000000e+08 4.200000000000000000000000000000e+01
4.251219800000000000000000000000e+08 3.732479980000000000000000000000e+08 3.732479980000000000000000000000e+08 4.300000000000000000000000000000e+01
7.983699780000000000000000000000e+08 7.464959990000000000000000000000e+08 7.464959990000000000000000000000e+08 4.400000000000000000000000000000e+01
