0.000000000000000000000000000000e+00 1.000000000000000000000000000000e+03 1.000000000000000000000000000000e+03 0.000000000000000000000000000000e+00
9.990000000000000000000000000000e+02 2.000000000000000000000000000000e+03 2.000000000000000000000000000000e+03 1.000000000000000000000000000000e+00
2.998000000000000000000000000000e+03 3.000000000000000000000000000000e+03 3.000000000000000000000000000000e+03 2.000000000000000000000000000000e+00
5.997000000000000000000000000000e+03 4.500000000000000000000000000000e+03 4.500000000000000000000000000000e+03 3.000000000000000000000000000000e+00
1.049600000000000000000000000000e+04 9.000000000000000000000000000000e+03 9.000000000000000000000000000000e+03 4.000000000000000000000000000000e+00
1.949500000000000000000000000000e+04 1.350000000000000000000000000000e+04 1.350000000000000000000000000000e+04 5.000000000000000000000000000000e+00
3.299400000000000000000000000000e+04 2.025000000000000000000000000000e+04 2.025000000000000000000000000000e+04 6.000000000000000000000000000000e+00
5.324300000000000000000000000000e+04 3.037500000000000000000000000000e+04 3.037500000000000000000000000000e+04 7.000000000000000000000000000000e+00
8.361700000000000000000000000000e+04 4.556250000000000000000000000000e+04 4.556250000000000000000000000000e+04 8.000000000000000000000000000000e+00
1.291785000000000000000000000000e+05 6.834375000000000000000000000000e+04 6.834375000000000000000000000000e+04 9.000000000000000000000000000000e+00
1.975212500000000000000000000000e+05 1.366875000000000000000000000000e+05 1.366875000000000000000000000000e+05 1.000000000000000000000000000000e+01
3.342077500000000000000000000000e+05 2.733750000000000000000000000000e+05 2.733750000000000000000000000000e+05 1.100000000000000000000000000000e+01
6.075817500000000000000000000000e+05 4.100625000000000000000000000000e+05 4.100625000000000000000000000000e+05 1.200000000000000000000000000000e+01
1.017643250000000000000000000000e+06 8.201250000000000000000000000000e+05 8.201250000000000000000000000000e+05 1.300000000000000000000000000000e+01
1.837767250000000000000000000000e+06 1.230187500000000000000000000000e+06 1.230187500000000000000000000000e+06 1.400000000000000000000000000000e+01
3.067953750000000000000000000000e+06 1.845281250000000000000000000000e+06 1.845281250000000000000000000000e+06 1.500000000000000000000000000000e+01
4.913234000000000000000000000000e+06 3.690562500000000000000000000000e+06 3.690562500000000000000000000000e+06 1.600000000000000000000000000000e+01
8.603795500000000000000000000000e+06 5.535843750000000000000000000000e+06 5.535843750000000000000000000000e+06 1.700000000000000000000000000000e+01
1.413963825000000000000000000000e+07 1.107168750000000000000000000000e+07 1.107168750000000000000000000000e+07 1.800000000000000000000000000000e+01
2.521132475000000000000000000000e+07 1.660753125000000000000000000000e+07 1.660753125000000000000000000000e+07 1.900000000000000000000000000000e+01
4.181885500000000000000000000000e+07 2.491129687500000000000000000000e+07 2.491129687500000000000000000000e+07 2.000000000000000000000000000000e+01
6.673015087500000000000000000000e+07 4.982259375000000000000000000000e+07 4.982259375000000000000000000000e+07 2.100000000000000000000000000000e+01
1.000000000000000000000000000000e+00 9.990000000000000000000000000000e+02 9.990000000000000000000000000000e+02 2.200000000000000000000000000000e+01
1.000000000000000000000000000000e+03 1.999000000000000000000000000000e+03 1.999000000000000000000000000000e+03 2.300000000000000000000000000000e+01
2.999000000000000000000000000000e+03 2.999000000000000000000000000000e+03 2.999000000000000000000000000000e+03 2.400000000000000000000000000000e+01
5.998000000000000000000000000000e+03 4.499000000000000000000000000000e+03 4.499000000000000000000000000000e+03 2.500000000000000000000000000000e+01
1.049700000000000000000000000000e+04 8.999000000000000000000000000000e+03 8.999000000000000000000000000000e+03 2.600000000000000000000000000000e+01
1.949600000000000000000000000000e+04 1.349900000000000000000000000000e+04 1.349900000000000000000000000000e+04 2.700000000000000000000000000000e+01
3.299500000000000000000000000000e+04 2.024900000000000000000000000000e+04 2.024900000000000000000000000000e+04 2.800000000000000000000000000000e+01
5.324400000000000000000000000000e+04 3.037400000000000000000000000000e+04 3.037400000000000000000000000000e+04 2.900000000000000000000000000000e+01
8.361800000000000000000000000000e+04 4.556150000000000000000000000000e+04 4.556150000000000000000000000000e+04 3.000000000000000000000000000000e+01
1.291795000000000000000000000000e+05 6.834275000000000000000000000000e+04 6.834275000000000000000000000000e+04 3.100000000000000000000000000000e+01
1.975222500000000000000000000000e+05 1.366865000000000000000000000000e+05 1.366865000000000000000000000000e+05 3.200000000000000000000000000000e+01
3.342087500000000000000000000000e+05 2.733740000000000000000000000000e+05 2.733740000000000000000000000000e+05 3.300000000000000000000000000000e+01
6.075827500000000000000000000000e+05 4.100615000000000000000000000000e+05 4.100615000000000000000000000000e+05 3.400000000000000000000000000000e+01
1.017644250000000000000000000000e+06 8.201240000000000000000000000000e+05 8.201240000000000000000000000000e+05 3.500000000000000000000000000000e+01
1.837768250000000000000000000000e+06 1.230186500000000000000000000000e+06 1.230186500000000000000000000000e+06 3.600000000000000000000000000000e+01
3.067954750000000000000000000000e+06 1.845280250000000000000000000000e+06 1.845280250000000000000000000000e+06 3.700000000000000000000000000000e+01
4.913235000000000000000000000000e+06 3.690561500000000000000000000000e+06 3.690561500000000000000000000000e+06 3.800000000000000000000000000000e+01
8.603796500000000000000000000000e+06 5.535842750000000000000000000000e+06 5.535842750000000000000000000000e+06 3.900000000000000000000000000000e+01
1.413963925000000000000000000000e+07 1.107168650000000000000000000000e+07 1.107168650000000000000000000000e+07 4.000000000000000000000000000000e+01
2.521132575000000000000000000000e+07 1.660753025000000000000000000000e+07 1.660753025000000000000000000000e+07 4.100000000000000000000000000000e+01
4.181885600000000000000000000000e+07 2.491129587500000000000000000000e+07 2.491129587500000000000000000000e+07 4.200000000000000000000000000000e+01
6.673015187500000000000000000000e+07 4.982259175000000000000000000000e+07 4.982259175000000000000000000000e+07 4.300000000000000000000000000000e+01
1.165527436250000000000000000000e+08 9.964518650000000000000000000000e+07 9.964518650000000000000000000000e+07 4.400000000000000000000000000000e+01
