0.000000000000000000000000000000e+00 1.000000000000000000000000000000e+03 1.000000000000000000000000000000e+03 0.000000000000000000000000000000e+00
9.990000000000000000000000000000e+02 1.500000000000000000000000000000e+03 1.500000000000000000000000000000e+03 1.000000000000000000000000000000e+00
2.498000000000000000000000000000e+03 2.250000000000000000000000000000e+03 2.250000000000000000000000000000e+03 2.000000000000000000000000000000e+00
4.747000000000000000000000000000e+03 3.375000000000000000000000000000e+03 3.375000000000000000000000000000e+03 3.000000000000000000000000000000e+00
8.121000000000000000000000000000e+03 5.062500000000000000000000000000e+03 5.062500000000000000000000000000e+03 4.000000000000000000000000000000e+00
1.318250000000000000000000000000e+04 7.593750000000000000000000000000e+03 7.593750000000000000000000000000e+03 5.000000000000000000000000000000e+00
2.077525000000000000000000000000e+04 1.518750000000000000000000000000e+04 1.518750000000000000000000000000e+04 6.000000000000000000000000000000e+00
3.596175000000000000000000000000e+04 2.278125000000000000000000000000e+04 2.278125000000000000000000000000e+04 7.000000000000000000000000000000e+00
5.874200000000000000000000000000e+04 3.417187500000000000000000000000e+04 3.417187500000000000000000000000e+04 8.000000000000000000000000000000e+00
9.291287500000000000000000000000e+04 6.834375000000000000000000000000e+04 6.834375000000000000000000000000e+04 9.000000000000000000000000000000e+00
1.612556250000000000000000000000e+05 1.025156250000000000000000000000e+05 1.025156250000000000000000000000e+05 1.000000000000000000000000000000e+01
2.637702500000000000000000000000e+05 2.050312500000000000000000000000e+05 2.050312500000000000000000000000e+05 1.100000000000000000000000000000e+01
4.688005000000000000000000000000e+05 3.075468750000000000000000000000e+05 3.075468750000000000000000000000e+05 1.200000000000000000000000000000e+01
7.763463750000000000000000000000e+05 4.613203125000000000000000000000e+05 4.613203125000000000000000000000e+05 1.300000000000000000000000000000e+01
1.237665687500000000000000000000e+06 6.919804687500000000000000000000e+05 6.919804687500000000000000000000e+05 1.400000000000000000000000000000e+01
1.929645156250000000000000000000e+06 1.037970703125000000000000000000e+06 1.037970703125000000000000000000e+06 1.500000000000000000000000000000e+01
2.967614859375000000000000000000e+06 1.556956054687500000000000000000e+06 1.556956054687500000000000000000e+06 1.600000000000000000000000000000e+01
4.524569914062500000000000000000e+06 3.113912109375000000000000000000e+06 3.113912109375000000000000000000e+06 1.700000000000000000000000000000e+01
7.638481023437500000000000000000e+06 4.670868164062500000000000000000e+06 4.670868164062500000000000000000e+06 1.800000000000000000000000000000e+01
1.230934818750000000000000000000e+07 7.006302246093750000000000000000e+06 7.006302246093750000000000000000e+06 1.900000000000000000000000000000e+01
1.931564943359375000000000000000e+07 1.050945336914062500000000000000e+07 1.050945336914062500000000000000e+07 2.000000000000000000000000000000e+01
2.982510180273437500000000000000e+07 2.101890673828125000000000000000e+07 2.101890673828125000000000000000e+07 2.100000000000000000000000000000e+01
1.000000000000000000000000000000e+00 9.990000000000000000000000000000e+02 9.990000000000000000000000000000e+02 2.200000000000000000000000000000e+01
1.000000000000000000000000000000e+03 1.499000000000000000000000000000e+03 1.499000000000000000000000000000e+03 2.300000000000000000000000000000e+01
2.499000000000000000000000000000e+03 2.249000000000000000000000000000e+03 2.249000000000000000000000000000e+03 2.400000000000000000000000000000e+01
4.748000000000000000000000000000e+03 3.374000000000000000000000000000e+03 3.374000000000000000000000000000e+03 2.500000000000000000000000000000e+01
8.122000000000000000000000000000e+03 5.061500000000000000000000000000e+03 5.061500000000000000000000000000e+03 2.600000000000000000000000000000e+01
1.318350000000000000000000000000e+04 7.592750000000000000000000000000e+03 7.592750000000000000000000000000e+03 2.700000000000000000000000000000e+01
2.077625000000000000000000000000e+04 1.518650000000000000000000000000e+04 1.518650000000000000000000000000e+04 2.800000000000000000000000000000e+01
3.596275000000000000000000000000e+04 2.278025000000000000000000000000e+04 2.278025000000000000000000000000e+04 2.900000000000000000000000000000e+01
5.874300000000000000000000000000e+04 3.417087500000000000000000000000e+04 3.417087500000000000000000000000e+04 3.000000000000000000000000000000e+01
9.291387500000000000000000000000e+04 6.834275000000000000000000000000e+04 6.834275000000000000000000000000e+04 3.100000000000000000000000000000e+01
1.612566250000000000000000000000e+05 1.025146250000000000000000000000e+05 1.025146250000000000000000000000e+05 3.200000000000000000000000000000e+01
2.637712500000000000000000000000e+05 2.050302500000000000000000000000e+05 2.050302500000000000000000000000e+05 3.300000000000000000000000000000e+01
4.688015000000000000000000000000e+05 3.075458750000000000000000000000e+05 3.075458750000000000000000000000e+05 3.400000000000000000000000000000e+01
7.763473750000000000000000000000e+05 4.613193125000000000000000000000e+05 4.613193125000000000000000000000e+05 3.500000000000000000000000000000e+01
1.237666687500000000000000000000e+06 6.919794687500000000000000000000e+05 6.919794687500000000000000000000e+05 3.600000000000000000000000000000e+01
1.929646156250000000000000000000e+06 1.037969703125000000000000000000e+06 1.037969703125000000000000000000e+06 3.700000000000000000000000000000e+01
2.967615859375000000000000000000e+06 1.556955054687500000000000000000e+06 1.556955054687500000000000000000e+06 3.800000000000000000000000000000e+01
4.524570914062500000000000000000e+06 3.113911109375000000000000000000e+06 3.113911109375000000000000000000e+06 3.900000000000000000000000000000e+01
7.638482023437500000000000000000e+06 4.670867164062500000000000000000e+06 4.670867164062500000000000000000e+06 4.000000000000000000000000000000e+01
1.230934918750000000000000000000e+07 7.006301246093750000000000000000e+06 7.006301246093750000000000000000e+06 4.100000000000000000000000000000e+01
1.931565043359375000000000000000e+07 1.050945236914062500000000000000e+07 1.050945236914062500000000000000e+07 4.200000000000000000000000000000e+01
2.982510280273437500000000000000e+07 2.101890473828125000000000000000e+07 2.101890473828125000000000000000e+07 4.300000000000000000000000000000e+01
5.084400754101562500000000000000e+07 4.203781247656250000000000000000e+07 4.203781247656250000000000000000e+07 4.400000000000000000000000000000e+01
