0.000000000000000000000000000000e+00 1.000000000000000000000000000000e+03 1.000000000000000000000000000000e+03 0.000000000000000000000000000000e+00
9.990000000000000000000000000000e+02 2.000000000000000000000000000000e+03 2.000000000000000000000000000000e+03 1.000000000000000000000000000000e+00
2.998000000000000000000000000000e+03 4.000000000000000000000000000000e+03 4.000000000000000000000000000000e+03 2.000000000000000000000000000000e+00
6.997000000000000000000000000000e+03 8.000000000000000000000000000000e+03 8.000000000000000000000000000000e+03 3.000000000000000000000000000000e+00
1.499600000000000000000000000000e+04 1.200000000000000000000000000000e+04 1.200000000000000000000000000000e+04 4.000000000000000000000000000000e+00
2.699500000000000000000000000000e+04 1.800000000000000000000000000000e+04 1.800000000000000000000000000000e+04 5.000000000000000000000000000000e+00
4.499400000000000000000000000000e+04 2.700000000000000000000000000000e+04 2.700000000000000000000000000000e+04 6.000000000000000000000000000000e+00
7.199300000000000000000000000000e+04 4.050000000000000000000000000000e+04 4.050000000000000000000000000000e+04 7.000000000000000000000000000000e+00
1.124920000000000000000000000000e+05 8.100000000000000000000000000000e+04 8.100000000000000000000000000000e+04 8.000000000000000000000000000000e+00
1.934910000000000000000000000000e+05 1.620000000000000000000000000000e+05 1.620000000000000000000000000000e+05 9.000000000000000000000000000000e+00
3.554900000000000000000000000000e+05 3.240000000000000000000000000000e+05 3.240000000000000000000000000000e+05 1.000000000000000000000000000000e+01
6.794890000000000000000000000000e+05 4.860000000000000000000000000000e+05 4.860000000000000000000000000000e+05 1.100000000000000000000000000000e+01
1.165488000000000000000000000000e+06 9.720000000000000000000000000000e+05 9.720000000000000000000000000000e+05 1.200000000000000000000000000000e+01
2.137487000000000000000000000000e+06 1.944000000000000000000000000000e+06 1.944000000000000000000000000000e+06 1.300000000000000000000000000000e+01
4.081486000000000000000000000000e+06 3.888000000000000000000000000000e+06 3.888000000000000000000000000000e+06 1.400000000000000000000000000000e+01
7.969485000000000000000000000000e+06 7.776000000000000000000000000000e+06 7.776000000000000000000000000000e+06 1.500000000000000000000000000000e+01
1.574548400000000000000000000000e+07 1.555200000000000000000000000000e+07 1.555200000000000000000000000000e+07 1.600000000000000000000000000000e+01
3.129748300000000000000000000000e+07 2.332800000000000000000000000000e+07 2.332800000000000000000000000000e+07 1.700000000000000000000000000000e+01
5.462548200000000000000000000000e+07 4.665600000000000000000000000000e+07 4.665600000000000000000000000000e+07 1.800000000000000000000000000000e+01
1.012814810000000000000000000000e+08 9.331200000000000000000000000000e+07 9.331200000000000000000000000000e+07 1.900000000000000000000000000000e+01
1.945934800000000000000000000000e+08 1.866240000000000000000000000000e+08 1.866240000000000000000000000000e+08 2.000000000000000000000000000000e+01
3.812174790000000000000000000000e+08 3.732480000000000000000000000000e+08 3.732480000000000000000000000000e+08 2.100000000000000000000000000000e+01
1.000000000000000000000000000000e+00 9.990000000000000000000000000000e+02 9.990000000000000000000000000000e+02 2.200000000000000000000000000000e+01
1.000000000000000000000000000000e+03 1.999000000000000000000000000000e+03 1.999000000000000000000000000000e+03 2.300000000000000000000000000000e+01
2.999000000000000000000000000000e+03 3.999000000000000000000000000000e+03 3.999000000000000000000000000000e+03 2.400000000000000000000000000000e+01
6.998000000000000000000000000000e+03 7.999000000000000000000000000000e+03 7.999000000000000000000000000000e+03 2.500000000000000000000000000000e+01
1.499700000000000000000000000000e+04 1.199900000000000000000000000000e+04 1.199900000000000000000000000000e+04 2.600000000000000000000000000000e+01
2.699600000000000000000000000000e+04 1.799900000000000000000000000000e+04 1.799900000000000000000000000000e+04 2.700000000000000000000000000000e+01
4.499500000000000000000000000000e+04 2.699900000000000000000000000000e+04 2.699900000000000000000000000000e+04 2.800000000000000000000000000000e+01
7.199400000000000000000000000000e+04 4.049900000000000000000000000000e+04 4.049900000000000000000000000000e+04 2.900000000000000000000000000000e+01
1.124930000000000000000000000000e+05 8.099900000000000000000000000000e+04 8.099900000000000000000000000000e+04 3.000000000000000000000000000000e+01
1.934920000000000000000000000000e+05 1.619990000000000000000000000000e+05 1.619990000000000000000000000000e+05 3.100000000000000000000000000000e+01
3.554910000000000000000000000000e+05 3.239990000000000000000000000000e+05 3.239990000000000000000000000000e+05 3.200000000000000000000000000000e+01
6.794900000000000000000000000000e+05 4.859990000000000000000000000000e+05 4.859990000000000000000000000000e+05 3.300000000000000000000000000000e+01
1.165489000000000000000000000000e+06 9.719990000000000000000000000000e+05 9.719990000000000000000000000000e+05 3.400000000000000000000000000000e+01
2.137488000000000000000000000000e+06 1.943999000000000000000000000000e+06 1.943999000000000000000000000000e+06 3.500000000000000000000000000000e+01
4.081487000000000000000000000000e+06 3.887999000000000000000000000000e+06 3.887999000000000000000000000000e+06 3.600000000000000000000000000000e+01
7.969486000000000000000000000000e+06 7.775999000000000000000000000000e+06 7.775999000000000000000000000000e+06 3.700000000000000000000000000000e+01
1.574548500000000000000000000000e+07 1.555199900000000000000000000000e+07 1.555199900000000000000000000000e+07 3.800000000000000000000000000000e+01
3.129748400000000000000000000000e+07 2.332799900000000000000000000000e+07 2.332799900000000000000000000000e+07 3.900000000000000000000000000000e+01
5.462548300000000000000000000000e+07 4.665599900000000000000000000000e+07 4.665599900000000000000000000000e+07 4.000000000000000000000000000000e+01
1.012814820000000000000000000000e+08 9.331199900000000000000000000000e+07 9.331199900000000000000000000000e+07 4.100000000000000000000000000000e+01
1.945934810000000000000000000000e+08 1.866239990000000000000000000000e+08 1.866239990000000000000000000000e+08 4.200000000000000000000000000000e+01
3.812174800000000000000000000000e+08 3.732479980000000000000000000000e+08 3.732479980000000000000000000000e+08 4.300000000000000000000000000000e+01
7.544654780000000000000000000000e+08 5.598719990000000000000000000000e+08 5.598719990000000000000000000000e+08 4.400000000000000000000000000000e+01
