0.000000000000000000000000000000e+00 1.000000000000000000000000000000e+03 1.000000000000000000000000000000e+03 0.000000000000000000000000000000e+00
9.990000000000000000000000000000e+02 1.500000000000000000000000000000e+03 1.500000000000000000000000000000e+03 1.000000000000000000000000000000e+00
2.498000000000000000000000000000e+03 2.250000000000000000000000000000e+03 2.250000000000000000000000000000e+03 2.000000000000000000000000000000e+00
4.747000000000000000000000000000e+03 3.375000000000000000000000000000e+03 3.375000000000000000000000000000e+03 3.000000000000000000000000000000e+00
8.121000000000000000000000000000e+03 5.062500000000000000000000000000e+03 5.062500000000000000000000000000e+03 4.000000000000000000000000000000e+00
1.318250000000000000000000000000e+04 1.012500000000000000000000000000e+04 1.012500000000000000000000000000e+04 5.000000000000000000000000000000e+00
2.330650000000000000000000000000e+04 1.518750000000000000000000000000e+04 1.518750000000000000000000000000e+04 6.000000000000000000000000000000e+00
3.849300000000000000000000000000e+04 2.278125000000000000000000000000e+04 2.278125000000000000000000000000e+04 7.000000000000000000000000000000e+00
6.127325000000000000000000000000e+04 3.417187500000000000000000000000e+04 3.417187500000000000000000000000e+04 8.000000000000000000000000000000e+00
9.544412500000000000000000000000e+04 6.834375000000000000000000000000e+04 6.834375000000000000000000000000e+04 9.000000000000000000000000000000e+00
1.637868750000000000000000000000e+05 1.025156250000000000000000000000e+05 1.025156250000000000000000000000e+05 1.000000000000000000000000000000e+01
2.663015000000000000000000000000e+05 1.537734375000000000000000000000e+05 1.537734375000000000000000000000e+05 1.100000000000000000000000000000e+01
4.200739375000000000000000000000e+05 2.306601562500000000000000000000e+05 2.306601562500000000000000000000e+05 1.200000000000000000000000000000e+01
6.507330937500000000000000000000e+05 3.459902343750000000000000000000e+05 3.459902343750000000000000000000e+05 1.300000000000000000000000000000e+01
9.967223281250000000000000000000e+05 6.919804687500000000000000000000e+05 6.919804687500000000000000000000e+05 1.400000000000000000000000000000e+01
1.688701796875000000000000000000e+06 1.037970703125000000000000000000e+06 1.037970703125000000000000000000e+06 1.500000000000000000000000000000e+01
2.726671500000000000000000000000e+06 2.075941406250000000000000000000e+06 2.075941406250000000000000000000e+06 1.600000000000000000000000000000e+01
4.802611906250000000000000000000e+06 4.151882812500000000000000000000e+06 4.151882812500000000000000000000e+06 1.700000000000000000000000000000e+01
8.954493718750000000000000000000e+06 6.227824218750000000000000000000e+06 6.227824218750000000000000000000e+06 1.800000000000000000000000000000e+01
1.518231693750000000000000000000e+07 9.341736328125000000000000000000e+06 9.341736328125000000000000000000e+06 1.900000000000000000000000000000e+01
2.452405226562500000000000000000e+07 1.868347265625000000000000000000e+07 1.868347265625000000000000000000e+07 2.000000000000000000000000000000e+01
4.320752392187500000000000000000e+07 3.736694531250000000000000000000e+07 3.736694531250000000000000000000e+07 2.100000000000000000000000000000e+01
1.000000000000000000000000000000e+00 9.990000000000000000000000000000e+02 9.990000000000000000000000000000e+02 2.200000000000000000000000000000e+01
1.000000000000000000000000000000e+03 1.499000000000000000000000000000e+03 1.499000000000000000000000000000e+03 2.300000000000000000000000000000e+01
2.499000000000000000000000000000e+03 2.249000000000000000000000000000e+03 2.249000000000000000000000000000e+03 2.400000000000000000000000000000e+01
4.748000000000000000000000000000e+03 3.374000000000000000000000000000e+03 3.374000000000000000000000000000e+03 2.500000000000000000000000000000e+01
8.122000000000000000000000000000e+03 5.061500000000000000000000000000e+03 5.061500000000000000000000000000e+03 2.600000000000000000000000000000e+01
1.318350000000000000000000000000e+04 1.012400000000000000000000000000e+04 1.012400000000000000000000000000e+04 2.700000000000000000000000000000e+01
2.330750000000000000000000000000e+04 1.518650000000000000000000000000e+04 1.518650000000000000000000000000e+04 2.800000000000000000000000000000e+01
3.849400000000000000000000000000e+04 2.278025000000000000000000000000e+04 2.278025000000000000000000000000e+04 2.900000000000000000000000000000e+01
6.127425000000000000000000000000e+04 3.417087500000000000000000000000e+04 3.417087500000000000000000000000e+04 3.000000000000000000000000000000e+01
9.544512500000000000000000000000e+04 6.834275000000000000000000000000e+04 6.834275000000000000000000000000e+04 3.100000000000000000000000000000e+01
1.637878750000000000000000000000e+05 1.025146250000000000000000000000e+05 1.025146250000000000000000000000e+05 3.200000000000000000000000000000e+01
2.663025000000000000000000000000e+05 1.537724375000000000000000000000e+05 1.537724375000000000000000000000e+05 3.300000000000000000000000000000e+01
4.200749375000000000000000000000e+05 2.306591562500000000000000000000e+05 2.306591562500000000000000000000e+05 3.400000000000000000000000000000e+01
6.507340937500000000000000000000e+05 3.459892343750000000000000000000e+05 3.459892343750000000000000000000e+05 3.500000000000000000000000000000e+01
9.967233281250000000000000000000e+05 6.919794687500000000000000000000e+05 6.919794687500000000000000000000e+05 3.600000000000000000000000000000e+01
1.688702796875000000000000000000e+06 1.037969703125000000000000000000e+06 1.037969703125000000000000000000e+06 3.700000000000000000000000000000e+01
2.726672500000000000000000000000e+06 2.075940406250000000000000000000e+06 2.075940406250000000000000000000e+06 3.800000000000000000000000000000e+01
4.802612906250000000000000000000e+06 4.151881812500000000000000000000e+06 4.151881812500000000000000000000e+06 3.900000000000000000000000000000e+01
8.954494718750000000000000000000e+06 6.227823218750000000000000000000e+06 6.227823218750000000000000000000e+06 4.000000000000000000000000000000e+01
1.518231793750000000000000000000e+07 9.341735328125000000000000000000e+06 9.341735328125000000000000000000e+06 4.100000000000000000000000000000e+01
2.452405326562500000000000000000e+07 1.868347165625000000000000000000e+07 1.868347165625000000000000000000e+07 4.200000000000000000000000000000e+01
4.320752492187500000000000000000e+07 3.736694331250000000000000000000e+07 3.736694331250000000000000000000e+07 4.300000000000000000000000000000e+01
8.057446823437500000000000000000e+07 7.473388962500000000000000000000e+07 7.473388962500000000000000000000e+07 4.400000000000000000000000000000e+01
