0.000000000000000000000000000000e+00 1.000000000000000000000000000000e+03 1.000000000000000000000000000000e+03 0.000000000000000000000000000000e+00
9.990000000000000000000000000000e+02 1.500000000000000000000000000000e+03 1.500000000000000000000000000000e+03 1.000000000000000000000000000000e+00
2.498000000000000000000000000000e+03 3.000000000000000000000000000000e+03 3.000000000000000000000000000000e+03 2.000000000000000000000000000000e+00
5.497000000000000000000000000000e+03 6.000000000000000000000000000000e+03 6.000000000000000000000000000000e+03 3.000000000000000000000000000000e+00
1.149600000000000000000000000000e+04 9.000000000000000000000000000000e+03 9.000000000000000000000000000000e+03 4.000000000000000000000000000000e+00
2.049500000000000000000000000000e+04 1.350000000000000000000000000000e+04 1.350000000000000000000000000000e+04 5.000000000000000000000000000000e+00
3.399400000000000000000000000000e+04 2.700000000000000000000000000000e+04 2.700000000000000000000000000000e+04 6.000000000000000000000000000000e+00
6.099300000000000000000000000000e+04 4.050000000000000000000000000000e+04 4.050000000000000000000000000000e+04 7.000000000000000000000000000000e+00
1.014920000000000000000000000000e+05 8.100000000000000000000000000000e+04 8.100000000000000000000000000000e+04 8.000000000000000000000000000000e+00
1.824910000000000000000000000000e+05 1.620000000000000000000000000000e+05 1.620000000000000000000000000000e+05 9.000000000000000000000000000000e+00
3.444900000000000000000000000000e+05 3.240000000000000000000000000000e+05 3.240000000000000000000000000000e+05 1.000000000000000000000000000000e+01
6.684890000000000000000000000000e+05 6.480000000000000000000000000000e+05 6.480000000000000000000000000000e+05 1.100000000000000000000000000000e+01
1.316488000000000000000000000000e+06 1.296000000000000000000000000000e+06 1.296000000000000000000000000000e+06 1.200000000000000000000000000000e+01
2.612487000000000000000000000000e+06 2.592000000000000000000000000000e+06 2.592000000000000000000000000000e+06 1.300000000000000000000000000000e+01
5.204486000000000000000000000000e+06 5.184000000000000000000000000000e+06 5.184000000000000000000000000000e+06 1.400000000000000000000000000000e+01
1.038848500000000000000000000000e+07 7.776000000000000000000000000000e+06 7.776000000000000000000000000000e+06 1.500000000000000000000000000000e+01
1.816448400000000000000000000000e+07 1.555200000000000000000000000000e+07 1.555200000000000000000000000000e+07 1.600000000000000000000000000000e+01
3.371648300000000000000000000000e+07 3.110400000000000000000000000000e+07 3.110400000000000000000000000000e+07 1.700000000000000000000000000000e+01
6.482048200000000000000000000000e+07 4.665600000000000000000000000000e+07 4.665600000000000000000000000000e+07 1.800000000000000000000000000000e+01
1.114764810000000000000000000000e+08 9.331200000000000000000000000000e+07 9.331200000000000000000000000000e+07 1.900000000000000000000000000000e+01
2.047884800000000000000000000000e+08 1.399680000000000000000000000000e+08 1.399680000000000000000000000000e+08 2.000000000000000000000000000000e+01
3.447564790000000000000000000000e+08 2.799360000000000000000000000000e+08 2.799360000000000000000000000000e+08 2.100000000000000000000000000000e+01
1.000000000000000000000000000000e+00 9.990000000000000000000000000000e+02 9.990000000000000000000000000000e+02 2.200000000000000000000000000000e+01
1.000000000000000000000000000000e+03 1.499000000000000000000000000000e+03 1.499000000000000000000000000000e+03 2.300000000000000000000000000000e+01
2.499000000000000000000000000000e+03 2.999000000000000000000000000000e+03 2.999000000000000000000000000000e+03 2.400000000000000000000000000000e+01
5.498000000000000000000000000000e+03 5.999000000000000000000000000000e+03 5.999000000000000000000000000000e+03 2.500000000000000000000000000000e+01
1.149700000000000000000000000000e+04 8.999000000000000000000000000000e+03 8.999000000000000000000000000000e+03 2.600000000000000000000000000000e+01
2.049600000000000000000000000000e+04 1.349900000000000000000000000000e+04 1.349900000000000000000000000000e+04 2.700000000000000000000000000000e+01
3.399500000000000000000000000000e+04 2.699900000000000000000000000000e+04 2.699900000000000000000000000000e+04 2.800000000000000000000000000000e+01
6.099400000000000000000000000000e+04 4.049900000000000000000000000000e+04 4.049900000000000000000000000000e+04 2.900000000000000000000000000000e+01
1.014930000000000000000000000000e+05 8.099900000000000000000000000000e+04 8.099900000000000000000000000000e+04 3.000000000000000000000000000000e+01
1.824920000000000000000000000000e+05 1.619990000000000000000000000000e+05 1.619990000000000000000000000000e+05 3.100000000000000000000000000000e+01
3.444910000000000000000000000000e+05 3.239990000000000000000000000000e+05 3.239990000000000000000000000000e+05 3.200000000000000000000000000000e+01
6.684900000000000000000000000000e+05 6.479990000000000000000000000000e+05 6.479990000000000000000000000000e+05 3.300000000000000000000000000000e+01
1.316489000000000000000000000000e+06 1.295999000000000000000000000000e+06 1.295999000000000000000000000000e+06 3.400000000000000000000000000000e+01
2.612488000000000000000000000000e+06 2.591999000000000000000000000000e+06 2.591999000000000000000000000000e+06 3.500000000000000000000000000000e+01
5.204487000000000000000000000000e+06 5.183999000000000000000000000000e+06 5.183999000000000000000000000000e+06 3.600000000000000000000000000000e+01
1.038848600000000000000000000000e+07 7.775999000000000000000000000000e+06 7.775999000000000000000000000000e+06 3.700000000000000000000000000000e+01
1.816448500000000000000000000000e+07 1.555199900000000000000000000000e+07 1.555199900000000000000000000000e+07 3.800000000000000000000000000000e+01
3.371648400000000000000000000000e+07 3.110399900000000000000000000000e+07 3.110399900000000000000000000000e+07 3.900000000000000000000000000000e+01
6.482048300000000000000000000000e+07 4.665599900000000000000000000000e+07 4.665599900000000000000000000000e+07 4.000000000000000000000000000000e+01
1.114764820000000000000000000000e+08 9.331199900000000000000000000000e+07 9.331199900000000000000000000000e+07 4.100000000000000000000000000000e+01
2.047884810000000000000000000000e+08 1.399679990000000000000000000000e+08 1.399679990000000000000000000000e+08 4.200000000000000000000000000000e+01
3.447564800000000000000000000000e+08 2.799359980000000000000000000000e+08 2.799359980000000000000000000000e+08 4.300000000000000000000000000000e+01
6.246924780000000000000000000000e+08 4.199039990000000000000000000000e+08 4.199039990000000000000000000000e+08 4.400000000000000000000000000000e+01
