0.000000000000000000000000000000e+00 1.000000000000000000000000000000e+03 1.000000000000000000000000000000e+03 0.000000000000000000000000000000e+00
9.990000000000000000000000000000e+02 2.000000000000000000000000000000e+03 2.000000000000000000000000000000e+03 1.000000000000000000000000000000e+00
2.998000000000000000000000000000e+03 4.000000000000000000000000000000e+03 4.000000000000000000000000000000e+03 2.000000000000000000000000000000e+00
6.997000000000000000000000000000e+03 8.000000000000000000000000000000e+03 8.000000000000000000000000000000e+03 3.000000000000000000000000000000e+00
1.499600000000000000000000000000e+04 1.200000000000000000000000000000e+04 1.200000000000000000000000000000e+04 4.000000000000000000000000000000e+00
2.699500000000000000000000000000e+04 2.400000000000000000000000000000e+04 2.400000000000000000000000000000e+04 5.000000000000000000000000000000e+00
5.099400000000000000000000000000e+04 4.800000000000000000000000000000e+04 4.800000000000000000000000000000e+04 6.000000000000000000000000000000e+00
9.899300000000000000000000000000e+04 7.200000000000000000000000000000e+04 7.200000000000000000000000000000e+04 7.000000000000000000000000000000e+00
1.709920000000000000000000000000e+05 1.440000000000000000000000000000e+05 1.440000000000000000000000000000e+05 8.000000000000000000000000000000e+00
3.149910000000000000000000000000e+05 2.160000000000000000000000000000e+05 2.160000000000000000000000000000e+05 9.000000000000000000000000000000e+00
5.309900000000000000000000000000e+05 4.320000000000000000000000000000e+05 4.320000000000000000000000000000e+05 1.000000000000000000000000000000e+01
9.629890000000000000000000000000e+05 6.480000000000000000000000000000e+05 6.480000000000000000000000000000e+05 1.100000000000000000000000000000e+01
1.610988000000000000000000000000e+06 9.720000000000000000000000000000e+05 9.720000000000000000000000000000e+05 1.200000000000000000000000000000e+01
2.582987000000000000000000000000e+06 1.944000000000000000000000000000e+06 1.944000000000000000000000000000e+06 1.300000000000000000000000000000e+01
4.526986000000000000000000000000e+06 3.888000000000000000000000000000e+06 3.888000000000000000000000000000e+06 1.400000000000000000000000000000e+01
8.414985000000000000000000000000e+06 7.776000000000000000000000000000e+06 7.776000000000000000000000000000e+06 1.500000000000000000000000000000e+01
1.619098400000000000000000000000e+07 1.166400000000000000000000000000e+07 1.166400000000000000000000000000e+07 1.600000000000000000000000000000e+01
2.785498300000000000000000000000e+07 2.332800000000000000000000000000e+07 2.332800000000000000000000000000e+07 1.700000000000000000000000000000e+01
5.118298200000000000000000000000e+07 4.665600000000000000000000000000e+07 4.665600000000000000000000000000e+07 1.800000000000000000000000000000e+01
9.783898100000000000000000000000e+07 6.998400000000000000000000000000e+07 6.998400000000000000000000000000e+07 1.900000000000000000000000000000e+01
1.678229800000000000000000000000e+08 1.399680000000000000000000000000e+08 1.399680000000000000000000000000e+08 2.000000000000000000000000000000e+01
3.077909790000000000000000000000e+08 2.099520000000000000000000000000e+08 2.099520000000000000000000000000e+08 2.100000000000000000000000000000e+01
1.000000000000000000000000000000e+00 9.990000000000000000000000000000e+02 9.990000000000000000000000000000e+02 2.200000000000000000000000000000e+01
1.000000000000000000000000000000e+03 1.999000000000000000000000000000e+03 1.999000000000000000000000000000e+03 2.300000000000000000000000000000e+01
2.999000000000000000000000000000e+03 3.999000000000000000000000000000e+03 3.999000000000000000000000000000e+03 2.400000000000000000000000000000e+01
6.998000000000000000000000000000e+03 7.999000000000000000000000000000e+03 7.999000000000000000000000000000e+03 2.500000000000000000000000000000e+01
1.499700000000000000000000000000e+04 1.199900000000000000000000000000e+04 1.199900000000000000000000000000e+04 2.600000000000000000000000000000e+01
2.699600000000000000000000000000e+04 2.399900000000000000000000000000e+04 2.399900000000000000000000000000e+04 2.700000000000000000000000000000e+01
5.099500000000000000000000000000e+04 4.799900000000000000000000000000e+04 4.799900000000000000000000000000e+04 2.800000000000000000000000000000e+01
9.899400000000000000000000000000e+04 7.199900000000000000000000000000e+04 7.199900000000000000000000000000e+04 2.900000000000000000000000000000e+01
1.709930000000000000000000000000e+05 1.439990000000000000000000000000e+05 1.439990000000000000000000000000e+05 3.000000000000000000000000000000e+01
3.149920000000000000000000000000e+05 2.159990000000000000000000000000e+05 2.159990000000000000000000000000e+05 3.100000000000000000000000000000e+01
5.309910000000000000000000000000e+05 4.319990000000000000000000000000e+05 4.319990000000000000000000000000e+05 3.200000000000000000000000000000e+01
9.629900000000000000000000000000e+05 6.479990000000000000000000000000e+05 6.479990000000000000000000000000e+05 3.300000000000000000000000000000e+01
1.610989000000000000000000000000e+06 9.719990000000000000000000000000e+05 9.719990000000000000000000000000e+05 3.400000000000000000000000000000e+01
2.582988000000000000000000000000e+06 1.943999000000000000000000000000e+06 1.943999000000000000000000000000e+06 3.500000000000000000000000000000e+01
4.526987000000000000000000000000e+06 3.887999000000000000000000000000e+06 3.887999000000000000000000000000e+06 3.600000000000000000000000000000e+01
8.414986000000000000000000000000e+06 7.775999000000000000000000000000e+06 7.775999000000000000000000000000e+06 3.700000000000000000000000000000e+01
1.619098500000000000000000000000e+07 1.166399900000000000000000000000e+07 1.166399900000000000000000000000e+07 3.800000000000000000000000000000e+01
2.785498400000000000000000000000e+07 2.332799900000000000000000000000e+07 2.332799900000000000000000000000e+07 3.900000000000000000000000000000e+01
5.118298300000000000000000000000e+07 4.665599900000000000000000000000e+07 4.665599900000000000000000000000e+07 4.000000000000000000000000000000e+01
9.783898200000000000000000000000e+07 6.998399900000000000000000000000e+07 6.998399900000000000000000000000e+07 4.100000000000000000000000000000e+01
1.678229810000000000000000000000e+08 1.399679990000000000000000000000e+08 1.399679990000000000000000000000e+08 4.200000000000000000000000000000e+01
3.077909800000000000000000000000e+08 2.099519980000000000000000000000e+08 2.099519980000000000000000000000e+08 4.300000000000000000000000000000e+01
5.177429780000000000000000000000e+08 3.149279990000000000000000000000e+08 3.149279990000000000000000000000e+08 4.400000000000000000000000000000e+01
