0.000000000000000000000000000000e+00 1.000000000000000000000000000000e+03 1.000000000000000000000000000000e+03 0.000000000000000000000000000000e+00
9.990000000000000000000000000000e+02 1.500000000000000000000000000000e+03 1.500000000000000000000000000000e+03 1.000000000000000000000000000000e+00
2.498000000000000000000000000000e+03 3.000000000000000000000000000000e+03 3.000000000000000000000000000000e+03 2.000000000000000000000000000000e+00
5.497000000000000000000000000000e+03 6.000000000000000000000000000000e+03 6.000000000000000000000000000000e+03 3.000000000000000000000000000000e+00
1.149600000000000000000000000000e+04 1.200000000000000000000000000000e+04 1.200000000000000000000000000000e+04 4.000000000000000000000000000000e+00
2.349500000000000000000000000000e+04 2.400000000000000000000000000000e+04 2.400000000000000000000000000000e+04 5.000000000000000000000000000000e+00
4.749400000000000000000000000000e+04 4.800000000000000000000000000000e+04 4.800000000000000000000000000000e+04 6.000000000000000000000000000000e+00
9.549300000000000000000000000000e+04 7.200000000000000000000000000000e+04 7.200000000000000000000000000000e+04 7.000000000000000000000000000000e+00
1.674920000000000000000000000000e+05 1.080000000000000000000000000000e+05 1.080000000000000000000000000000e+05 8.000000000000000000000000000000e+00
2.754910000000000000000000000000e+05 2.160000000000000000000000000000e+05 2.160000000000000000000000000000e+05 9.000000000000000000000000000000e+00
4.914900000000000000000000000000e+05 4.320000000000000000000000000000e+05 4.320000000000000000000000000000e+05 1.000000000000000000000000000000e+01
9.234890000000000000000000000000e+05 6.480000000000000000000000000000e+05 6.480000000000000000000000000000e+05 1.100000000000000000000000000000e+01
1.571488000000000000000000000000e+06 1.296000000000000000000000000000e+06 1.296000000000000000000000000000e+06 1.200000000000000000000000000000e+01
2.867487000000000000000000000000e+06 1.944000000000000000000000000000e+06 1.944000000000000000000000000000e+06 1.300000000000000000000000000000e+01
4.811486000000000000000000000000e+06 2.916000000000000000000000000000e+06 2.916000000000000000000000000000e+06 1.400000000000000000000000000000e+01
7.727485000000000000000000000000e+06 5.832000000000000000000000000000e+06 5.832000000000000000000000000000e+06 1.500000000000000000000000000000e+01
1.355948400000000000000000000000e+07 8.748000000000000000000000000000e+06 8.748000000000000000000000000000e+06 1.600000000000000000000000000000e+01
2.230748300000000000000000000000e+07 1.312200000000000000000000000000e+07 1.312200000000000000000000000000e+07 1.700000000000000000000000000000e+01
3.542948200000000000000000000000e+07 1.968300000000000000000000000000e+07 1.968300000000000000000000000000e+07 1.800000000000000000000000000000e+01
5.511248100000000000000000000000e+07 2.952450000000000000000000000000e+07 2.952450000000000000000000000000e+07 1.900000000000000000000000000000e+01
8.463698000000000000000000000000e+07 5.904900000000000000000000000000e+07 5.904900000000000000000000000000e+07 2.000000000000000000000000000000e+01
1.436859790000000000000000000000e+08 1.180980000000000000000000000000e+08 1.180980000000000000000000000000e+08 2.100000000000000000000000000000e+01
1.000000000000000000000000000000e+00 9.990000000000000000000000000000e+02 9.990000000000000000000000000000e+02 2.200000000000000000000000000000e+01
1.000000000000000000000000000000e+03 1.499000000000000000000000000000e+03 1.499000000000000000000000000000e+03 2.300000000000000000000000000000e+01
2.499000000000000000000000000000e+03 2.999000000000000000000000000000e+03 2.999000000000000000000000000000e+03 2.400000000000000000000000000000e+01
5.498000000000000000000000000000e+03 5.999000000000000000000000000000e+03 5.999000000000000000000000000000e+03 2.500000000000000000000000000000e+01
1.149700000000000000000000000000e+04 1.199900000000000000000000000000e+04 1.199900000000000000000000000000e+04 2.600000000000000000000000000000e+01
2.349600000000000000000000000000e+04 2.399900000000000000000000000000e+04 2.399900000000000000000000000000e+04 2.700000000000000000000000000000e+01
4.749500000000000000000000000000e+04 4.799900000000000000000000000000e+04 4.799900000000000000000000000000e+04 2.800000000000000000000000000000e+01
9.549400000000000000000000000000e+04 7.199900000000000000000000000000e+04 7.199900000000000000000000000000e+04 2.900000000000000000000000000000e+01
1.674930000000000000000000000000e+05 1.079990000000000000000000000000e+05 1.079990000000000000000000000000e+05 3.000000000000000000000000000000e+01
2.754920000000000000000000000000e+05 2.159990000000000000000000000000e+05 2.159990000000000000000000000000e+05 3.100000000000000000000000000000e+01
4.914910000000000000000000000000e+05 4.319990000000000000000000000000e+05 4.319990000000000000000000000000e+05 3.200000000000000000000000000000e+01
9.234900000000000000000000000000e+05 6.479990000000000000000000000000e+05 6.479990000000000000000000000000e+05 3.300000000000000000000000000000e+01
1.571489000000000000000000000000e+06 1.295999000000000000000000000000e+06 1.295999000000000000000000000000e+06 3.400000000000000000000000000000e+01
2.867488000000000000000000000000e+06 1.943999000000000000000000000000e+06 1.943999000000000000000000000000e+06 3.500000000000000000000000000000e+01
4.811487000000000000000000000000e+06 2.915999000000000000000000000000e+06 2.915999000000000000000000000000e+06 3.600000000000000000000000000000e+01
7.727486000000000000000000000000e+06 5.831999000000000000000000000000e+06 5.831999000000000000000000000000e+06 3.700000000000000000000000000000e+01
1.355948500000000000000000000000e+07 8.747999000000000000000000000000e+06 8.747999000000000000000000000000e+06 3.800000000000000000000000000000e+01
2.230748400000000000000000000000e+07 1.312199900000000000000000000000e+07 1.312199900000000000000000000000e+07 3.900000000000000000000000000000e+01
3.542948300000000000000000000000e+07 1.968299900000000000000000000000e+07 1.968299900000000000000000000000e+07 4.000000000000000000000000000000e+01
5.511248200000000000000000000000e+07 2.952449900000000000000000000000e+07 2.952449900000000000000000000000e+07 4.100000000000000000000000000000e+01
8.463698100000000000000000000000e+07 5.904899900000000000000000000000e+07 5.904899900000000000000000000000e+07 4.200000000000000000000000000000e+01
1.436859800000000000000000000000e+08 1.180979980000000000000000000000e+08 1.180979980000000000000000000000e+08 4.300000000000000000000000000000e+01
2.617839780000000000000000000000e+08 2.361959990000000000000000000000e+08 2.361959990000000000000000000000e+08 4.400000000000000000000000000000e+01
