0.000000000000000000000000000000e+00 1.000000000000000000000000000000e+03 1.000000000000000000000000000000e+03 0.000000000000000000000000000000e+00
9.990000000000000000000000000000e+02 1.500000000000000000000000000000e+03 1.500000000000000000000000000000e+03 1.000000000000000000000000000000e+00
2.498000000000000000000000000000e+03 2.250000000000000000000000000000e+03 2.250000000000000000000000000000e+03 2.000000000000000000000000000000e+00
4.747000000000000000000000000000e+03 3.375000000000000000000000000000e+03 3.375000000000000000000000000000e+03 3.000000000000000000000000000000e+00
8.121000000000000000000000000000e+03 5.062500000000000000000000000000e+03 5.062500000000000000000000000000e+03 4.000000000000000000000000000000e+00
1.318250000000000000000000000000e+04 1.012500000000000000000000000000e+04 1.012500000000000000000000000000e+04 5.000000000000000000000000000000e+00
2.330650000000000000000000000000e+04 2.025000000000000000000000000000e+04 2.025000000000000000000000000000e+04 6.000000000000000000000000000000e+00
4.355550000000000000000000000000e+04 4.050000000000000000000000000000e+04 4.050000000000000000000000000000e+04 7.000000000000000000000000000000e+00
8.405450000000000000000000000000e+04 6.075000000000000000000000000000e+04 6.075000000000000000000000000000e+04 8.000000000000000000000000000000e+00
1.448035000000000000000000000000e+05 1.215000000000000000000000000000e+05 1.215000000000000000000000000000e+05 9.000000000000000000000000000000e+00
2.663025000000000000000000000000e+05 1.822500000000000000000000000000e+05 1.822500000000000000000000000000e+05 1.000000000000000000000000000000e+01
4.485515000000000000000000000000e+05 2.733750000000000000000000000000e+05 2.733750000000000000000000000000e+05 1.100000000000000000000000000000e+01
7.219255000000000000000000000000e+05 5.467500000000000000000000000000e+05 5.467500000000000000000000000000e+05 1.200000000000000000000000000000e+01
1.268674500000000000000000000000e+06 8.201250000000000000000000000000e+05 8.201250000000000000000000000000e+05 1.300000000000000000000000000000e+01
2.088798500000000000000000000000e+06 1.230187500000000000000000000000e+06 1.230187500000000000000000000000e+06 1.400000000000000000000000000000e+01
3.318985000000000000000000000000e+06 1.845281250000000000000000000000e+06 1.845281250000000000000000000000e+06 1.500000000000000000000000000000e+01
5.164265250000000000000000000000e+06 3.690562500000000000000000000000e+06 3.690562500000000000000000000000e+06 1.600000000000000000000000000000e+01
8.854826750000000000000000000000e+06 7.381125000000000000000000000000e+06 7.381125000000000000000000000000e+06 1.700000000000000000000000000000e+01
1.623595075000000000000000000000e+07 1.107168750000000000000000000000e+07 1.107168750000000000000000000000e+07 1.800000000000000000000000000000e+01
2.730763725000000000000000000000e+07 2.214337500000000000000000000000e+07 2.214337500000000000000000000000e+07 1.900000000000000000000000000000e+01
4.945101125000000000000000000000e+07 4.428675000000000000000000000000e+07 4.428675000000000000000000000000e+07 2.000000000000000000000000000000e+01
9.373776025000000000000000000000e+07 6.643012500000000000000000000000e+07 6.643012500000000000000000000000e+07 2.100000000000000000000000000000e+01
1.000000000000000000000000000000e+00 9.990000000000000000000000000000e+02 9.990000000000000000000000000000e+02 2.200000000000000000000000000000e+01
1.000000000000000000000000000000e+03 1.499000000000000000000000000000e+03 1.499000000000000000000000000000e+03 2.300000000000000000000000000000e+01
2.499000000000000000000000000000e+03 2.249000000000000000000000000000e+03 2.249000000000000000000000000000e+03 2.400000000000000000000000000000e+01
4.748000000000000000000000000000e+03 3.374000000000000000000000000000e+03 3.374000000000000000000000000000e+03 2.500000000000000000000000000000e+01
8.122000000000000000000000000000e+03 5.061500000000000000000000000000e+03 5.061500000000000000000000000000e+03 2.600000000000000000000000000000e+01
1.318350000000000000000000000000e+04 1.012400000000000000000000000000e+04 1.012400000000000000000000000000e+04 2.700000000000000000000000000000e+01
2.330750000000000000000000000000e+04 2.024900000000000000000000000000e+04 2.024900000000000000000000000000e+04 2.800000000000000000000000000000e+01
4.355650000000000000000000000000e+04 4.049900000000000000000000000000e+04 4.049900000000000000000000000000e+04 2.900000000000000000000000000000e+01
8.405550000000000000000000000000e+04 6.074900000000000000000000000000e+04 6.074900000000000000000000000000e+04 3.000000000000000000000000000000e+01
1.448045000000000000000000000000e+05 1.214990000000000000000000000000e+05 1.214990000000000000000000000000e+05 3.100000000000000000000000000000e+01
2.663035000000000000000000000000e+05 1.822490000000000000000000000000e+05 1.822490000000000000000000000000e+05 3.200000000000000000000000000000e+01
4.485525000000000000000000000000e+05 2.733740000000000000000000000000e+05 2.733740000000000000000000000000e+05 3.300000000000000000000000000000e+01
7.219265000000000000000000000000e+05 5.467490000000000000000000000000e+05 5.467490000000000000000000000000e+05 3.400000000000000000000000000000e+01
1.268675500000000000000000000000e+06 8.201240000000000000000000000000e+05 8.201240000000000000000000000000e+05 3.500000000000000000000000000000e+01
2.088799500000000000000000000000e+06 1.230186500000000000000000000000e+06 1.230186500000000000000000000000e+06 3.600000000000000000000000000000e+01
3.318986000000000000000000000000e+06 1.845280250000000000000000000000e+06 1.845280250000000000000000000000e+06 3.700000000000000000000000000000e+01
5.164266250000000000000000000000e+06 3.690561500000000000000000000000e+06 3.690561500000000000000000000000e+06 3.800000000000000000000000000000e+01
8.854827750000000000000000000000e+06 7.381124000000000000000000000000e+06 7.381124000000000000000000000000e+06 3.900000000000000000000000000000e+01
1.623595175000000000000000000000e+07 1.107168650000000000000000000000e+07 1.107168650000000000000000000000e+07 4.000000000000000000000000000000e+01
2.730763825000000000000000000000e+07 2.214337400000000000000000000000e+07 2.214337400000000000000000000000e+07 4.100000000000000000000000000000e+01
4.945101225000000000000000000000e+07 4.428674900000000000000000000000e+07 4.428674900000000000000000000000e+07 4.200000000000000000000000000000e+01
9.373776125000000000000000000000e+07 6.643012300000000000000000000000e+07 6.643012300000000000000000000000e+07 4.300000000000000000000000000000e+01
1.601678842500000000000000000000e+08 9.964518650000000000000000000000e+07 9.964518650000000000000000000000e+07 4.400000000000000000000000000000e+01
