0.000000000000000000000000000000e+00 1.000000000000000000000000000000e+03 1.000000000000000000000000000000e+03 0.000000000000000000000000000000e+00
9.990000000000000000000000000000e+02 2.000000000000000000000000000000e+03 2.000000000000000000000000000000e+03 1.000000000000000000000000000000e+00
2.998000000000000000000000000000e+03 3.000000000000000000000000000000e+03 3.000000000000000000000000000000e+03 2.000000000000000000000000000000e+00
5.997000000000000000000000000000e+03 6.000000000000000000000000000000e+03 6.000000000000000000000000000000e+03 3.000000000000000000000000000000e+00
1.199600000000000000000000000000e+04 1.200000000000000000000000000000e+04 1.200000000000000000000000000000e+04 4.000000000000000000000000000000e+00
2.399500000000000000000000000000e+04 2.400000000000000000000000000000e+04 2.400000000000000000000000000000e+04 5.000000000000000000000000000000e+00
4.799400000000000000000000000000e+04 4.800000000000000000000000000000e+04 4.800000000000000000000000000000e+04 6.000000000000000000000000000000e+00
9.599300000000000000000000000000e+04 7.200000000000000000000000000000e+04 7.200000000000000000000000000000e+04 7.000000000000000000000000000000e+00
1.679920000000000000000000000000e+05 1.440000000000000000000000000000e+05 1.440000000000000000000000000000e+05 8.000000000000000000000000000000e+00
3.119910000000000000000000000000e+05 2.160000000000000000000000000000e+05 2.160000000000000000000000000000e+05 9.000000000000000000000000000000e+00
5.279900000000000000000000000000e+05 4.320000000000000000000000000000e+05 4.320000000000000000000000000000e+05 1.000000000000000000000000000000e+01
9.599890000000000000000000000000e+05 6.480000000000000000000000000000e+05 6.480000000000000000000000000000e+05 1.100000000000000000000000000000e+01
1.607988000000000000000000000000e+06 9.720000000000000000000000000000e+05 9.720000000000000000000000000000e+05 1.200000000000000000000000000000e+01
2.579987000000000000000000000000e+06 1.458000000000000000000000000000e+06 1.458000000000000000000000000000e+06 1.300000000000000000000000000000e+01
4.037986000000000000000000000000e+06 2.916000000000000000000000000000e+06 2.916000000000000000000000000000e+06 1.400000000000000000000000000000e+01
6.953985000000000000000000000000e+06 5.832000000000000000000000000000e+06 5.832000000000000000000000000000e+06 1.500000000000000000000000000000e+01
1.278598400000000000000000000000e+07 1.166400000000000000000000000000e+07 1.166400000000000000000000000000e+07 1.600000000000000000000000000000e+01
2.444998300000000000000000000000e+07 1.749600000000000000000000000000e+07 1.749600000000000000000000000000e+07 1.700000000000000000000000000000e+01
4.194598200000000000000000000000e+07 3.499200000000000000000000000000e+07 3.499200000000000000000000000000e+07 1.800000000000000000000000000000e+01
7.693798100000000000000000000000e+07 5.248800000000000000000000000000e+07 5.248800000000000000000000000000e+07 1.900000000000000000000000000000e+01
1.294259800000000000000000000000e+08 7.873200000000000000000000000000e+07 7.873200000000000000000000000000e+07 2.000000000000000000000000000000e+01
2.081579790000000000000000000000e+08 1.574640000000000000000000000000e+08 1.574640000000000000000000000000e+08 2.100000000000000000000000000000e+01
1.000000000000000000000000000000e+00 9.990000000000000000000000000000e+02 9.990000000000000000000000000000e+02 2.200000000000000000000000000000e+01
1.000000000000000000000000000000e+03 1.999000000000000000000000000000e+03 1.999000000000000000000000000000e+03 2.300000000000000000000000000000e+01
2.999000000000000000000000000000e+03 2.999000000000000000000000000000e+03 2.999000000000000000000000000000e+03 2.400000000000000000000000000000e+01
5.998000000000000000000000000000e+03 5.999000000000000000000000000000e+03 5.999000000000000000000000000000e+03 2.500000000000000000000000000000e+01
1.199700000000000000000000000000e+04 1.199900000000000000000000000000e+04 1.199900000000000000000000000000e+04 2.600000000000000000000000000000e+01
2.399600000000000000000000000000e+04 2.399900000000000000000000000000e+04 2.399900000000000000000000000000e+04 2.700000000000000000000000000000e+01
4.799500000000000000000000000000e+04 4.799900000000000000000000000000e+04 4.799900000000000000000000000000e+04 2.800000000000000000000000000000e+01
9.599400000000000000000000000000e+04 7.199900000000000000000000000000e+04 7.199900000000000000000000000000e+04 2.900000000000000000000000000000e+01
1.679930000000000000000000000000e+05 1.439990000000000000000000000000e+05 1.439990000000000000000000000000e+05 3.000000000000000000000000000000e+01
3.119920000000000000000000000000e+05 2.159990000000000000000000000000e+05 2.159990000000000000000000000000e+05 3.100000000000000000000000000000e+01
5.279910000000000000000000000000e+05 4.319990000000000000000000000000e+05 4.319990000000000000000000000000e+05 3.200000000000000000000000000000e+01
9.599900000000000000000000000000e+05 6.479990000000000000000000000000e+05 6.479990000000000000000000000000e+05 3.300000000000000000000000000000e+01
1.607989000000000000000000000000e+06 9.719990000000000000000000000000e+05 9.719990000000000000000000000000e+05 3.400000000000000000000000000000e+01
2.579988000000000000000000000000e+06 1.457999000000000000000000000000e+06 1.457999000000000000000000000000e+06 3.500000000000000000000000000000e+01
4.037987000000000000000000000000e+06 2.915999000000000000000000000000e+06 2.915999000000000000000000000000e+06 3.600000000000000000000000000000e+01
6.953986000000000000000000000000e+06 5.831999000000000000000000000000e+06 5.831999000000000000000000000000e+06 3.700000000000000000000000000000e+01
1.278598500000000000000000000000e+07 1.166399900000000000000000000000e+07 1.166399900000000000000000000000e+07 3.800000000000000000000000000000e+01
2.444998400000000000000000000000e+07 1.749599900000000000000000000000e+07 1.749599900000000000000000000000e+07 3.900000000000000000000000000000e+01
4.194598300000000000000000000000e+07 3.499199900000000000000000000000e+07 3.499199900000000000000000000000e+07 4.000000000000000000000000000000e+01
7.693798200000000000000000000000e+07 5.248799900000000000000000000000e+07 5.248799900000000000000000000000e+07 4.100000000000000000000000000000e+01
1.294259810000000000000000000000e+08 7.873199900000000000000000000000e+07 7.873199900000000000000000000000e+07 4.200000000000000000000000000000e+01
2.081579800000000000000000000000e+08 1.574639980000000000000000000000e+08 1.574639980000000000000000000000e+08 4.300000000000000000000000000000e+01
3.656219780000000000000000000000e+08 2.361959990000000000000000000000e+08 2.361959990000000000000000000000e+08 4.400000000000000000000000000000e+01
