0.000000000000000000000000000000e+00 1.000000000000000000000000000000e+03 1.000000000000000000000000000000e+03 0.000000000000000000000000000000e+00
9.990000000000000000000000000000e+02 2.000000000000000000000000000000e+03 2.000000000000000000000000000000e+03 1.000000000000000000000000000000e+00
2.998000000000000000000000000000e+03 3.000000000000000000000000000000e+03 3.000000000000000000000000000000e+03 2.000000000000000000000000000000e+00
5.997000000000000000000000000000e+03 4.500000000000000000000000000000e+03 4.500000000000000000000000000000e+03 3.000000000000000000000000000000e+00
1.049600000000000000000000000000e+04 9.000000000000000000000000000000e+03 9.000000000000000000000000000000e+03 4.000000000000000000000000000000e+00
1.949500000000000000000000000000e+04 1.350000000000000000000000000000e+04 1.350000000000000000000000000000e+04 5.000000000000000000000000000000e+00
3.299400000000000000000000000000e+04 2.025000000000000000000000000000e+04 2.025000000000000000000000000000e+04 6.000000000000000000000000000000e+00
5.324300000000000000000000000000e+04 4.050000000000000000000000000000e+04 4.050000000000000000000000000000e+04 7.000000000000000000000000000000e+00
9.374200000000000000000000000000e+04 8.100000000000000000000000000000e+04 8.100000000000000000000000000000e+04 8.000000000000000000000000000000e+00
1.747410000000000000000000000000e+05 1.620000000000000000000000000000e+05 1.620000000000000000000000000000e+05 9.000000000000000000000000000000e+00
3.367400000000000000000000000000e+05 3.240000000000000000000000000000e+05 3.240000000000000000000000000000e+05 1.000000000000000000000000000000e+01
6.607390000000000000000000000000e+05 4.860000000000000000000000000000e+05 4.860000000000000000000000000000e+05 1.100000000000000000000000000000e+01
1.146738000000000000000000000000e+06 9.720000000000000000000000000000e+05 9.720000000000000000000000000000e+05 1.200000000000000000000000000000e+01
2.118737000000000000000000000000e+06 1.458000000000000000000000000000e+06 1.458000000000000000000000000000e+06 1.300000000000000000000000000000e+01
3.576736000000000000000000000000e+06 2.916000000000000000000000000000e+06 2.916000000000000000000000000000e+06 1.400000000000000000000000000000e+01
6.492735000000000000000000000000e+06 5.832000000000000000000000000000e+06 5.832000000000000000000000000000e+06 1.500000000000000000000000000000e+01
1.232473400000000000000000000000e+07 1.166400000000000000000000000000e+07 1.166400000000000000000000000000e+07 1.600000000000000000000000000000e+01
2.398873300000000000000000000000e+07 2.332800000000000000000000000000e+07 2.332800000000000000000000000000e+07 1.700000000000000000000000000000e+01
4.731673200000000000000000000000e+07 4.665600000000000000000000000000e+07 4.665600000000000000000000000000e+07 1.800000000000000000000000000000e+01
9.397273100000000000000000000000e+07 9.331200000000000000000000000000e+07 9.331200000000000000000000000000e+07 1.900000000000000000000000000000e+01
1.872847300000000000000000000000e+08 1.866240000000000000000000000000e+08 1.866240000000000000000000000000e+08 2.000000000000000000000000000000e+01
3.739087290000000000000000000000e+08 2.799360000000000000000000000000e+08 2.799360000000000000000000000000e+08 2.100000000000000000000000000000e+01
1.000000000000000000000000000000e+00 9.990000000000000000000000000000e+02 9.990000000000000000000000000000e+02 2.200000000000000000000000000000e+01
1.000000000000000000000000000000e+03 1.999000000000000000000000000000e+03 1.999000000000000000000000000000e+03 2.300000000000000000000000000000e+01
2.999000000000000000000000000000e+03 2.999000000000000000000000000000e+03 2.999000000000000000000000000000e+03 2.400000000000000000000000000000e+01
5.998000000000000000000000000000e+03 4.499000000000000000000000000000e+03 4.499000000000000000000000000000e+03 2.500000000000000000000000000000e+01
1.049700000000000000000000000000e+04 8.999000000000000000000000000000e+03 8.999000000000000000000000000000e+03 2.600000000000000000000000000000e+01
1.949600000000000000000000000000e+04 1.349900000000000000000000000000e+04 1.349900000000000000000000000000e+04 2.700000000000000000000000000000e+01
3.299500000000000000000000000000e+04 2.024900000000000000000000000000e+04 2.024900000000000000000000000000e+04 2.800000000000000000000000000000e+01
5.324400000000000000000000000000e+04 4.049900000000000000000000000000e+04 4.049900000000000000000000000000e+04 2.900000000000000000000000000000e+01
9.374300000000000000000000000000e+04 8.099900000000000000000000000000e+04 8.099900000000000000000000000000e+04 3.000000000000000000000000000000e+01
1.747420000000000000000000000000e+05 1.619990000000000000000000000000e+05 1.619990000000000000000000000000e+05 3.100000000000000000000000000000e+01
3.367410000000000000000000000000e+05 3.239990000000000000000000000000e+05 3.239990000000000000000000000000e+05 3.200000000000000000000000000000e+01
6.607400000000000000000000000000e+05 4.859990000000000000000000000000e+05 4.859990000000000000000000000000e+05 3.300000000000000000000000000000e+01
1.146739000000000000000000000000e+06 9.719990000000000000000000000000e+05 9.719990000000000000000000000000e+05 3.400000000000000000000000000000e+01
2.118738000000000000000000000000e+06 1.457999000000000000000000000000e+06 1.457999000000000000000000000000e+06 3.500000000000000000000000000000e+01
3.576737000000000000000000000000e+06 2.915999000000000000000000000000e+06 2.915999000000000000000000000000e+06 3.600000000000000000000000000000e+01
6.492736000000000000000000000000e+06 5.831999000000000000000000000000e+06 5.831999000000000000000000000000e+06 3.700000000000000000000000000000e+01
1.232473500000000000000000000000e+07 1.166399900000000000000000000000e+07 1.166399900000000000000000000000e+07 3.800000000000000000000000000000e+01
2.398873400000000000000000000000e+07 2.332799900000000000000000000000e+07 2.332799900000000000000000000000e+07 3.900000000000000000000000000000e+01
4.731673300000000000000000000000e+07 4.665599900000000000000000000000e+07 4.665599900000000000000000000000e+07 4.000000000000000000000000000000e+01
9.397273200000000000000000000000e+07 9.331199900000000000000000000000e+07 9.331199900000000000000000000000e+07 4.100000000000000000000000000000e+01
1.872847310000000000000000000000e+08 1.866239990000000000000000000000e+08 1.866239990000000000000000000000e+08 4.200000000000000000000000000000e+01
3.739087300000000000000000000000e+08 2.799359980000000000000000000000e+08 2.799359980000000000000000000000e+08 4.300000000000000000000000000000e+01
6.538447280000000000000000000000e+08 4.199039990000000000000000000000e+08 4.199039990000000000000000000000e+08 4.400000000000000000000000000000e+01
