0.000000000000000000000000000000e+00 1.000000000000000000000000000000e+03 1.000000000000000000000000000000e+03 0.000000000000000000000000000000e+00
9.990000000000000000000000000000e+02 1.500000000000000000000000000000e+03 1.500000000000000000000000000000e+03 1.000000000000000000000000000000e+00
2.498000000000000000000000000000e+03 2.250000000000000000000000000000e+03 2.250000000000000000000000000000e+03 2.000000000000000000000000000000e+00
4.747000000000000000000000000000e+03 4.500000000000000000000000000000e+03 4.500000000000000000000000000000e+03 3.000000000000000000000000000000e+00
9.246000000000000000000000000000e+03 9.000000000000000000000000000000e+03 9.000000000000000000000000000000e+03 4.000000000000000000000000000000e+00
1.824500000000000000000000000000e+04 1.800000000000000000000000000000e+04 1.800000000000000000000000000000e+04 5.000000000000000000000000000000e+00
3.624400000000000000000000000000e+04 2.700000000000000000000000000000e+04 2.700000000000000000000000000000e+04 6.000000000000000000000000000000e+00
6.324300000000000000000000000000e+04 4.050000000000000000000000000000e+04 4.050000000000000000000000000000e+04 7.000000000000000000000000000000e+00
1.037420000000000000000000000000e+05 6.075000000000000000000000000000e+04 6.075000000000000000000000000000e+04 8.000000000000000000000000000000e+00
1.644910000000000000000000000000e+05 1.215000000000000000000000000000e+05 1.215000000000000000000000000000e+05 9.000000000000000000000000000000e+00
2.859900000000000000000000000000e+05 1.822500000000000000000000000000e+05 1.822500000000000000000000000000e+05 1.000000000000000000000000000000e+01
4.682390000000000000000000000000e+05 3.645000000000000000000000000000e+05 3.645000000000000000000000000000e+05 1.100000000000000000000000000000e+01
8.327380000000000000000000000000e+05 5.467500000000000000000000000000e+05 5.467500000000000000000000000000e+05 1.200000000000000000000000000000e+01
1.379487000000000000000000000000e+06 1.093500000000000000000000000000e+06 1.093500000000000000000000000000e+06 1.300000000000000000000000000000e+01
2.472986000000000000000000000000e+06 2.187000000000000000000000000000e+06 2.187000000000000000000000000000e+06 1.400000000000000000000000000000e+01
4.659985000000000000000000000000e+06 3.280500000000000000000000000000e+06 3.280500000000000000000000000000e+06 1.500000000000000000000000000000e+01
7.940484000000000000000000000000e+06 4.920750000000000000000000000000e+06 4.920750000000000000000000000000e+06 1.600000000000000000000000000000e+01
1.286123300000000000000000000000e+07 9.841500000000000000000000000000e+06 9.841500000000000000000000000000e+06 1.700000000000000000000000000000e+01
2.270273200000000000000000000000e+07 1.476225000000000000000000000000e+07 1.476225000000000000000000000000e+07 1.800000000000000000000000000000e+01
3.746498100000000000000000000000e+07 2.952450000000000000000000000000e+07 2.952450000000000000000000000000e+07 1.900000000000000000000000000000e+01
6.698948000000000000000000000000e+07 4.428675000000000000000000000000e+07 4.428675000000000000000000000000e+07 2.000000000000000000000000000000e+01
1.112762290000000000000000000000e+08 6.643012500000000000000000000000e+07 6.643012500000000000000000000000e+07 2.100000000000000000000000000000e+01
1.000000000000000000000000000000e+00 9.990000000000000000000000000000e+02 9.990000000000000000000000000000e+02 2.200000000000000000000000000000e+01
1.000000000000000000000000000000e+03 1.499000000000000000000000000000e+03 1.499000000000000000000000000000e+03 2.300000000000000000000000000000e+01
2.499000000000000000000000000000e+03 2.249000000000000000000000000000e+03 2.249000000000000000000000000000e+03 2.400000000000000000000000000000e+01
4.748000000000000000000000000000e+03 4.499000000000000000000000000000e+03 4.499000000000000000000000000000e+03 2.500000000000000000000000000000e+01
9.247000000000000000000000000000e+03 8.999000000000000000000000000000e+03 8.999000000000000000000000000000e+03 2.600000000000000000000000000000e+01
1.824600000000000000000000000000e+04 1.799900000000000000000000000000e+04 1.799900000000000000000000000000e+04 2.700000000000000000000000000000e+01
3.624500000000000000000000000000e+04 2.699900000000000000000000000000e+04 2.699900000000000000000000000000e+04 2.800000000000000000000000000000e+01
6.324400000000000000000000000000e+04 4.049900000000000000000000000000e+04 4.049900000000000000000000000000e+04 2.900000000000000000000000000000e+01
1.037430000000000000000000000000e+05 6.074900000000000000000000000000e+04 6.074900000000000000000000000000e+04 3.000000000000000000000000000000e+01
1.644920000000000000000000000000e+05 1.214990000000000000000000000000e+05 1.214990000000000000000000000000e+05 3.100000000000000000000000000000e+01
2.859910000000000000000000000000e+05 1.822490000000000000000000000000e+05 1.822490000000000000000000000000e+05 3.200000000000000000000000000000e+01
4.682400000000000000000000000000e+05 3.644990000000000000000000000000e+05 3.644990000000000000000000000000e+05 3.300000000000000000000000000000e+01
8.327390000000000000000000000000e+05 5.467490000000000000000000000000e+05 5.467490000000000000000000000000e+05 3.400000000000000000000000000000e+01
1.379488000000000000000000000000e+06 1.093499000000000000000000000000e+06 1.093499000000000000000000000000e+06 3.500000000000000000000000000000e+01
2.472987000000000000000000000000e+06 2.186999000000000000000000000000e+06 2.186999000000000000000000000000e+06 3.600000000000000000000000000000e+01
4.659986000000000000000000000000e+06 3.280499000000000000000000000000e+06 3.280499000000000000000000000000e+06 3.700000000000000000000000000000e+01
7.940485000000000000000000000000e+06 4.920749000000000000000000000000e+06 4.920749000000000000000000000000e+06 3.800000000000000000000000000000e+01
1.286123400000000000000000000000e+07 9.841499000000000000000000000000e+06 9.841499000000000000000000000000e+06 3.900000000000000000000000000000e+01
2.270273300000000000000000000000e+07 1.476224900000000000000000000000e+07 1.476224900000000000000000000000e+07 4.000000000000000000000000000000e+01
3.746498200000000000000000000000e+07 2.952449900000000000000000000000e+07 2.952449900000000000000000000000e+07 4.100000000000000000000000000000e+01
6.698948100000000000000000000000e+07 4.428674900000000000000000000000e+07 4.428674900000000000000000000000e+07 4.200000000000000000000000000000e+01
1.112762300000000000000000000000e+08 6.643012300000000000000000000000e+07 6.643012300000000000000000000000e+07 4.300000000000000000000000000000e+01
1.777063530000000000000000000000e+08 9.964518650000000000000000000000e+07 9.964518650000000000000000000000e+07 4.400000000000000000000000000000e+01
