0.000000000000000000000000000000e+00 1.000000000000000000000000000000e+03 1.000000000000000000000000000000e+03 0.000000000000000000000000000000e+00
9.990000000000000000000000000000e+02 2.000000000000000000000000000000e+03 2.000000000000000000000000000000e+03 1.000000000000000000000000000000e+00
2.998000000000000000000000000000e+03 3.000000000000000000000000000000e+03 3.000000000000000000000000000000e+03 2.000000000000000000000000000000e+00
5.997000000000000000000000000000e+03 6.000000000000000000000000000000e+03 6.000000000000000000000000000000e+03 3.000000000000000000000000000000e+00
1.199600000000000000000000000000e+04 1.200000000000000000000000000000e+04 1.200000000000000000000000000000e+04 4.000000000000000000000000000000e+00
2.399500000000000000000000000000e+04 2.400000000000000000000000000000e+04 2.400000000000000000000000000000e+04 5.000000000000000000000000000000e+00
4.799400000000000000000000000000e+04 4.800000000000000000000000000000e+04 4.800000000000000000000000000000e+04 6.000000000000000000000000000000e+00
9.599300000000000000000000000000e+04 7.200000000000000000000000000000e+04 7.200000000000000000000000000000e+04 7.000000000000000000000000000000e+00
1.679920000000000000000000000000e+05 1.080000000000000000000000000000e+05 1.080000000000000000000000000000e+05 8.000000000000000000000000000000e+00
2.759910000000000000000000000000e+05 2.160000000000000000000000000000e+05 2.160000000000000000000000000000e+05 9.000000000000000000000000000000e+00
4.919900000000000000000000000000e+05 3.240000000000000000000000000000e+05 3.240000000000000000000000000000e+05 1.000000000000000000000000000000e+01
8.159890000000000000000000000000e+05 4.860000000000000000000000000000e+05 4.860000000000000000000000000000e+05 1.100000000000000000000000000000e+01
1.301988000000000000000000000000e+06 9.720000000000000000000000000000e+05 9.720000000000000000000000000000e+05 1.200000000000000000000000000000e+01
2.273987000000000000000000000000e+06 1.458000000000000000000000000000e+06 1.458000000000000000000000000000e+06 1.300000000000000000000000000000e+01
3.731986000000000000000000000000e+06 2.187000000000000000000000000000e+06 2.187000000000000000000000000000e+06 1.400000000000000000000000000000e+01
5.918985000000000000000000000000e+06 4.374000000000000000000000000000e+06 4.374000000000000000000000000000e+06 1.500000000000000000000000000000e+01
1.029298400000000000000000000000e+07 6.561000000000000000000000000000e+06 6.561000000000000000000000000000e+06 1.600000000000000000000000000000e+01
1.685398300000000000000000000000e+07 9.841500000000000000000000000000e+06 9.841500000000000000000000000000e+06 1.700000000000000000000000000000e+01
2.669548200000000000000000000000e+07 1.476225000000000000000000000000e+07 1.476225000000000000000000000000e+07 1.800000000000000000000000000000e+01
4.145773100000000000000000000000e+07 2.214337500000000000000000000000e+07 2.214337500000000000000000000000e+07 1.900000000000000000000000000000e+01
6.360110500000000000000000000000e+07 3.321506250000000000000000000000e+07 3.321506250000000000000000000000e+07 2.000000000000000000000000000000e+01
9.681616650000000000000000000000e+07 6.643012500000000000000000000000e+07 6.643012500000000000000000000000e+07 2.100000000000000000000000000000e+01
1.000000000000000000000000000000e+00 9.990000000000000000000000000000e+02 9.990000000000000000000000000000e+02 2.200000000000000000000000000000e+01
1.000000000000000000000000000000e+03 1.999000000000000000000000000000e+03 1.999000000000000000000000000000e+03 2.300000000000000000000000000000e+01
2.999000000000000000000000000000e+03 2.999000000000000000000000000000e+03 2.999000000000000000000000000000e+03 2.400000000000000000000000000000e+01
5.998000000000000000000000000000e+03 5.999000000000000000000000000000e+03 5.999000000000000000000000000000e+03 2.500000000000000000000000000000e+01
1.199700000000000000000000000000e+04 1.199900000000000000000000000000e+04 1.199900000000000000000000000000e+04 2.600000000000000000000000000000e+01
2.399600000000000000000000000000e+04 2.399900000000000000000000000000e+04 2.399900000000000000000000000000e+04 2.700000000000000000000000000000e+01
4.799500000000000000000000000000e+04 4.799900000000000000000000000000e+04 4.799900000000000000000000000000e+04 2.800000000000000000000000000000e+01
9.599400000000000000000000000000e+04 7.199900000000000000000000000000e+04 7.199900000000000000000000000000e+04 2.900000000000000000000000000000e+01
1.679930000000000000000000000000e+05 1.079990000000000000000000000000e+05 1.079990000000000000000000000000e+05 3.000000000000000000000000000000e+01
2.759920000000000000000000000000e+05 2.159990000000000000000000000000e+05 2.159990000000000000000000000000e+05 3.100000000000000000000000000000e+01
4.919910000000000000000000000000e+05 3.239990000000000000000000000000e+05 3.239990000000000000000000000000e+05 3.200000000000000000000000000000e+01
8.159900000000000000000000000000e+05 4.859990000000000000000000000000e+05 4.859990000000000000000000000000e+05 3.300000000000000000000000000000e+01
1.301989000000000000000000000000e+06 9.719990000000000000000000000000e+05 9.719990000000000000000000000000e+05 3.400000000000000000000000000000e+01
2.273988000000000000000000000000e+06 1.457999000000000000000000000000e+06 1.457999000000000000000000000000e+06 3.500000000000000000000000000000e+01
3.731987000000000000000000000000e+06 2.186999000000000000000000000000e+06 2.186999000000000000000000000000e+06 3.600000000000000000000000000000e+01
5.918986000000000000000000000000e+06 4.373999000000000000000000000000e+06 4.373999000000000000000000000000e+06 3.700000000000000000000000000000e+01
1.029298500000000000000000000000e+07 6.560999000000000000000000000000e+06 6.560999000000000000000000000000e+06 3.800000000000000000000000000000e+01
1.685398400000000000000000000000e+07 9.841499000000000000000000000000e+06 9.841499000000000000000000000000e+06 3.900000000000000000000000000000e+01
2.669548300000000000000000000000e+07 1.476224900000000000000000000000e+07 1.476224900000000000000000000000e+07 4.000000000000000000000000000000e+01
4.145773200000000000000000000000e+07 2.214337400000000000000000000000e+07 2.214337400000000000000000000000e+07 4.100000000000000000000000000000e+01
6.360110600000000000000000000000e+07 3.321506150000000000000000000000e+07 3.321506150000000000000000000000e+07 4.200000000000000000000000000000e+01
9.681616750000000000000000000000e+07 6.643012300000000000000000000000e+07 6.643012300000000000000000000000e+07 4.300000000000000000000000000000e+01
1.632462905000000000000000000000e+08 1.328602490000000000000000000000e+08 1.328602490000000000000000000000e+08 4.400000000000000000000000000000e+01
