0.000000000000000000000000000000e+00 1.000000000000000000000000000000e+03 1.000000000000000000000000000000e+03 0.000000000000000000000000000000e+00
9.990000000000000000000000000000e+02 1.500000000000000000000000000000e+03 1.500000000000000000000000000000e+03 1.000000000000000000000000000000e+00
2.498000000000000000000000000000e+03 2.250000000000000000000000000000e+03 2.250000000000000000000000000000e+03 2.000000000000000000000000000000e+00
4.747000000000000000000000000000e+03 3.375000000000000000000000000000e+03 3.375000000000000000000000000000e+03 3.000000000000000000000000000000e+00
8.121000000000000000000000000000e+03 5.062500000000000000000000000000e+03 5.062500000000000000000000000000e+03 4.000000000000000000000000000000e+00
1.318250000000000000000000000000e+04 1.012500000000000000000000000000e+04 1.012500000000000000000000000000e+04 5.000000000000000000000000000000e+00
2.330650000000000000000000000000e+04 2.025000000000000000000000000000e+04 2.025000000000000000000000000000e+04 6.000000000000000000000000000000e+00
4.355550000000000000000000000000e+04 4.050000000000000000000000000000e+04 4.050000000000000000000000000000e+04 7.000000000000000000000000000000e+00
8.405450000000000000000000000000e+04 6.075000000000000000000000000000e+04 6.075000000000000000000000000000e+04 8.000000000000000000000000000000e+00
1.448035000000000000000000000000e+05 9.112500000000000000000000000000e+04 9.112500000000000000000000000000e+04 9.000000000000000000000000000000e+00
2.359275000000000000000000000000e+05 1.366875000000000000000000000000e+05 1.366875000000000000000000000000e+05 1.000000000000000000000000000000e+01
3.726140000000000000000000000000e+05 2.050312500000000000000000000000e+05 2.050312500000000000000000000000e+05 1.100000000000000000000000000000e+01
5.776442500000000000000000000000e+05 3.075468750000000000000000000000e+05 3.075468750000000000000000000000e+05 1.200000000000000000000000000000e+01
8.851901250000000000000000000000e+05 6.150937500000000000000000000000e+05 6.150937500000000000000000000000e+05 1.300000000000000000000000000000e+01
1.500282875000000000000000000000e+06 9.226406250000000000000000000000e+05 9.226406250000000000000000000000e+05 1.400000000000000000000000000000e+01
2.422922500000000000000000000000e+06 1.845281250000000000000000000000e+06 1.845281250000000000000000000000e+06 1.500000000000000000000000000000e+01
4.268202750000000000000000000000e+06 2.767921875000000000000000000000e+06 2.767921875000000000000000000000e+06 1.600000000000000000000000000000e+01
7.036123625000000000000000000000e+06 4.151882812500000000000000000000e+06 4.151882812500000000000000000000e+06 1.700000000000000000000000000000e+01
1.118800543750000000000000000000e+07 8.303765625000000000000000000000e+06 8.303765625000000000000000000000e+06 1.800000000000000000000000000000e+01
1.949177006250000000000000000000e+07 1.660753125000000000000000000000e+07 1.660753125000000000000000000000e+07 1.900000000000000000000000000000e+01
3.609930031250000000000000000000e+07 2.491129687500000000000000000000e+07 2.491129687500000000000000000000e+07 2.000000000000000000000000000000e+01
6.101059618750000000000000000000e+07 4.982259375000000000000000000000e+07 4.982259375000000000000000000000e+07 2.100000000000000000000000000000e+01
1.000000000000000000000000000000e+00 9.990000000000000000000000000000e+02 9.990000000000000000000000000000e+02 2.200000000000000000000000000000e+01
1.000000000000000000000000000000e+03 1.499000000000000000000000000000e+03 1.499000000000000000000000000000e+03 2.300000000000000000000000000000e+01
2.499000000000000000000000000000e+03 2.249000000000000000000000000000e+03 2.249000000000000000000000000000e+03 2.400000000000000000000000000000e+01
4.748000000000000000000000000000e+03 3.374000000000000000000000000000e+03 3.374000000000000000000000000000e+03 2.500000000000000000000000000000e+01
8.122000000000000000000000000000e+03 5.061500000000000000000000000000e+03 5.061500000000000000000000000000e+03 2.600000000000000000000000000000e+01
1.318350000000000000000000000000e+04 1.012400000000000000000000000000e+04 1.012400000000000000000000000000e+04 2.700000000000000000000000000000e+01
2.330750000000000000000000000000e+04 2.024900000000000000000000000000e+04 2.024900000000000000000000000000e+04 2.800000000000000000000000000000e+01
4.355650000000000000000000000000e+04 4.049900000000000000000000000000e+04 4.049900000000000000000000000000e+04 2.900000000000000000000000000000e+01
8.405550000000000000000000000000e+04 6.074900000000000000000000000000e+04 6.074900000000000000000000000000e+04 3.000000000000000000000000000000e+01
1.448045000000000000000000000000e+05 9.112400000000000000000000000000e+04 9.112400000000000000000000000000e+04 3.100000000000000000000000000000e+01
2.359285000000000000000000000000e+05 1.366865000000000000000000000000e+05 1.366865000000000000000000000000e+05 3.200000000000000000000000000000e+01
3.726150000000000000000000000000e+05 2.050302500000000000000000000000e+05 2.050302500000000000000000000000e+05 3.300000000000000000000000000000e+01
5.776452500000000000000000000000e+05 3.075458750000000000000000000000e+05 3.075458750000000000000000000000e+05 3.400000000000000000000000000000e+01
8.851911250000000000000000000000e+05 6.150927500000000000000000000000e+05 6.150927500000000000000000000000e+05 3.500000000000000000000000000000e+01
1.500283875000000000000000000000e+06 9.226396250000000000000000000000e+05 9.226396250000000000000000000000e+05 3.600000000000000000000000000000e+01
2.422923500000000000000000000000e+06 1.845280250000000000000000000000e+06 1.845280250000000000000000000000e+06 3.700000000000000000000000000000e+01
4.268203750000000000000000000000e+06 2.767920875000000000000000000000e+06 2.767920875000000000000000000000e+06 3.800000000000000000000000000000e+01
7.036124625000000000000000000000e+06 4.151881812500000000000000000000e+06 4.151881812500000000000000000000e+06 3.900000000000000000000000000000e+01
1.118800643750000000000000000000e+07 8.303764625000000000000000000000e+06 8.303764625000000000000000000000e+06 4.000000000000000000000000000000e+01
1.949177106250000000000000000000e+07 1.660753025000000000000000000000e+07 1.660753025000000000000000000000e+07 4.100000000000000000000000000000e+01
3.609930131250000000000000000000e+07 2.491129587500000000000000000000e+07 2.491129587500000000000000000000e+07 4.200000000000000000000000000000e+01
6.101059718750000000000000000000e+07 4.982259175000000000000000000000e+07 4.982259175000000000000000000000e+07 4.300000000000000000000000000000e+01
1.108331889375000000000000000000e+08 9.964518650000000000000000000000e+07 9.964518650000000000000000000000e+07 4.400000000000000000000000000000e+01
