0.000000000000000000000000000000e+00 1.000000000000000000000000000000e+03 1.000000000000000000000000000000e+03 0.000000000000000000000000000000e+00
9.990000000000000000000000000000e+02 1.500000000000000000000000000000e+03 1.500000000000000000000000000000e+03 1.000000000000000000000000000000e+00
2.498000000000000000000000000000e+03 2.250000000000000000000000000000e+03 2.250000000000000000000000000000e+03 2.000000000000000000000000000000e+00
4.747000000000000000000000000000e+03 3.375000000000000000000000000000e+03 3.375000000000000000000000000000e+03 3.000000000000000000000000000000e+00
8.121000000000000000000000000000e+03 5.062500000000000000000000000000e+03 5.062500000000000000000000000000e+03 4.000000000000000000000000000000e+00
1.318250000000000000000000000000e+04 7.593750000000000000000000000000e+03 7.593750000000000000000000000000e+03 5.000000000000000000000000000000e+00
2.077525000000000000000000000000e+04 1.518750000000000000000000000000e+04 1.518750000000000000000000000000e+04 6.000000000000000000000000000000e+00
3.596175000000000000000000000000e+04 2.278125000000000000000000000000e+04 2.278125000000000000000000000000e+04 7.000000000000000000000000000000e+00
5.874200000000000000000000000000e+04 3.417187500000000000000000000000e+04 3.417187500000000000000000000000e+04 8.000000000000000000000000000000e+00
9.291287500000000000000000000000e+04 6.834375000000000000000000000000e+04 6.834375000000000000000000000000e+04 9.000000000000000000000000000000e+00
1.612556250000000000000000000000e+05 1.025156250000000000000000000000e+05 1.025156250000000000000000000000e+05 1.000000000000000000000000000000e+01
2.637702500000000000000000000000e+05 1.537734375000000000000000000000e+05 1.537734375000000000000000000000e+05 1.100000000000000000000000000000e+01
4.175426875000000000000000000000e+05 3.075468750000000000000000000000e+05 3.075468750000000000000000000000e+05 1.200000000000000000000000000000e+01
7.250885625000000000000000000000e+05 4.613203125000000000000000000000e+05 4.613203125000000000000000000000e+05 1.300000000000000000000000000000e+01
1.186407875000000000000000000000e+06 6.919804687500000000000000000000e+05 6.919804687500000000000000000000e+05 1.400000000000000000000000000000e+01
1.878387343750000000000000000000e+06 1.383960937500000000000000000000e+06 1.383960937500000000000000000000e+06 1.500000000000000000000000000000e+01
3.262347281250000000000000000000e+06 2.075941406250000000000000000000e+06 2.075941406250000000000000000000e+06 1.600000000000000000000000000000e+01
5.338287687500000000000000000000e+06 4.151882812500000000000000000000e+06 4.151882812500000000000000000000e+06 1.700000000000000000000000000000e+01
9.490169500000000000000000000000e+06 8.303765625000000000000000000000e+06 8.303765625000000000000000000000e+06 1.800000000000000000000000000000e+01
1.779393412500000000000000000000e+07 1.660753125000000000000000000000e+07 1.660753125000000000000000000000e+07 1.900000000000000000000000000000e+01
3.440146437500000000000000000000e+07 2.491129687500000000000000000000e+07 2.491129687500000000000000000000e+07 2.000000000000000000000000000000e+01
5.931276025000000000000000000000e+07 4.982259375000000000000000000000e+07 4.982259375000000000000000000000e+07 2.100000000000000000000000000000e+01
1.000000000000000000000000000000e+00 9.990000000000000000000000000000e+02 9.990000000000000000000000000000e+02 2.200000000000000000000000000000e+01
1.000000000000000000000000000000e+03 1.499000000000000000000000000000e+03 1.499000000000000000000000000000e+03 2.300000000000000000000000000000e+01
2.499000000000000000000000000000e+03 2.249000000000000000000000000000e+03 2.249000000000000000000000000000e+03 2.400000000000000000000000000000e+01
4.748000000000000000000000000000e+03 3.374000000000000000000000000000e+03 3.374000000000000000000000000000e+03 2.500000000000000000000000000000e+01
8.122000000000000000000000000000e+03 5.061500000000000000000000000000e+03 5.061500000000000000000000000000e+03 2.600000000000000000000000000000e+01
1.318350000000000000000000000000e+04 7.592750000000000000000000000000e+03 7.592750000000000000000000000000e+03 2.700000000000000000000000000000e+01
2.077625000000000000000000000000e+04 1.518650000000000000000000000000e+04 1.518650000000000000000000000000e+04 2.800000000000000000000000000000e+01
3.596275000000000000000000000000e+04 2.278025000000000000000000000000e+04 2.278025000000000000000000000000e+04 2.900000000000000000000000000000e+01
5.874300000000000000000000000000e+04 3.417087500000000000000000000000e+04 3.417087500000000000000000000000e+04 3.000000000000000000000000000000e+01
9.291387500000000000000000000000e+04 6.834275000000000000000000000000e+04 6.834275000000000000000000000000e+04 3.100000000000000000000000000000e+01
1.612566250000000000000000000000e+05 1.025146250000000000000000000000e+05 1.025146250000000000000000000000e+05 3.200000000000000000000000000000e+01
2.637712500000000000000000000000e+05 1.537724375000000000000000000000e+05 1.537724375000000000000000000000e+05 3.300000000000000000000000000000e+01
4.175436875000000000000000000000e+05 3.075458750000000000000000000000e+05 3.075458750000000000000000000000e+05 3.400000000000000000000000000000e+01
7.250895625000000000000000000000e+05 4.613193125000000000000000000000e+05 4.613193125000000000000000000000e+05 3.500000000000000000000000000000e+01
1.186408875000000000000000000000e+06 6.919794687500000000000000000000e+05 6.919794687500000000000000000000e+05 3.600000000000000000000000000000e+01
1.878388343750000000000000000000e+06 1.383959937500000000000000000000e+06 1.383959937500000000000000000000e+06 3.700000000000000000000000000000e+01
3.262348281250000000000000000000e+06 2.075940406250000000000000000000e+06 2.075940406250000000000000000000e+06 3.800000000000000000000000000000e+01
5.338288687500000000000000000000e+06 4.151881812500000000000000000000e+06 4.151881812500000000000000000000e+06 3.900000000000000000000000000000e+01
9.490170500000000000000000000000e+06 8.303764625000000000000000000000e+06 8.303764625000000000000000000000e+06 4.000000000000000000000000000000e+01
1.779393512500000000000000000000e+07 1.660753025000000000000000000000e+07 1.660753025000000000000000000000e+07 4.100000000000000000000000000000e+01
3.440146537500000000000000000000e+07 2.491129587500000000000000000000e+07 2.491129587500000000000000000000e+07 4.200000000000000000000000000000e+01
5.931276125000000000000000000000e+07 4.982259175000000000000000000000e+07 4.982259175000000000000000000000e+07 4.300000000000000000000000000000e+01
1.091353530000000000000000000000e+08 7.473388962500000000000000000000e+07 7.473388962500000000000000000000e+07 4.400000000000000000000000000000e+01
