0.000000000000000000000000000000e+00 1.000000000000000000000000000000e+03 1.000000000000000000000000000000e+03 0.000000000000000000000000000000e+00
9.990000000000000000000000000000e+02 1.500000000000000000000000000000e+03 1.500000000000000000000000000000e+03 1.000000000000000000000000000000e+00
2.498000000000000000000000000000e+03 2.250000000000000000000000000000e+03 2.250000000000000000000000000000e+03 2.000000000000000000000000000000e+00
4.747000000000000000000000000000e+03 4.500000000000000000000000000000e+03 4.500000000000000000000000000000e+03 3.000000000000000000000000000000e+00
9.246000000000000000000000000000e+03 9.000000000000000000000000000000e+03 9.000000000000000000000000000000e+03 4.000000000000000000000000000000e+00
1.824500000000000000000000000000e+04 1.350000000000000000000000000000e+04 1.350000000000000000000000000000e+04 5.000000000000000000000000000000e+00
3.174400000000000000000000000000e+04 2.700000000000000000000000000000e+04 2.700000000000000000000000000000e+04 6.000000000000000000000000000000e+00
5.874300000000000000000000000000e+04 5.400000000000000000000000000000e+04 5.400000000000000000000000000000e+04 7.000000000000000000000000000000e+00
1.127420000000000000000000000000e+05 8.100000000000000000000000000000e+04 8.100000000000000000000000000000e+04 8.000000000000000000000000000000e+00
1.937410000000000000000000000000e+05 1.620000000000000000000000000000e+05 1.620000000000000000000000000000e+05 9.000000000000000000000000000000e+00
3.557400000000000000000000000000e+05 2.430000000000000000000000000000e+05 2.430000000000000000000000000000e+05 1.000000000000000000000000000000e+01
5.987390000000000000000000000000e+05 4.860000000000000000000000000000e+05 4.860000000000000000000000000000e+05 1.100000000000000000000000000000e+01
1.084738000000000000000000000000e+06 9.720000000000000000000000000000e+05 9.720000000000000000000000000000e+05 1.200000000000000000000000000000e+01
2.056737000000000000000000000000e+06 1.944000000000000000000000000000e+06 1.944000000000000000000000000000e+06 1.300000000000000000000000000000e+01
4.000736000000000000000000000000e+06 3.888000000000000000000000000000e+06 3.888000000000000000000000000000e+06 1.400000000000000000000000000000e+01
7.888735000000000000000000000000e+06 7.776000000000000000000000000000e+06 7.776000000000000000000000000000e+06 1.500000000000000000000000000000e+01
1.566473400000000000000000000000e+07 1.555200000000000000000000000000e+07 1.555200000000000000000000000000e+07 1.600000000000000000000000000000e+01
3.121673300000000000000000000000e+07 3.110400000000000000000000000000e+07 3.110400000000000000000000000000e+07 1.700000000000000000000000000000e+01
6.232073200000000000000000000000e+07 6.220800000000000000000000000000e+07 6.220800000000000000000000000000e+07 1.800000000000000000000000000000e+01
1.245287310000000000000000000000e+08 1.244160000000000000000000000000e+08 1.244160000000000000000000000000e+08 1.900000000000000000000000000000e+01
2.489447300000000000000000000000e+08 2.488320000000000000000000000000e+08 2.488320000000000000000000000000e+08 2.000000000000000000000000000000e+01
4.977767290000000000000000000000e+08 4.976640000000000000000000000000e+08 4.976640000000000000000000000000e+08 2.100000000000000000000000000000e+01
1.000000000000000000000000000000e+00 9.990000000000000000000000000000e+02 9.990000000000000000000000000000e+02 2.200000000000000000000000000000e+01
1.000000000000000000000000000000e+03 1.499000000000000000000000000000e+03 1.499000000000000000000000000000e+03 2.300000000000000000000000000000e+01
2.499000000000000000000000000000e+03 2.249000000000000000000000000000e+03 2.249000000000000000000000000000e+03 2.400000000000000000000000000000e+01
4.748000000000000000000000000000e+03 4.499000000000000000000000000000e+03 4.499000000000000000000000000000e+03 2.500000000000000000000000000000e+01
9.247000000000000000000000000000e+03 8.999000000000000000000000000000e+03 8.999000000000000000000000000000e+03 2.600000000000000000000000000000e+01
1.824600000000000000000000000000e+04 1.349900000000000000000000000000e+04 1.349900000000000000000000000000e+04 2.700000000000000000000000000000e+01
3.174500000000000000000000000000e+04 2.699900000000000000000000000000e+04 2.699900000000000000000000000000e+04 2.800000000000000000000000000000e+01
5.874400000000000000000000000000e+04 5.399900000000000000000000000000e+04 5.399900000000000000000000000000e+04 2.900000000000000000000000000000e+01
1.127430000000000000000000000000e+05 8.099900000000000000000000000000e+04 8.099900000000000000000000000000e+04 3.000000000000000000000000000000e+01
1.937420000000000000000000000000e+05 1.619990000000000000000000000000e+05 1.619990000000000000000000000000e+05 3.100000000000000000000000000000e+01
3.557410000000000000000000000000e+05 2.429990000000000000000000000000e+05 2.429990000000000000000000000000e+05 3.200000000000000000000000000000e+01
5.987400000000000000000000000000e+05 4.859990000000000000000000000000e+05 4.859990000000000000000000000000e+05 3.300000000000000000000000000000e+01
1.084739000000000000000000000000e+06 9.719990000000000000000000000000e+05 9.719990000000000000000000000000e+05 3.400000000000000000000000000000e+01
2.056738000000000000000000000000e+06 1.943999000000000000000000000000e+06 1.943999000000000000000000000000e+06 3.500000000000000000000000000000e+01
4.000737000000000000000000000000e+06 3.887999000000000000000000000000e+06 3.887999000000000000000000000000e+06 3.600000000000000000000000000000e+01
7.888736000000000000000000000000e+06 7.775999000000000000000000000000e+06 7.775999000000000000000000000000e+06 3.700000000000000000000000000000e+01
1.566473500000000000000000000000e+07 1.555199900000000000000000000000e+07 1.555199900000000000000000000000e+07 3.800000000000000000000000000000e+01
3.121673400000000000000000000000e+07 3.110399900000000000000000000000e+07 3.110399900000000000000000000000e+07 3.900000000000000000000000000000e+01
6.232073300000000000000000000000e+07 6.220799900000000000000000000000e+07 6.220799900000000000000000000000e+07 4.000000000000000000000000000000e+01
1.245287320000000000000000000000e+08 1.244159990000000000000000000000e+08 1.244159990000000000000000000000e+08 4.100000000000000000000000000000e+01
2.489447310000000000000000000000e+08 2.488319990000000000000000000000e+08 2.488319990000000000000000000000e+08 4.200000000000000000000000000000e+01
4.977767300000000000000000000000e+08 4.976639980000000000000000000000e+08 4.976639980000000000000000000000e+08 4.300000000000000000000000000000e+01
9.954407280000000000000000000000e+08 7.464959990000000000000000000000e+08 7.464959990000000000000000000000e+08 4.400000000000000000000000000000e+01
