0.000000000000000000000000000000e+00 1.000000000000000000000000000000e+03 1.000000000000000000000000000000e+03 0.000000000000000000000000000000e+00
9.990000000000000000000000000000e+02 1.500000000000000000000000000000e+03 1.500000000000000000000000000000e+03 1.000000000000000000000000000000e+00
2.498000000000000000000000000000e+03 3.000000000000000000000000000000e+03 3.000000000000000000000000000000e+03 2.000000000000000000000000000000e+00
5.497000000000000000000000000000e+03 4.500000000000000000000000000000e+03 4.500000000000000000000000000000e+03 3.000000000000000000000000000000e+00
9.996000000000000000000000000000e+03 9.000000000000000000000000000000e+03 9.000000000000000000000000000000e+03 4.000000000000000000000000000000e+00
1.899500000000000000000000000000e+04 1.800000000000000000000000000000e+04 1.800000000000000000000000000000e+04 5.000000000000000000000000000000e+00
3.699400000000000000000000000000e+04 3.600000000000000000000000000000e+04 3.600000000000000000000000000000e+04 6.000000000000000000000000000000e+00
7.299300000000000000000000000000e+04 7.200000000000000000000000000000e+04 7.200000000000000000000000000000e+04 7.000000000000000000000000000000e+00
1.449920000000000000000000000000e+05 1.440000000000000000000000000000e+05 1.440000000000000000000000000000e+05 8.000000000000000000000000000000e+00
2.889910000000000000000000000000e+05 2.880000000000000000000000000000e+05 2.880000000000000000000000000000e+05 9.000000000000000000000000000000e+00
5.769900000000000000000000000000e+05 4.320000000000000000000000000000e+05 4.320000000000000000000000000000e+05 1.000000000000000000000000000000e+01
1.008989000000000000000000000000e+06 6.480000000000000000000000000000e+05 6.480000000000000000000000000000e+05 1.100000000000000000000000000000e+01
1.656988000000000000000000000000e+06 1.296000000000000000000000000000e+06 1.296000000000000000000000000000e+06 1.200000000000000000000000000000e+01
2.952987000000000000000000000000e+06 2.592000000000000000000000000000e+06 2.592000000000000000000000000000e+06 1.300000000000000000000000000000e+01
5.544986000000000000000000000000e+06 5.184000000000000000000000000000e+06 5.184000000000000000000000000000e+06 1.400000000000000000000000000000e+01
1.072898500000000000000000000000e+07 1.036800000000000000000000000000e+07 1.036800000000000000000000000000e+07 1.500000000000000000000000000000e+01
2.109698400000000000000000000000e+07 2.073600000000000000000000000000e+07 2.073600000000000000000000000000e+07 1.600000000000000000000000000000e+01
4.183298300000000000000000000000e+07 4.147200000000000000000000000000e+07 4.147200000000000000000000000000e+07 1.700000000000000000000000000000e+01
8.330498200000000000000000000000e+07 8.294400000000000000000000000000e+07 8.294400000000000000000000000000e+07 1.800000000000000000000000000000e+01
1.662489810000000000000000000000e+08 1.658880000000000000000000000000e+08 1.658880000000000000000000000000e+08 1.900000000000000000000000000000e+01
3.321369800000000000000000000000e+08 2.488320000000000000000000000000e+08 2.488320000000000000000000000000e+08 2.000000000000000000000000000000e+01
5.809689790000000000000000000000e+08 4.976640000000000000000000000000e+08 4.976640000000000000000000000000e+08 2.100000000000000000000000000000e+01
1.000000000000000000000000000000e+00 9.990000000000000000000000000000e+02 9.990000000000000000000000000000e+02 2.200000000000000000000000000000e+01
1.000000000000000000000000000000e+03 1.499000000000000000000000000000e+03 1.499000000000000000000000000000e+03 2.300000000000000000000000000000e+01
2.499000000000000000000000000000e+03 2.999000000000000000000000000000e+03 2.999000000000000000000000000000e+03 2.400000000000000000000000000000e+01
5.498000000000000000000000000000e+03 4.499000000000000000000000000000e+03 4.499000000000000000000000000000e+03 2.500000000000000000000000000000e+01
9.997000000000000000000000000000e+03 8.999000000000000000000000000000e+03 8.999000000000000000000000000000e+03 2.600000000000000000000000000000e+01
1.899600000000000000000000000000e+04 1.799900000000000000000000000000e+04 1.799900000000000000000000000000e+04 2.700000000000000000000000000000e+01
3.699500000000000000000000000000e+04 3.599900000000000000000000000000e+04 3.599900000000000000000000000000e+04 2.800000000000000000000000000000e+01
7.299400000000000000000000000000e+04 7.199900000000000000000000000000e+04 7.199900000000000000000000000000e+04 2.900000000000000000000000000000e+01
1.449930000000000000000000000000e+05 1.439990000000000000000000000000e+05 1.439990000000000000000000000000e+05 3.000000000000000000000000000000e+01
2.889920000000000000000000000000e+05 2.879990000000000000000000000000e+05 2.879990000000000000000000000000e+05 3.100000000000000000000000000000e+01
5.769910000000000000000000000000e+05 4.319990000000000000000000000000e+05 4.319990000000000000000000000000e+05 3.200000000000000000000000000000e+01
1.008990000000000000000000000000e+06 6.479990000000000000000000000000e+05 6.479990000000000000000000000000e+05 3.300000000000000000000000000000e+01
1.656989000000000000000000000000e+06 1.295999000000000000000000000000e+06 1.295999000000000000000000000000e+06 3.400000000000000000000000000000e+01
2.952988000000000000000000000000e+06 2.591999000000000000000000000000e+06 2.591999000000000000000000000000e+06 3.500000000000000000000000000000e+01
5.544987000000000000000000000000e+06 5.183999000000000000000000000000e+06 5.183999000000000000000000000000e+06 3.600000000000000000000000000000e+01
1.072898600000000000000000000000e+07 1.036799900000000000000000000000e+07 1.036799900000000000000000000000e+07 3.700000000000000000000000000000e+01
2.109698500000000000000000000000e+07 2.073599900000000000000000000000e+07 2.073599900000000000000000000000e+07 3.800000000000000000000000000000e+01
4.183298400000000000000000000000e+07 4.147199900000000000000000000000e+07 4.147199900000000000000000000000e+07 3.900000000000000000000000000000e+01
8.330498300000000000000000000000e+07 8.294399900000000000000000000000e+07 8.294399900000000000000000000000e+07 4.000000000000000000000000000000e+01
1.662489820000000000000000000000e+08 1.658879990000000000000000000000e+08 1.658879990000000000000000000000e+08 4.100000000000000000000000000000e+01
3.321369810000000000000000000000e+08 2.488319990000000000000000000000e+08 2.488319990000000000000000000000e+08 4.200000000000000000000000000000e+01
5.809689800000000000000000000000e+08 4.976639980000000000000000000000e+08 4.976639980000000000000000000000e+08 4.300000000000000000000000000000e+01
1.078632978000000000000000000000e+09 7.464959990000000000000000000000e+08 7.464959990000000000000000000000e+08 4.400000000000000000000000000000e+01
