0.000000000000000000000000000000e+00 1.000000000000000000000000000000e+03 1.000000000000000000000000000000e+03 0.000000000000000000000000000000e+00
9.990000000000000000000000000000e+02 1.500000000000000000000000000000e+03 1.500000000000000000000000000000e+03 1.000000000000000000000000000000e+00
2.498000000000000000000000000000e+03 2.250000000000000000000000000000e+03 2.250000000000000000000000000000e+03 2.000000000000000000000000000000e+00
4.747000000000000000000000000000e+03 4.500000000000000000000000000000e+03 4.500000000000000000000000000000e+03 3.000000000000000000000000000000e+00
9.246000000000000000000000000000e+03 9.000000000000000000000000000000e+03 9.000000000000000000000000000000e+03 4.000000000000000000000000000000e+00
1.824500000000000000000000000000e+04 1.350000000000000000000000000000e+04 1.350000000000000000000000000000e+04 5.000000000000000000000000000000e+00
3.174400000000000000000000000000e+04 2.025000000000000000000000000000e+04 2.025000000000000000000000000000e+04 6.000000000000000000000000000000e+00
5.199300000000000000000000000000e+04 3.037500000000000000000000000000e+04 3.037500000000000000000000000000e+04 7.000000000000000000000000000000e+00
8.236700000000000000000000000000e+04 4.556250000000000000000000000000e+04 4.556250000000000000000000000000e+04 8.000000000000000000000000000000e+00
1.279285000000000000000000000000e+05 6.834375000000000000000000000000e+04 6.834375000000000000000000000000e+04 9.000000000000000000000000000000e+00
1.962712500000000000000000000000e+05 1.025156250000000000000000000000e+05 1.025156250000000000000000000000e+05 1.000000000000000000000000000000e+01
2.987858750000000000000000000000e+05 2.050312500000000000000000000000e+05 2.050312500000000000000000000000e+05 1.100000000000000000000000000000e+01
5.038161250000000000000000000000e+05 3.075468750000000000000000000000e+05 3.075468750000000000000000000000e+05 1.200000000000000000000000000000e+01
8.113620000000000000000000000000e+05 6.150937500000000000000000000000e+05 6.150937500000000000000000000000e+05 1.300000000000000000000000000000e+01
1.426454750000000000000000000000e+06 1.230187500000000000000000000000e+06 1.230187500000000000000000000000e+06 1.400000000000000000000000000000e+01
2.656641250000000000000000000000e+06 1.845281250000000000000000000000e+06 1.845281250000000000000000000000e+06 1.500000000000000000000000000000e+01
4.501921500000000000000000000000e+06 2.767921875000000000000000000000e+06 2.767921875000000000000000000000e+06 1.600000000000000000000000000000e+01
7.269842375000000000000000000000e+06 4.151882812500000000000000000000e+06 4.151882812500000000000000000000e+06 1.700000000000000000000000000000e+01
1.142172418750000000000000000000e+07 8.303765625000000000000000000000e+06 8.303765625000000000000000000000e+06 1.800000000000000000000000000000e+01
1.972548881250000000000000000000e+07 1.245564843750000000000000000000e+07 1.245564843750000000000000000000e+07 1.900000000000000000000000000000e+01
3.218113625000000000000000000000e+07 2.491129687500000000000000000000e+07 2.491129687500000000000000000000e+07 2.000000000000000000000000000000e+01
5.709243212500000000000000000000e+07 3.736694531250000000000000000000e+07 3.736694531250000000000000000000e+07 2.100000000000000000000000000000e+01
1.000000000000000000000000000000e+00 9.990000000000000000000000000000e+02 9.990000000000000000000000000000e+02 2.200000000000000000000000000000e+01
1.000000000000000000000000000000e+03 1.499000000000000000000000000000e+03 1.499000000000000000000000000000e+03 2.300000000000000000000000000000e+01
2.499000000000000000000000000000e+03 2.249000000000000000000000000000e+03 2.249000000000000000000000000000e+03 2.400000000000000000000000000000e+01
4.748000000000000000000000000000e+03 4.499000000000000000000000000000e+03 4.499000000000000000000000000000e+03 2.500000000000000000000000000000e+01
9.247000000000000000000000000000e+03 8.999000000000000000000000000000e+03 8.999000000000000000000000000000e+03 2.600000000000000000000000000000e+01
1.824600000000000000000000000000e+04 1.349900000000000000000000000000e+04 1.349900000000000000000000000000e+04 2.700000000000000000000000000000e+01
3.174500000000000000000000000000e+04 2.024900000000000000000000000000e+04 2.024900000000000000000000000000e+04 2.800000000000000000000000000000e+01
5.199400000000000000000000000000e+04 3.037400000000000000000000000000e+04 3.037400000000000000000000000000e+04 2.900000000000000000000000000000e+01
8.236800000000000000000000000000e+04 4.556150000000000000000000000000e+04 4.556150000000000000000000000000e+04 3.000000000000000000000000000000e+01
1.279295000000000000000000000000e+05 6.834275000000000000000000000000e+04 6.834275000000000000000000000000e+04 3.100000000000000000000000000000e+01
1.962722500000000000000000000000e+05 1.025146250000000000000000000000e+05 1.025146250000000000000000000000e+05 3.200000000000000000000000000000e+01
2.987868750000000000000000000000e+05 2.050302500000000000000000000000e+05 2.050302500000000000000000000000e+05 3.300000000000000000000000000000e+01
5.038171250000000000000000000000e+05 3.075458750000000000000000000000e+05 3.075458750000000000000000000000e+05 3.400000000000000000000000000000e+01
8.113630000000000000000000000000e+05 6.150927500000000000000000000000e+05 6.150927500000000000000000000000e+05 3.500000000000000000000000000000e+01
1.426455750000000000000000000000e+06 1.230186500000000000000000000000e+06 1.230186500000000000000000000000e+06 3.600000000000000000000000000000e+01
2.656642250000000000000000000000e+06 1.845280250000000000000000000000e+06 1.845280250000000000000000000000e+06 3.700000000000000000000000000000e+01
4.501922500000000000000000000000e+06 2.767920875000000000000000000000e+06 2.767920875000000000000000000000e+06 3.800000000000000000000000000000e+01
7.269843375000000000000000000000e+06 4.151881812500000000000000000000e+06 4.151881812500000000000000000000e+06 3.900000000000000000000000000000e+01
1.142172518750000000000000000000e+07 8.303764625000000000000000000000e+06 8.303764625000000000000000000000e+06 4.000000000000000000000000000000e+01
1.972548981250000000000000000000e+07 1.245564743750000000000000000000e+07 1.245564743750000000000000000000e+07 4.100000000000000000000000000000e+01
3.218113725000000000000000000000e+07 2.491129587500000000000000000000e+07 2.491129587500000000000000000000e+07 4.200000000000000000000000000000e+01
5.709243312500000000000000000000e+07 3.736694331250000000000000000000e+07 3.736694331250000000000000000000e+07 4.300000000000000000000000000000e+01
9.445937643750000000000000000000e+07 5.605041696875000000000000000000e+07 5.605041696875000000000000000000e+07 4.400000000000000000000000000000e+01
