0.000000000000000000000000000000e+00 1.000000000000000000000000000000e+03 1.000000000000000000000000000000e+03 0.000000000000000000000000000000e+00
9.990000000000000000000000000000e+02 1.500000000000000000000000000000e+03 1.500000000000000000000000000000e+03 1.000000000000000000000000000000e+00
2.498000000000000000000000000000e+03 2.250000000000000000000000000000e+03 2.250000000000000000000000000000e+03 2.000000000000000000000000000000e+00
4.747000000000000000000000000000e+03 3.375000000000000000000000000000e+03 3.375000000000000000000000000000e+03 3.000000000000000000000000000000e+00
8.121000000000000000000000000000e+03 6.750000000000000000000000000000e+03 6.750000000000000000000000000000e+03 4.000000000000000000000000000000e+00
1.487000000000000000000000000000e+04 1.012500000000000000000000000000e+04 1.012500000000000000000000000000e+04 5.000000000000000000000000000000e+00
2.499400000000000000000000000000e+04 1.518750000000000000000000000000e+04 1.518750000000000000000000000000e+04 6.000000000000000000000000000000e+00
4.018050000000000000000000000000e+04 2.278125000000000000000000000000e+04 2.278125000000000000000000000000e+04 7.000000000000000000000000000000e+00
6.296075000000000000000000000000e+04 3.417187500000000000000000000000e+04 3.417187500000000000000000000000e+04 8.000000000000000000000000000000e+00
9.713162500000000000000000000000e+04 5.125781250000000000000000000000e+04 5.125781250000000000000000000000e+04 9.000000000000000000000000000000e+00
1.483884375000000000000000000000e+05 7.688671875000000000000000000000e+04 7.688671875000000000000000000000e+04 1.000000000000000000000000000000e+01
2.252741562500000000000000000000e+05 1.153300781250000000000000000000e+05 1.153300781250000000000000000000e+05 1.100000000000000000000000000000e+01
3.406032343750000000000000000000e+05 2.306601562500000000000000000000e+05 2.306601562500000000000000000000e+05 1.200000000000000000000000000000e+01
5.712623906250000000000000000000e+05 3.459902343750000000000000000000e+05 3.459902343750000000000000000000e+05 1.300000000000000000000000000000e+01
9.172516250000000000000000000000e+05 5.189853515625000000000000000000e+05 5.189853515625000000000000000000e+05 1.400000000000000000000000000000e+01
1.436235976562500000000000000000e+06 7.784780273437500000000000000000e+05 7.784780273437500000000000000000e+05 1.500000000000000000000000000000e+01
2.214713003906250000000000000000e+06 1.167717041015625000000000000000e+06 1.167717041015625000000000000000e+06 1.600000000000000000000000000000e+01
3.382429044921875000000000000000e+06 1.751575561523437500000000000000e+06 1.751575561523437500000000000000e+06 1.700000000000000000000000000000e+01
5.134003606445312500000000000000e+06 2.627363342285156250000000000000e+06 2.627363342285156250000000000000e+06 1.800000000000000000000000000000e+01
7.761365948730468750000000000000e+06 5.254726684570312500000000000000e+06 5.254726684570312500000000000000e+06 1.900000000000000000000000000000e+01
1.301609163330078125000000000000e+07 7.882090026855468750000000000000e+06 7.882090026855468750000000000000e+06 2.000000000000000000000000000000e+01
2.089818066015625000000000000000e+07 1.576418005371093750000000000000e+07 1.576418005371093750000000000000e+07 2.100000000000000000000000000000e+01
1.000000000000000000000000000000e+00 9.990000000000000000000000000000e+02 9.990000000000000000000000000000e+02 2.200000000000000000000000000000e+01
1.000000000000000000000000000000e+03 1.499000000000000000000000000000e+03 1.499000000000000000000000000000e+03 2.300000000000000000000000000000e+01
2.499000000000000000000000000000e+03 2.249000000000000000000000000000e+03 2.249000000000000000000000000000e+03 2.400000000000000000000000000000e+01
4.748000000000000000000000000000e+03 3.374000000000000000000000000000e+03 3.374000000000000000000000000000e+03 2.500000000000000000000000000000e+01
8.122000000000000000000000000000e+03 6.749000000000000000000000000000e+03 6.749000000000000000000000000000e+03 2.600000000000000000000000000000e+01
1.487100000000000000000000000000e+04 1.012400000000000000000000000000e+04 1.012400000000000000000000000000e+04 2.700000000000000000000000000000e+01
2.499500000000000000000000000000e+04 1.518650000000000000000000000000e+04 1.518650000000000000000000000000e+04 2.800000000000000000000000000000e+01
4.018150000000000000000000000000e+04 2.278025000000000000000000000000e+04 2.278025000000000000000000000000e+04 2.900000000000000000000000000000e+01
6.296175000000000000000000000000e+04 3.417087500000000000000000000000e+04 3.417087500000000000000000000000e+04 3.000000000000000000000000000000e+01
9.713262500000000000000000000000e+04 5.125681250000000000000000000000e+04 5.125681250000000000000000000000e+04 3.100000000000000000000000000000e+01
1.483894375000000000000000000000e+05 7.688571875000000000000000000000e+04 7.688571875000000000000000000000e+04 3.200000000000000000000000000000e+01
2.252751562500000000000000000000e+05 1.153290781250000000000000000000e+05 1.153290781250000000000000000000e+05 3.300000000000000000000000000000e+01
3.406042343750000000000000000000e+05 2.306591562500000000000000000000e+05 2.306591562500000000000000000000e+05 3.400000000000000000000000000000e+01
5.712633906250000000000000000000e+05 3.459892343750000000000000000000e+05 3.459892343750000000000000000000e+05 3.500000000000000000000000000000e+01
9.172526250000000000000000000000e+05 5.189843515625000000000000000000e+05 5.189843515625000000000000000000e+05 3.600000000000000000000000000000e+01
1.436236976562500000000000000000e+06 7.784770273437500000000000000000e+05 7.784770273437500000000000000000e+05 3.700000000000000000000000000000e+01
2.214714003906250000000000000000e+06 1.167716041015625000000000000000e+06 1.167716041015625000000000000000e+06 3.800000000000000000000000000000e+01
3.382430044921875000000000000000e+06 1.751574561523437500000000000000e+06 1.751574561523437500000000000000e+06 3.900000000000000000000000000000e+01
5.134004606445312500000000000000e+06 2.627362342285156250000000000000e+06 2.627362342285156250000000000000e+06 4.000000000000000000000000000000e+01
7.761366948730468750000000000000e+06 5.254725684570312500000000000000e+06 5.254725684570312500000000000000e+06 4.100000000000000000000000000000e+01
1.301609263330078125000000000000e+07 7.882089026855468750000000000000e+06 7.882089026855468750000000000000e+06 4.200000000000000000000000000000e+01
2.089818166015625000000000000000e+07 1.576417805371093750000000000000e+07 1.576417805371093750000000000000e+07 4.300000000000000000000000000000e+01
3.666235971386718750000000000000e+07 3.152835910742187500000000000000e+07 3.152835910742187500000000000000e+07 4.400000000000000000000000000000e+01
