1.000000000000000000000000000000e+00 1.700000000000000000000000000000e+01 2.890000000000000000000000000000e+02 0.000000000000000000000000000000e+00
9.000000000000000000000000000000e+00 2.100000000000000000000000000000e+01 4.410000000000000000000000000000e+02 1.000000000000000000000000000000e+00
2.500000000000000000000000000000e+01 1.900000000000000000000000000000e+01 3.610000000000000000000000000000e+02 2.000000000000000000000000000000e+00
3.700000000000000000000000000000e+01 2.100000000000000000000000000000e+01 4.410000000000000000000000000000e+02 3.000000000000000000000000000000e+00
4.100000000000000000000000000000e+01 1.700000000000000000000000000000e+01 2.890000000000000000000000000000e+02 4.000000000000000000000000000000e+00
5.600000000000000000000000000000e+01 1.600000000000000000000000000000e+01 2.560000000000000000000000000000e+02 5.000000000000000000000000000000e+00
6.000000000000000000000000000000e+01 2.200000000000000000000000000000e+01 4.840000000000000000000000000000e+02 6.000000000000000000000000000000e+00
6.200000000000000000000000000000e+01 2.700000000000000000000000000000e+01 7.290000000000000000000000000000e+02 7.000000000000000000000000000000e+00
8.100000000000000000000000000000e+01 1.700000000000000000000000000000e+01 2.890000000000000000000000000000e+02 8.000000000000000000000000000000e+00
8.300000000000000000000000000000e+01 1.900000000000000000000000000000e+01 3.610000000000000000000000000000e+02 9.000000000000000000000000000000e+00
8.600000000000000000000000000000e+01 2.200000000000000000000000000000e+01 4.840000000000000000000000000000e+02 1.000000000000000000000000000000e+01
8.800000000000000000000000000000e+01 2.100000000000000000000000000000e+01 4.410000000000000000000000000000e+02 1.100000000000000000000000000000e+01
9.100000000000000000000000000000e+01 2.500000000000000000000000000000e+01 6.250000000000000000000000000000e+02 1.200000000000000000000000000000e+01
9.200000000000000000000000000000e+01 2.000000000000000000000000000000e+01 4.000000000000000000000000000000e+02 1.300000000000000000000000000000e+01
9.300000000000000000000000000000e+01 1.300000000000000000000000000000e+01 1.690000000000000000000000000000e+02 1.400000000000000000000000000000e+01
9.400000000000000000000000000000e+01 2.100000000000000000000000000000e+01 4.410000000000000000000000000000e+02 1.500000000000000000000000000000e+01
9.500000000000000000000000000000e+01 1.400000000000000000000000000000e+01 1.960000000000000000000000000000e+02 1.600000000000000000000000000000e+01
1.050000000000000000000000000000e+02 2.900000000000000000000000000000e+01 8.410000000000000000000000000000e+02 1.700000000000000000000000000000e+01
1.110000000000000000000000000000e+02 1.700000000000000000000000000000e+01 2.890000000000000000000000000000e+02 1.800000000000000000000000000000e+01
1.240000000000000000000000000000e+02 2.500000000000000000000000000000e+01 6.250000000000000000000000000000e+02 1.900000000000000000000000000000e+01
1.360000000000000000000000000000e+02 1.800000000000000000000000000000e+01 3.240000000000000000000000000000e+02 2.000000000000000000000000000000e+01
1.450000000000000000000000000000e+02 1.600000000000000000000000000000e+01 2.560000000000000000000000000000e+02 2.100000000000000000000000000000e+01
1.470000000000000000000000000000e+02 2.900000000000000000000000000000e+01 8.410000000000000000000000000000e+02 2.200000000000000000000000000000e+01
1.490000000000000000000000000000e+02 1.500000000000000000000000000000e+01 2.250000000000000000000000000000e+02 2.300000000000000000000000000000e+01
1.570000000000000000000000000000e+02 2.000000000000000000000000000000e+01 4.000000000000000000000000000000e+02 2.400000000000000000000000000000e+01
1.640000000000000000000000000000e+02 2.100000000000000000000000000000e+01 4.410000000000000000000000000000e+02 2.500000000000000000000000000000e+01
1.680000000000000000000000000000e+02 1.800000000000000000000000000000e+01 3.240000000000000000000000000000e+02 2.600000000000000000000000000000e+01
1.700000000000000000000000000000e+02 2.000000000000000000000000000000e+01 4.000000000000000000000000000000e+02 2.700000000000000000000000000000e+01
1.760000000000000000000000000000e+02 1.800000000000000000000000000000e+01 3.240000000000000000000000000000e+02 2.800000000000000000000000000000e+01
1.780000000000000000000000000000e+02 1.500000000000000000000000000000e+01 2.250000000000000000000000000000e+02 2.900000000000000000000000000000e+01
1.830000000000000000000000000000e+02 2.000000000000000000000000000000e+01 4.000000000000000000000000000000e+02 3.000000000000000000000000000000e+01
1.840000000000000000000000000000e+02 2.400000000000000000000000000000e+01 5.760000000000000000000000000000e+02 3.100000000000000000000000000000e+01
1.900000000000000000000000000000e+02 1.600000000000000000000000000000e+01 2.560000000000000000000000000000e+02 3.200000000000000000000000000000e+01
1.980000000000000000000000000000e+02 2.100000000000000000000000000000e+01 4.410000000000000000000000000000e+02 3.300000000000000000000000000000e+01
2.060000000000000000000000000000e+02 1.000000000000000000000000000000e+01 1.000000000000000000000000000000e+02 3.400000000000000000000000000000e+01
2.230000000000000000000000000000e+02 2.200000000000000000000000000000e+01 4.840000000000000000000000000000e+02 3.500000000000000000000000000000e+01
2.240000000000000000000000000000e+02 1.300000000000000000000000000000e+01 1.690000000000000000000000000000e+02 3.600000000000000000000000000000e+01
2.400000000000000000000000000000e+02 1.600000000000000000000000000000e+01 2.560000000000000000000000000000e+02 3.700000000000000000000000000000e+01
2.410000000000000000000000000000e+02 2.600000000000000000000000000000e+01 6.760000000000000000000000000000e+02 3.800000000000000000000000000000e+01
2.440000000000000000000000000000e+02 2.100000000000000000000000000000e+01 4.410000000000000000000000000000e+02 3.900000000000000000000000000000e+01
2.460000000000000000000000000000e+02 1.900000000000000000000000000000e+01 3.610000000000000000000000000000e+02 4.000000000000000000000000000000e+01
2.530000000000000000000000000000e+02 2.700000000000000000000000000000e+01 7.290000000000000000000000000000e+02 4.100000000000000000000000000000e+01
2.550000000000000000000000000000e+02 2.100000000000000000000000000000e+01 4.410000000000000000000000000000e+02 4.200000000000000000000000000000e+01
2.630000000000000000000000000000e+02 2.300000000000000000000000000000e+01 5.290000000000000000000000000000e+02 4.300000000000000000000000000000e+01
2.640000000000000000000000000000e+02 2.400000000000000000000000000000e+01 5.760000000000000000000000000000e+02 4.400000000000000000000000000000e+01
2.670000000000000000000000000000e+02 1.400000000000000000000000000000e+01 1.960000000000000000000000000000e+02 4.500000000000000000000000000000e+01
2.680000000000000000000000000000e+02 2.000000000000000000000000000000e+01 4.000000000000000000000000000000e+02 4.600000000000000000000000000000e+01
2.690000000000000000000000000000e+02 2.700000000000000000000000000000e+01 7.290000000000000000000000000000e+02 4.700000000000000000000000000000e+01
2.710000000000000000000000000000e+02 1.400000000000000000000000000000e+01 1.960000000000000000000000000000e+02 4.800000000000000000000000000000e+01
2.740000000000000000000000000000e+02 1.800000000000000000000000000000e+01 3.240000000000000000000000000000e+02 4.900000000000000000000000000000e+01
2.800000000000000000000000000000e+02 2.900000000000000000000000000000e+01 8.410000000000000000000000000000e+02 5.000000000000000000000000000000e+01
2.970000000000000000000000000000e+02 1.500000000000000000000000000000e+01 2.250000000000000000000000000000e+02 5.100000000000000000000000000000e+01
2.990000000000000000000000000000e+02 1.800000000000000000000000000000e+01 3.240000000000000000000000000000e+02 5.200000000000000000000000000000e+01
3.010000000000000000000000000000e+02 2.400000000000000000000000000000e+01 5.760000000000000000000000000000e+02 5.300000000000000000000000000000e+01
3.040000000000000000000000000000e+02 2.700000000000000000000000000000e+01 7.290000000000000000000000000000e+02 5.400000000000000000000000000000e+01
3.050000000000000000000000000000e+02 2.200000000000000000000000000000e+01 4.840000000000000000000000000000e+02 5.500000000000000000000000000000e+01
3.200000000000000000000000000000e+02 1.900000000000000000000000000000e+01 3.610000000000000000000000000000e+02 5.600000000000000000000000000000e+01
3.280000000000000000000000000000e+02 1.500000000000000000000000000000e+01 2.250000000000000000000000000000e+02 5.700000000000000000000000000000e+01
3.380000000000000000000000000000e+02 1.800000000000000000000000000000e+01 3.240000000000000000000000000000e+02 5.800000000000000000000000000000e+01
3.400000000000000000000000000000e+02 1.800000000000000000000000000000e+01 3.240000000000000000000000000000e+02 5.900000000000000000000000000000e+01
3.430000000000000000000000000000e+02 1.300000000000000000000000000000e+01 1.690000000000000000000000000000e+02 6.000000000000000000000000000000e+01
3.440000000000000000000000000000e+02 1.900000000000000000000000000000e+01 3.610000000000000000000000000000e+02 6.100000000000000000000000000000e+01
3.470000000000000000000000000000e+02 2.400000000000000000000000000000e+01 5.760000000000000000000000000000e+02 6.200000000000000000000000000000e+01
3.510000000000000000000000000000e+02 2.500000000000000000000000000000e+01 6.250000000000000000000000000000e+02 6.300000000000000000000000000000e+01
3.630000000000000000000000000000e+02 1.200000000000000000000000000000e+01 1.440000000000000000000000000000e+02 6.400000000000000000000000000000e+01
3.670000000000000000000000000000e+02 2.100000000000000000000000000000e+01 4.410000000000000000000000000000e+02 6.500000000000000000000000000000e+01
3.680000000000000000000000000000e+02 1.500000000000000000000000000000e+01 2.250000000000000000000000000000e+02 6.600000000000000000000000000000e+01
3.700000000000000000000000000000e+02 2.700000000000000000000000000000e+01 7.290000000000000000000000000000e+02 6.700000000000000000000000000000e+01
3.840000000000000000000000000000e+02 2.300000000000000000000000000000e+01 5.290000000000000000000000000000e+02 6.800000000000000000000000000000e+01
3.890000000000000000000000000000e+02 2.000000000000000000000000000000e+01 4.000000000000000000000000000000e+02 6.900000000000000000000000000000e+01
3.920000000000000000000000000000e+02 1.700000000000000000000000000000e+01 2.890000000000000000000000000000e+02 7.000000000000000000000000000000e+01
3.960000000000000000000000000000e+02 2.600000000000000000000000000000e+01 6.760000000000000000000000000000e+02 7.100000000000000000000000000000e+01
3.990000000000000000000000000000e+02 1.600000000000000000000000000000e+01 2.560000000000000000000000000000e+02 7.200000000000000000000000000000e+01
4.040000000000000000000000000000e+02 2.300000000000000000000000000000e+01 5.290000000000000000000000000000e+02 7.300000000000000000000000000000e+01
4.050000000000000000000000000000e+02 2.600000000000000000000000000000e+01 6.760000000000000000000000000000e+02 7.400000000000000000000000000000e+01
4.080000000000000000000000000000e+02 1.600000000000000000000000000000e+01 2.560000000000000000000000000000e+02 7.500000000000000000000000000000e+01
4.090000000000000000000000000000e+02 2.000000000000000000000000000000e+01 4.000000000000000000000000000000e+02 7.600000000000000000000000000000e+01
4.110000000000000000000000000000e+02 1.800000000000000000000000000000e+01 3.240000000000000000000000000000e+02 7.700000000000000000000000000000e+01
4.260000000000000000000000000000e+02 2.800000000000000000000000000000e+01 7.840000000000000000000000000000e+02 7.800000000000000000000000000000e+01
4.380000000000000000000000000000e+02 2.100000000000000000000000000000e+01 4.410000000000000000000000000000e+02 7.900000000000000000000000000000e+01
4.500000000000000000000000000000e+02 1.600000000000000000000000000000e+01 2.560000000000000000000000000000e+02 8.000000000000000000000000000000e+01
4.520000000000000000000000000000e+02 2.500000000000000000000000000000e+01 6.250000000000000000000000000000e+02 8.100000000000000000000000000000e+01
4.530000000000000000000000000000e+02 2.500000000000000000000000000000e+01 6.250000000000000000000000000000e+02 8.200000000000000000000000000000e+01
4.720000000000000000000000000000e+02 1.600000000000000000000000000000e+01 2.560000000000000000000000000000e+02 8.300000000000000000000000000000e+01
4.740000000000000000000000000000e+02 2.300000000000000000000000000000e+01 5.290000000000000000000000000000e+02 8.400000000000000000000000000000e+01
4.800000000000000000000000000000e+02 2.500000000000000000000000000000e+01 6.250000000000000000000000000000e+02 8.500000000000000000000000000000e+01
4.880000000000000000000000000000e+02 2.200000000000000000000000000000e+01 4.840000000000000000000000000000e+02 8.600000000000000000000000000000e+01
4.970000000000000000000000000000e+02 1.400000000000000000000000000000e+01 1.960000000000000000000000000000e+02 8.700000000000000000000000000000e+01
4.980000000000000000000000000000e+02 1.700000000000000000000000000000e+01 2.890000000000000000000000000000e+02 8.800000000000000000000000000000e+01
5.020000000000000000000000000000e+02 1.600000000000000000000000000000e+01 2.560000000000000000000000000000e+02 8.900000000000000000000000000000e+01
5.040000000000000000000000000000e+02 2.000000000000000000000000000000e+01 4.000000000000000000000000000000e+02 9.000000000000000000000000000000e+01
5.080000000000000000000000000000e+02 2.800000000000000000000000000000e+01 7.840000000000000000000000000000e+02 9.100000000000000000000000000000e+01
5.150000000000000000000000000000e+02 2.000000000000000000000000000000e+01 4.000000000000000000000000000000e+02 9.200000000000000000000000000000e+01
5.160000000000000000000000000000e+02 2.700000000000000000000000000000e+01 7.290000000000000000000000000000e+02 9.300000000000000000000000000000e+01
5.260000000000000000000000000000e+02 2.200000000000000000000000000000e+01 4.840000000000000000000000000000e+02 9.400000000000000000000000000000e+01
5.280000000000000000000000000000e+02 1.700000000000000000000000000000e+01 2.890000000000000000000000000000e+02 9.500000000000000000000000000000e+01
5.350000000000000000000000000000e+02 2.100000000000000000000000000000e+01 4.410000000000000000000000000000e+02 9.600000000000000000000000000000e+01
5.370000000000000000000000000000e+02 1.300000000000000000000000000000e+01 1.690000000000000000000000000000e+02 9.700000000000000000000000000000e+01
5.380000000000000000000000000000e+02 1.100000000000000000000000000000e+01 1.210000000000000000000000000000e+02 9.800000000000000000000000000000e+01
5.450000000000000000000000000000e+02 2.800000000000000000000000000000e+01 7.840000000000000000000000000000e+02 9.900000000000000000000000000000e+01
5.540000000000000000000000000000e+02 2.200000000000000000000000000000e+01 4.840000000000000000000000000000e+02 1.000000000000000000000000000000e+02
5.600000000000000000000000000000e+02 2.800000000000000000000000000000e+01 7.840000000000000000000000000000e+02 1.010000000000000000000000000000e+02
5.620000000000000000000000000000e+02 2.100000000000000000000000000000e+01 4.410000000000000000000000000000e+02 1.020000000000000000000000000000e+02
5.810000000000000000000000000000e+02 1.800000000000000000000000000000e+01 3.240000000000000000000000000000e+02 1.030000000000000000000000000000e+02
5.890000000000000000000000000000e+02 1.800000000000000000000000000000e+01 3.240000000000000000000000000000e+02 1.040000000000000000000000000000e+02
5.930000000000000000000000000000e+02 1.200000000000000000000000000000e+01 1.440000000000000000000000000000e+02 1.050000000000000000000000000000e+02
6.040000000000000000000000000000e+02 1.900000000000000000000000000000e+01 3.610000000000000000000000000000e+02 1.060000000000000000000000000000e+02
6.200000000000000000000000000000e+02 1.700000000000000000000000000000e+01 2.890000000000000000000000000000e+02 1.070000000000000000000000000000e+02
6.230000000000000000000000000000e+02 1.900000000000000000000000000000e+01 3.610000000000000000000000000000e+02 1.080000000000000000000000000000e+02
6.370000000000000000000000000000e+02 1.800000000000000000000000000000e+01 3.240000000000000000000000000000e+02 1.090000000000000000000000000000e+02
6.420000000000000000000000000000e+02 1.600000000000000000000000000000e+01 2.560000000000000000000000000000e+02 1.100000000000000000000000000000e+02
6.430000000000000000000000000000e+02 1.800000000000000000000000000000e+01 3.240000000000000000000000000000e+02 1.110000000000000000000000000000e+02
6.440000000000000000000000000000e+02 1.900000000000000000000000000000e+01 3.610000000000000000000000000000e+02 1.120000000000000000000000000000e+02
6.460000000000000000000000000000e+02 2.500000000000000000000000000000e+01 6.250000000000000000000000000000e+02 1.130000000000000000000000000000e+02
6.470000000000000000000000000000e+02 1.500000000000000000000000000000e+01 2.250000000000000000000000000000e+02 1.140000000000000000000000000000e+02
6.500000000000000000000000000000e+02 2.800000000000000000000000000000e+01 7.840000000000000000000000000000e+02 1.150000000000000000000000000000e+02
6.730000000000000000000000000000e+02 2.300000000000000000000000000000e+01 5.290000000000000000000000000000e+02 1.160000000000000000000000000000e+02
6.760000000000000000000000000000e+02 1.900000000000000000000000000000e+01 3.610000000000000000000000000000e+02 1.170000000000000000000000000000e+02
6.770000000000000000000000000000e+02 1.400000000000000000000000000000e+01 1.960000000000000000000000000000e+02 1.180000000000000000000000000000e+02
6.810000000000000000000000000000e+02 1.000000000000000000000000000000e+01 1.000000000000000000000000000000e+02 1.190000000000000000000000000000e+02
6.850000000000000000000000000000e+02 1.200000000000000000000000000000e+01 1.440000000000000000000000000000e+02 1.200000000000000000000000000000e+02
7.130000000000000000000000000000e+02 2.000000000000000000000000000000e+01 4.000000000000000000000000000000e+02 1.210000000000000000000000000000e+02
7.170000000000000000000000000000e+02 2.400000000000000000000000000000e+01 5.760000000000000000000000000000e+02 1.220000000000000000000000000000e+02
7.200000000000000000000000000000e+02 1.500000000000000000000000000000e+01 2.250000000000000000000000000000e+02 1.230000000000000000000000000000e+02
7.230000000000000000000000000000e+02 1.900000000000000000000000000000e+01 3.610000000000000000000000000000e+02 1.240000000000000000000000000000e+02
7.250000000000000000000000000000e+02 2.300000000000000000000000000000e+01 5.290000000000000000000000000000e+02 1.250000000000000000000000000000e+02
7.260000000000000000000000000000e+02 2.100000000000000000000000000000e+01 4.410000000000000000000000000000e+02 1.260000000000000000000000000000e+02
7.270000000000000000000000000000e+02 2.000000000000000000000000000000e+01 4.000000000000000000000000000000e+02 1.270000000000000000000000000000e+02
7.310000000000000000000000000000e+02 2.200000000000000000000000000000e+01 4.840000000000000000000000000000e+02 1.280000000000000000000000000000e+02
7.350000000000000000000000000000e+02 2.100000000000000000000000000000e+01 4.410000000000000000000000000000e+02 1.290000000000000000000000000000e+02
7.360000000000000000000000000000e+02 1.600000000000000000000000000000e+01 2.560000000000000000000000000000e+02 1.300000000000000000000000000000e+02
7.440000000000000000000000000000e+02 1.800000000000000000000000000000e+01 3.240000000000000000000000000000e+02 1.310000000000000000000000000000e+02
7.450000000000000000000000000000e+02 1.400000000000000000000000000000e+01 1.960000000000000000000000000000e+02 1.320000000000000000000000000000e+02
7.600000000000000000000000000000e+02 2.000000000000000000000000000000e+01 4.000000000000000000000000000000e+02 1.330000000000000000000000000000e+02
7.640000000000000000000000000000e+02 2.100000000000000000000000000000e+01 4.410000000000000000000000000000e+02 1.340000000000000000000000000000e+02
7.650000000000000000000000000000e+02 1.900000000000000000000000000000e+01 3.610000000000000000000000000000e+02 1.350000000000000000000000000000e+02
7.810000000000000000000000000000e+02 2.000000000000000000000000000000e+01 4.000000000000000000000000000000e+02 1.360000000000000000000000000000e+02
7.900000000000000000000000000000e+02 2.600000000000000000000000000000e+01 6.760000000000000000000000000000e+02 1.370000000000000000000000000000e+02
7.950000000000000000000000000000e+02 2.000000000000000000000000000000e+01 4.000000000000000000000000000000e+02 1.380000000000000000000000000000e+02
8.120000000000000000000000000000e+02 1.200000000000000000000000000000e+01 1.440000000000000000000000000000e+02 1.390000000000000000000000000000e+02
8.270000000000000000000000000000e+02 2.300000000000000000000000000000e+01 5.290000000000000000000000000000e+02 1.400000000000000000000000000000e+02
8.340000000000000000000000000000e+02 2.900000000000000000000000000000e+01 8.410000000000000000000000000000e+02 1.410000000000000000000000000000e+02
8.370000000000000000000000000000e+02 2.100000000000000000000000000000e+01 4.410000000000000000000000000000e+02 1.420000000000000000000000000000e+02
8.500000000000000000000000000000e+02 2.000000000000000000000000000000e+01 4.000000000000000000000000000000e+02 1.430000000000000000000000000000e+02
8.510000000000000000000000000000e+02 2.300000000000000000000000000000e+01 5.290000000000000000000000000000e+02 1.440000000000000000000000000000e+02
8.520000000000000000000000000000e+02 2.600000000000000000000000000000e+01 6.760000000000000000000000000000e+02 1.450000000000000000000000000000e+02
8.540000000000000000000000000000e+02 1.300000000000000000000000000000e+01 1.690000000000000000000000000000e+02 1.460000000000000000000000000000e+02
8.590000000000000000000000000000e+02 1.800000000000000000000000000000e+01 3.240000000000000000000000000000e+02 1.470000000000000000000000000000e+02
8.600000000000000000000000000000e+02 2.200000000000000000000000000000e+01 4.840000000000000000000000000000e+02 1.480000000000000000000000000000e+02
8.660000000000000000000000000000e+02 1.900000000000000000000000000000e+01 3.610000000000000000000000000000e+02 1.490000000000000000000000000000e+02
8.740000000000000000000000000000e+02 1.400000000000000000000000000000e+01 1.960000000000000000000000000000e+02 1.500000000000000000000000000000e+02
8.800000000000000000000000000000e+02 2.800000000000000000000000000000e+01 7.840000000000000000000000000000e+02 1.510000000000000000000000000000e+02
8.850000000000000000000000000000e+02 2.500000000000000000000000000000e+01 6.250000000000000000000000000000e+02 1.520000000000000000000000000000e+02
8.890000000000000000000000000000e+02 1.800000000000000000000000000000e+01 3.240000000000000000000000000000e+02 1.530000000000000000000000000000e+02
8.950000000000000000000000000000e+02 1.900000000000000000000000000000e+01 3.610000000000000000000000000000e+02 1.540000000000000000000000000000e+02
8.960000000000000000000000000000e+02 1.900000000000000000000000000000e+01 3.610000000000000000000000000000e+02 1.550000000000000000000000000000e+02
8.980000000000000000000000000000e+02 1.600000000000000000000000000000e+01 2.560000000000000000000000000000e+02 1.560000000000000000000000000000e+02
9.010000000000000000000000000000e+02 1.700000000000000000000000000000e+01 2.890000000000000000000000000000e+02 1.570000000000000000000000000000e+02
9.020000000000000000000000000000e+02 2.500000000000000000000000000000e+01 6.250000000000000000000000000000e+02 1.580000000000000000000000000000e+02
9.100000000000000000000000000000e+02 1.700000000000000000000000000000e+01 2.890000000000000000000000000000e+02 1.590000000000000000000000000000e+02
9.120000000000000000000000000000e+02 1.600000000000000000000000000000e+01 2.560000000000000000000000000000e+02 1.600000000000000000000000000000e+02
9.220000000000000000000000000000e+02 2.000000000000000000000000000000e+01 4.000000000000000000000000000000e+02 1.610000000000000000000000000000e+02
9.280000000000000000000000000000e+02 2.500000000000000000000000000000e+01 6.250000000000000000000000000000e+02 1.620000000000000000000000000000e+02
9.350000000000000000000000000000e+02 2.300000000000000000000000000000e+01 5.290000000000000000000000000000e+02 1.630000000000000000000000000000e+02
9.540000000000000000000000000000e+02 2.300000000000000000000000000000e+01 5.290000000000000000000000000000e+02 1.640000000000000000000000000000e+02
9.660000000000000000000000000000e+02 1.800000000000000000000000000000e+01 3.240000000000000000000000000000e+02 1.650000000000000000000000000000e+02
9.670000000000000000000000000000e+02 2.000000000000000000000000000000e+01 4.000000000000000000000000000000e+02 1.660000000000000000000000000000e+02
9.680000000000000000000000000000e+02 1.900000000000000000000000000000e+01 3.610000000000000000000000000000e+02 1.670000000000000000000000000000e+02
9.690000000000000000000000000000e+02 2.400000000000000000000000000000e+01 5.760000000000000000000000000000e+02 1.680000000000000000000000000000e+02
9.720000000000000000000000000000e+02 1.900000000000000000000000000000e+01 3.610000000000000000000000000000e+02 1.690000000000000000000000000000e+02
9.740000000000000000000000000000e+02 1.800000000000000000000000000000e+01 3.240000000000000000000000000000e+02 1.700000000000000000000000000000e+02
9.790000000000000000000000000000e+02 1.900000000000000000000000000000e+01 3.610000000000000000000000000000e+02 1.710000000000000000000000000000e+02
9.910000000000000000000000000000e+02 2.100000000000000000000000000000e+01 4.410000000000000000000000000000e+02 1.720000000000000000000000000000e+02
9.960000000000000000000000000000e+02 2.600000000000000000000000000000e+01 6.760000000000000000000000000000e+02 1.730000000000000000000000000000e+02
1.006000000000000000000000000000e+03 2.000000000000000000000000000000e+01 4.000000000000000000000000000000e+02 1.740000000000000000000000000000e+02
1.008000000000000000000000000000e+03 1.800000000000000000000000000000e+01 3.240000000000000000000000000000e+02 1.750000000000000000000000000000e+02
1.023000000000000000000000000000e+03 1.900000000000000000000000000000e+01 3.610000000000000000000000000000e+02 1.760000000000000000000000000000e+02
1.026000000000000000000000000000e+03 1.900000000000000000000000000000e+01 3.610000000000000000000000000000e+02 1.770000000000000000000000000000e+02
1.028000000000000000000000000000e+03 1.700000000000000000000000000000e+01 2.890000000000000000000000000000e+02 1.780000000000000000000000000000e+02
1.034000000000000000000000000000e+03 2.000000000000000000000000000000e+01 4.000000000000000000000000000000e+02 1.790000000000000000000000000000e+02
1.036000000000000000000000000000e+03 1.200000000000000000000000000000e+01 1.440000000000000000000000000000e+02 1.800000000000000000000000000000e+02
1.045000000000000000000000000000e+03 1.900000000000000000000000000000e+01 3.610000000000000000000000000000e+02 1.810000000000000000000000000000e+02
1.048000000000000000000000000000e+03 2.300000000000000000000000000000e+01 5.290000000000000000000000000000e+02 1.820000000000000000000000000000e+02
1.052000000000000000000000000000e+03 1.900000000000000000000000000000e+01 3.610000000000000000000000000000e+02 1.830000000000000000000000000000e+02
1.060000000000000000000000000000e+03 2.100000000000000000000000000000e+01 4.410000000000000000000000000000e+02 1.840000000000000000000000000000e+02
1.062000000000000000000000000000e+03 1.200000000000000000000000000000e+01 1.440000000000000000000000000000e+02 1.850000000000000000000000000000e+02
1.065000000000000000000000000000e+03 2.300000000000000000000000000000e+01 5.290000000000000000000000000000e+02 1.860000000000000000000000000000e+02
1.068000000000000000000000000000e+03 1.900000000000000000000000000000e+01 3.610000000000000000000000000000e+02 1.870000000000000000000000000000e+02
1.074000000000000000000000000000e+03 2.300000000000000000000000000000e+01 5.290000000000000000000000000000e+02 1.880000000000000000000000000000e+02
1.075000000000000000000000000000e+03 2.300000000000000000000000000000e+01 5.290000000000000000000000000000e+02 1.890000000000000000000000000000e+02
1.087000000000000000000000000000e+03 1.900000000000000000000000000000e+01 3.610000000000000000000000000000e+02 1.900000000000000000000000000000e+02
1.089000000000000000000000000000e+03 2.600000000000000000000000000000e+01 6.760000000000000000000000000000e+02 1.910000000000000000000000000000e+02
1.090000000000000000000000000000e+03 1.700000000000000000000000000000e+01 2.890000000000000000000000000000e+02 1.920000000000000000000000000000e+02
1.093000000000000000000000000000e+03 3.100000000000000000000000000000e+01 9.610000000000000000000000000000e+02 1.930000000000000000000000000000e+02
1.094000000000000000000000000000e+03 2.000000000000000000000000000000e+01 4.000000000000000000000000000000e+02 1.940000000000000000000000000000e+02
1.097000000000000000000000000000e+03 1.900000000000000000000000000000e+01 3.610000000000000000000000000000e+02 1.950000000000000000000000000000e+02
1.099000000000000000000000000000e+03 2.200000000000000000000000000000e+01 4.840000000000000000000000000000e+02 1.960000000000000000000000000000e+02
1.101000000000000000000000000000e+03 2.800000000000000000000000000000e+01 7.840000000000000000000000000000e+02 1.970000000000000000000000000000e+02
1.109000000000000000000000000000e+03 2.400000000000000000000000000000e+01 5.760000000000000000000000000000e+02 1.980000000000000000000000000000e+02
1.118000000000000000000000000000e+03 2.400000000000000000000000000000e+01 5.760000000000000000000000000000e+02 1.990000000000000000000000000000e+02
1.122000000000000000000000000000e+03 2.300000000000000000000000000000e+01 5.290000000000000000000000000000e+02 2.000000000000000000000000000000e+02
1.123000000000000000000000000000e+03 2.500000000000000000000000000000e+01 6.250000000000000000000000000000e+02 2.010000000000000000000000000000e+02
1.129000000000000000000000000000e+03 2.600000000000000000000000000000e+01 6.760000000000000000000000000000e+02 2.020000000000000000000000000000e+02
1.130000000000000000000000000000e+03 2.400000000000000000000000000000e+01 5.760000000000000000000000000000e+02 2.030000000000000000000000000000e+02
1.143000000000000000000000000000e+03 1.500000000000000000000000000000e+01 2.250000000000000000000000000000e+02 2.040000000000000000000000000000e+02
1.147000000000000000000000000000e+03 1.900000000000000000000000000000e+01 3.610000000000000000000000000000e+02 2.050000000000000000000000000000e+02
1.153000000000000000000000000000e+03 1.300000000000000000000000000000e+01 1.690000000000000000000000000000e+02 2.060000000000000000000000000000e+02
1.157000000000000000000000000000e+03 2.500000000000000000000000000000e+01 6.250000000000000000000000000000e+02 2.070000000000000000000000000000e+02
1.158000000000000000000000000000e+03 1.100000000000000000000000000000e+01 1.210000000000000000000000000000e+02 2.080000000000000000000000000000e+02
1.163000000000000000000000000000e+03 1.500000000000000000000000000000e+01 2.250000000000000000000000000000e+02 2.090000000000000000000000000000e+02
1.166000000000000000000000000000e+03 1.800000000000000000000000000000e+01 3.240000000000000000000000000000e+02 2.100000000000000000000000000000e+02
1.168000000000000000000000000000e+03 2.800000000000000000000000000000e+01 7.840000000000000000000000000000e+02 2.110000000000000000000000000000e+02
1.173000000000000000000000000000e+03 2.100000000000000000000000000000e+01 4.410000000000000000000000000000e+02 2.120000000000000000000000000000e+02
1.176000000000000000000000000000e+03 2.600000000000000000000000000000e+01 6.760000000000000000000000000000e+02 2.130000000000000000000000000000e+02
1.177000000000000000000000000000e+03 2.100000000000000000000000000000e+01 4.410000000000000000000000000000e+02 2.140000000000000000000000000000e+02
1.178000000000000000000000000000e+03 1.700000000000000000000000000000e+01 2.890000000000000000000000000000e+02 2.150000000000000000000000000000e+02
1.181000000000000000000000000000e+03 1.600000000000000000000000000000e+01 2.560000000000000000000000000000e+02 2.160000000000000000000000000000e+02
1.183000000000000000000000000000e+03 1.200000000000000000000000000000e+01 1.440000000000000000000000000000e+02 2.170000000000000000000000000000e+02
1.186000000000000000000000000000e+03 1.400000000000000000000000000000e+01 1.960000000000000000000000000000e+02 2.180000000000000000000000000000e+02
1.187000000000000000000000000000e+03 2.300000000000000000000000000000e+01 5.290000000000000000000000000000e+02 2.190000000000000000000000000000e+02
1.188000000000000000000000000000e+03 2.100000000000000000000000000000e+01 4.410000000000000000000000000000e+02 2.200000000000000000000000000000e+02
1.191000000000000000000000000000e+03 1.300000000000000000000000000000e+01 1.690000000000000000000000000000e+02 2.210000000000000000000000000000e+02
1.192000000000000000000000000000e+03 2.700000000000000000000000000000e+01 7.290000000000000000000000000000e+02 2.220000000000000000000000000000e+02
1.203000000000000000000000000000e+03 1.500000000000000000000000000000e+01 2.250000000000000000000000000000e+02 2.230000000000000000000000000000e+02
1.205000000000000000000000000000e+03 1.900000000000000000000000000000e+01 3.610000000000000000000000000000e+02 2.240000000000000000000000000000e+02
1.207000000000000000000000000000e+03 2.400000000000000000000000000000e+01 5.760000000000000000000000000000e+02 2.250000000000000000000000000000e+02
1.210000000000000000000000000000e+03 2.800000000000000000000000000000e+01 7.840000000000000000000000000000e+02 2.260000000000000000000000000000e+02
1.212000000000000000000000000000e+03 2.400000000000000000000000000000e+01 5.760000000000000000000000000000e+02 2.270000000000000000000000000000e+02
1.215000000000000000000000000000e+03 2.900000000000000000000000000000e+01 8.410000000000000000000000000000e+02 2.280000000000000000000000000000e+02
1.219000000000000000000000000000e+03 3.100000000000000000000000000000e+01 9.610000000000000000000000000000e+02 2.290000000000000000000000000000e+02
1.220000000000000000000000000000e+03 1.500000000000000000000000000000e+01 2.250000000000000000000000000000e+02 2.300000000000000000000000000000e+02
1.223000000000000000000000000000e+03 3.000000000000000000000000000000e+01 9.000000000000000000000000000000e+02 2.310000000000000000000000000000e+02
1.228000000000000000000000000000e+03 1.300000000000000000000000000000e+01 1.690000000000000000000000000000e+02 2.320000000000000000000000000000e+02
1.242000000000000000000000000000e+03 2.500000000000000000000000000000e+01 6.250000000000000000000000000000e+02 2.330000000000000000000000000000e+02
1.244000000000000000000000000000e+03 1.600000000000000000000000000000e+01 2.560000000000000000000000000000e+02 2.340000000000000000000000000000e+02
1.245000000000000000000000000000e+03 2.100000000000000000000000000000e+01 4.410000000000000000000000000000e+02 2.350000000000000000000000000000e+02
1.246000000000000000000000000000e+03 2.500000000000000000000000000000e+01 6.250000000000000000000000000000e+02 2.360000000000000000000000000000e+02
1.263000000000000000000000000000e+03 1.600000000000000000000000000000e+01 2.560000000000000000000000000000e+02 2.370000000000000000000000000000e+02
1.267000000000000000000000000000e+03 2.500000000000000000000000000000e+01 6.250000000000000000000000000000e+02 2.380000000000000000000000000000e+02
1.286000000000000000000000000000e+03 2.500000000000000000000000000000e+01 6.250000000000000000000000000000e+02 2.390000000000000000000000000000e+02
1.297000000000000000000000000000e+03 2.300000000000000000000000000000e+01 5.290000000000000000000000000000e+02 2.400000000000000000000000000000e+02
1.300000000000000000000000000000e+03 2.100000000000000000000000000000e+01 4.410000000000000000000000000000e+02 2.410000000000000000000000000000e+02
1.303000000000000000000000000000e+03 2.100000000000000000000000000000e+01 4.410000000000000000000000000000e+02 2.420000000000000000000000000000e+02
1.305000000000000000000000000000e+03 1.500000000000000000000000000000e+01 2.250000000000000000000000000000e+02 2.430000000000000000000000000000e+02
1.309000000000000000000000000000e+03 2.000000000000000000000000000000e+01 4.000000000000000000000000000000e+02 2.440000000000000000000000000000e+02
1.311000000000000000000000000000e+03 2.500000000000000000000000000000e+01 6.250000000000000000000000000000e+02 2.450000000000000000000000000000e+02
1.317000000000000000000000000000e+03 2.400000000000000000000000000000e+01 5.760000000000000000000000000000e+02 2.460000000000000000000000000000e+02
1.319000000000000000000000000000e+03 2.000000000000000000000000000000e+01 4.000000000000000000000000000000e+02 2.470000000000000000000000000000e+02
1.321000000000000000000000000000e+03 1.600000000000000000000000000000e+01 2.560000000000000000000000000000e+02 2.480000000000000000000000000000e+02
1.327000000000000000000000000000e+03 1.500000000000000000000000000000e+01 2.250000000000000000000000000000e+02 2.490000000000000000000000000000e+02
1.332000000000000000000000000000e+03 2.400000000000000000000000000000e+01 5.760000000000000000000000000000e+02 2.500000000000000000000000000000e+02
1.336000000000000000000000000000e+03 1.500000000000000000000000000000e+01 2.250000000000000000000000000000e+02 2.510000000000000000000000000000e+02
1.345000000000000000000000000000e+03 1.400000000000000000000000000000e+01 1.960000000000000000000000000000e+02 2.520000000000000000000000000000e+02
1.346000000000000000000000000000e+03 2.700000000000000000000000000000e+01 7.290000000000000000000000000000e+02 2.530000000000000000000000000000e+02
1.353000000000000000000000000000e+03 2.800000000000000000000000000000e+01 7.840000000000000000000000000000e+02 2.540000000000000000000000000000e+02
1.357000000000000000000000000000e+03 1.600000000000000000000000000000e+01 2.560000000000000000000000000000e+02 2.550000000000000000000000000000e+02
1.358000000000000000000000000000e+03 1.900000000000000000000000000000e+01 3.610000000000000000000000000000e+02 2.560000000000000000000000000000e+02
1.359000000000000000000000000000e+03 2.300000000000000000000000000000e+01 5.290000000000000000000000000000e+02 2.570000000000000000000000000000e+02
1.360000000000000000000000000000e+03 1.600000000000000000000000000000e+01 2.560000000000000000000000000000e+02 2.580000000000000000000000000000e+02
1.362000000000000000000000000000e+03 1.500000000000000000000000000000e+01 2.250000000000000000000000000000e+02 2.590000000000000000000000000000e+02
1.374000000000000000000000000000e+03 2.100000000000000000000000000000e+01 4.410000000000000000000000000000e+02 2.600000000000000000000000000000e+02
1.380000000000000000000000000000e+03 2.400000000000000000000000000000e+01 5.760000000000000000000000000000e+02 2.610000000000000000000000000000e+02
1.387000000000000000000000000000e+03 1.700000000000000000000000000000e+01 2.890000000000000000000000000000e+02 2.620000000000000000000000000000e+02
1.388000000000000000000000000000e+03 2.200000000000000000000000000000e+01 4.840000000000000000000000000000e+02 2.630000000000000000000000000000e+02
1.395000000000000000000000000000e+03 2.100000000000000000000000000000e+01 4.410000000000000000000000000000e+02 2.640000000000000000000000000000e+02
1.396000000000000000000000000000e+03 2.300000000000000000000000000000e+01 5.290000000000000000000000000000e+02 2.650000000000000000000000000000e+02
1.406000000000000000000000000000e+03 1.300000000000000000000000000000e+01 1.690000000000000000000000000000e+02 2.660000000000000000000000000000e+02
1.411000000000000000000000000000e+03 1.900000000000000000000000000000e+01 3.610000000000000000000000000000e+02 2.670000000000000000000000000000e+02
1.418000000000000000000000000000e+03 2.400000000000000000000000000000e+01 5.760000000000000000000000000000e+02 2.680000000000000000000000000000e+02
1.436000000000000000000000000000e+03 2.100000000000000000000000000000e+01 4.410000000000000000000000000000e+02 2.690000000000000000000000000000e+02
1.444000000000000000000000000000e+03 1.100000000000000000000000000000e+01 1.210000000000000000000000000000e+02 2.700000000000000000000000000000e+02
1.456000000000000000000000000000e+03 1.900000000000000000000000000000e+01 3.610000000000000000000000000000e+02 2.710000000000000000000000000000e+02
1.461000000000000000000000000000e+03 2.300000000000000000000000000000e+01 5.290000000000000000000000000000e+02 2.720000000000000000000000000000e+02
1.462000000000000000000000000000e+03 1.800000000000000000000000000000e+01 3.240000000000000000000000000000e+02 2.730000000000000000000000000000e+02
1.464000000000000000000000000000e+03 1.800000000000000000000000000000e+01 3.240000000000000000000000000000e+02 2.740000000000000000000000000000e+02
1.467000000000000000000000000000e+03 1.600000000000000000000000000000e+01 2.560000000000000000000000000000e+02 2.750000000000000000000000000000e+02
1.469000000000000000000000000000e+03 1.700000000000000000000000000000e+01 2.890000000000000000000000000000e+02 2.760000000000000000000000000000e+02
1.475000000000000000000000000000e+03 2.200000000000000000000000000000e+01 4.840000000000000000000000000000e+02 2.770000000000000000000000000000e+02
1.479000000000000000000000000000e+03 2.300000000000000000000000000000e+01 5.290000000000000000000000000000e+02 2.780000000000000000000000000000e+02
1.484000000000000000000000000000e+03 2.700000000000000000000000000000e+01 7.290000000000000000000000000000e+02 2.790000000000000000000000000000e+02
1.486000000000000000000000000000e+03 1.100000000000000000000000000000e+01 1.210000000000000000000000000000e+02 2.800000000000000000000000000000e+02
1.488000000000000000000000000000e+03 2.800000000000000000000000000000e+01 7.840000000000000000000000000000e+02 2.810000000000000000000000000000e+02
1.491000000000000000000000000000e+03 2.400000000000000000000000000000e+01 5.760000000000000000000000000000e+02 2.820000000000000000000000000000e+02
1.496000000000000000000000000000e+03 2.400000000000000000000000000000e+01 5.760000000000000000000000000000e+02 2.830000000000000000000000000000e+02
1.497000000000000000000000000000e+03 2.300000000000000000000000000000e+01 5.290000000000000000000000000000e+02 2.840000000000000000000000000000e+02
1.500000000000000000000000000000e+03 2.700000000000000000000000000000e+01 7.290000000000000000000000000000e+02 2.850000000000000000000000000000e+02
1.506000000000000000000000000000e+03 1.200000000000000000000000000000e+01 1.440000000000000000000000000000e+02 2.860000000000000000000000000000e+02
1.508000000000000000000000000000e+03 1.600000000000000000000000000000e+01 2.560000000000000000000000000000e+02 2.870000000000000000000000000000e+02
1.509000000000000000000000000000e+03 1.500000000000000000000000000000e+01 2.250000000000000000000000000000e+02 2.880000000000000000000000000000e+02
1.515000000000000000000000000000e+03 1.500000000000000000000000000000e+01 2.250000000000000000000000000000e+02 2.890000000000000000000000000000e+02
1.518000000000000000000000000000e+03 2.800000000000000000000000000000e+01 7.840000000000000000000000000000e+02 2.900000000000000000000000000000e+02
1.521000000000000000000000000000e+03 2.200000000000000000000000000000e+01 4.840000000000000000000000000000e+02 2.910000000000000000000000000000e+02
1.527000000000000000000000000000e+03 2.100000000000000000000000000000e+01 4.410000000000000000000000000000e+02 2.920000000000000000000000000000e+02
1.531000000000000000000000000000e+03 2.100000000000000000000000000000e+01 4.410000000000000000000000000000e+02 2.930000000000000000000000000000e+02
1.539000000000000000000000000000e+03 1.400000000000000000000000000000e+01 1.960000000000000000000000000000e+02 2.940000000000000000000000000000e+02
1.540000000000000000000000000000e+03 2.200000000000000000000000000000e+01 4.840000000000000000000000000000e+02 2.950000000000000000000000000000e+02
1.542000000000000000000000000000e+03 1.900000000000000000000000000000e+01 3.610000000000000000000000000000e+02 2.960000000000000000000000000000e+02
1.543000000000000000000000000000e+03 1.900000000000000000000000000000e+01 3.610000000000000000000000000000e+02 2.970000000000000000000000000000e+02
1.549000000000000000000000000000e+03 2.500000000000000000000000000000e+01 6.250000000000000000000000000000e+02 2.980000000000000000000000000000e+02
1.551000000000000000000000000000e+03 1.600000000000000000000000000000e+01 2.560000000000000000000000000000e+02 2.990000000000000000000000000000e+02
1.552000000000000000000000000000e+03 2.100000000000000000000000000000e+01 4.410000000000000000000000000000e+02 3.000000000000000000000000000000e+02
1.553000000000000000000000000000e+03 2.400000000000000000000000000000e+01 5.760000000000000000000000000000e+02 3.010000000000000000000000000000e+02
1.555000000000000000000000000000e+03 1.500000000000000000000000000000e+01 2.250000000000000000000000000000e+02 3.020000000000000000000000000000e+02
1.558000000000000000000000000000e+03 1.900000000000000000000000000000e+01 3.610000000000000000000000000000e+02 3.030000000000000000000000000000e+02
1.574000000000000000000000000000e+03 2.600000000000000000000000000000e+01 6.760000000000000000000000000000e+02 3.040000000000000000000000000000e+02
1.577000000000000000000000000000e+03 1.600000000000000000000000000000e+01 2.560000000000000000000000000000e+02 3.050000000000000000000000000000e+02
1.582000000000000000000000000000e+03 2.000000000000000000000000000000e+01 4.000000000000000000000000000000e+02 3.060000000000000000000000000000e+02
1.587000000000000000000000000000e+03 2.600000000000000000000000000000e+01 6.760000000000000000000000000000e+02 3.070000000000000000000000000000e+02
1.597000000000000000000000000000e+03 2.100000000000000000000000000000e+01 4.410000000000000000000000000000e+02 3.080000000000000000000000000000e+02
1.600000000000000000000000000000e+03 2.000000000000000000000000000000e+01 4.000000000000000000000000000000e+02 3.090000000000000000000000000000e+02
1.601000000000000000000000000000e+03 1.900000000000000000000000000000e+01 3.610000000000000000000000000000e+02 3.100000000000000000000000000000e+02
1.603000000000000000000000000000e+03 1.700000000000000000000000000000e+01 2.890000000000000000000000000000e+02 3.110000000000000000000000000000e+02
1.605000000000000000000000000000e+03 2.100000000000000000000000000000e+01 4.410000000000000000000000000000e+02 3.120000000000000000000000000000e+02
1.609000000000000000000000000000e+03 2.000000000000000000000000000000e+01 4.000000000000000000000000000000e+02 3.130000000000000000000000000000e+02
1.614000000000000000000000000000e+03 2.800000000000000000000000000000e+01 7.840000000000000000000000000000e+02 3.140000000000000000000000000000e+02
1.615000000000000000000000000000e+03 2.600000000000000000000000000000e+01 6.760000000000000000000000000000e+02 3.150000000000000000000000000000e+02
1.617000000000000000000000000000e+03 2.600000000000000000000000000000e+01 6.760000000000000000000000000000e+02 3.160000000000000000000000000000e+02
1.621000000000000000000000000000e+03 1.900000000000000000000000000000e+01 3.610000000000000000000000000000e+02 3.170000000000000000000000000000e+02
1.622000000000000000000000000000e+03 1.500000000000000000000000000000e+01 2.250000000000000000000000000000e+02 3.180000000000000000000000000000e+02
1.624000000000000000000000000000e+03 1.800000000000000000000000000000e+01 3.240000000000000000000000000000e+02 3.190000000000000000000000000000e+02
1.632000000000000000000000000000e+03 2.100000000000000000000000000000e+01 4.410000000000000000000000000000e+02 3.200000000000000000000000000000e+02
1.649000000000000000000000000000e+03 2.000000000000000000000000000000e+01 4.000000000000000000000000000000e+02 3.210000000000000000000000000000e+02
1.650000000000000000000000000000e+03 1.500000000000000000000000000000e+01 2.250000000000000000000000000000e+02 3.220000000000000000000000000000e+02
1.657000000000000000000000000000e+03 2.300000000000000000000000000000e+01 5.290000000000000000000000000000e+02 3.230000000000000000000000000000e+02
1.659000000000000000000000000000e+03 2.500000000000000000000000000000e+01 6.250000000000000000000000000000e+02 3.240000000000000000000000000000e+02
1.671000000000000000000000000000e+03 2.000000000000000000000000000000e+01 4.000000000000000000000000000000e+02 3.250000000000000000000000000000e+02
1.673000000000000000000000000000e+03 1.400000000000000000000000000000e+01 1.960000000000000000000000000000e+02 3.260000000000000000000000000000e+02
1.675000000000000000000000000000e+03 1.600000000000000000000000000000e+01 2.560000000000000000000000000000e+02 3.270000000000000000000000000000e+02
1.676000000000000000000000000000e+03 2.700000000000000000000000000000e+01 7.290000000000000000000000000000e+02 3.280000000000000000000000000000e+02
1.679000000000000000000000000000e+03 2.000000000000000000000000000000e+01 4.000000000000000000000000000000e+02 3.290000000000000000000000000000e+02
1.681000000000000000000000000000e+03 2.000000000000000000000000000000e+01 4.000000000000000000000000000000e+02 3.300000000000000000000000000000e+02
1.682000000000000000000000000000e+03 2.000000000000000000000000000000e+01 4.000000000000000000000000000000e+02 3.310000000000000000000000000000e+02
1.689000000000000000000000000000e+03 2.400000000000000000000000000000e+01 5.760000000000000000000000000000e+02 3.320000000000000000000000000000e+02
1.703000000000000000000000000000e+03 1.700000000000000000000000000000e+01 2.890000000000000000000000000000e+02 3.330000000000000000000000000000e+02
1.709000000000000000000000000000e+03 1.900000000000000000000000000000e+01 3.610000000000000000000000000000e+02 3.340000000000000000000000000000e+02
1.714000000000000000000000000000e+03 1.800000000000000000000000000000e+01 3.240000000000000000000000000000e+02 3.350000000000000000000000000000e+02
1.719000000000000000000000000000e+03 1.800000000000000000000000000000e+01 3.240000000000000000000000000000e+02 3.360000000000000000000000000000e+02
1.720000000000000000000000000000e+03 2.900000000000000000000000000000e+01 8.410000000000000000000000000000e+02 3.370000000000000000000000000000e+02
1.726000000000000000000000000000e+03 2.600000000000000000000000000000e+01 6.760000000000000000000000000000e+02 3.380000000000000000000000000000e+02
1.728000000000000000000000000000e+03 1.500000000000000000000000000000e+01 2.250000000000000000000000000000e+02 3.390000000000000000000000000000e+02
1.734000000000000000000000000000e+03 2.000000000000000000000000000000e+01 4.000000000000000000000000000000e+02 3.400000000000000000000000000000e+02
1.737000000000000000000000000000e+03 2.400000000000000000000000000000e+01 5.760000000000000000000000000000e+02 3.410000000000000000000000000000e+02
1.740000000000000000000000000000e+03 1.700000000000000000000000000000e+01 2.890000000000000000000000000000e+02 3.420000000000000000000000000000e+02
1.753000000000000000000000000000e+03 2.600000000000000000000000000000e+01 6.760000000000000000000000000000e+02 3.430000000000000000000000000000e+02
1.754000000000000000000000000000e+03 1.900000000000000000000000000000e+01 3.610000000000000000000000000000e+02 3.440000000000000000000000000000e+02
1.755000000000000000000000000000e+03 1.600000000000000000000000000000e+01 2.560000000000000000000000000000e+02 3.450000000000000000000000000000e+02
1.760000000000000000000000000000e+03 2.600000000000000000000000000000e+01 6.760000000000000000000000000000e+02 3.460000000000000000000000000000e+02
1.762000000000000000000000000000e+03 1.500000000000000000000000000000e+01 2.250000000000000000000000000000e+02 3.470000000000000000000000000000e+02
1.767000000000000000000000000000e+03 1.900000000000000000000000000000e+01 3.610000000000000000000000000000e+02 3.480000000000000000000000000000e+02
1.768000000000000000000000000000e+03 2.300000000000000000000000000000e+01 5.290000000000000000000000000000e+02 3.490000000000000000000000000000e+02
1.786000000000000000000000000000e+03 1.500000000000000000000000000000e+01 2.250000000000000000000000000000e+02 3.500000000000000000000000000000e+02
1.794000000000000000000000000000e+03 1.400000000000000000000000000000e+01 1.960000000000000000000000000000e+02 3.510000000000000000000000000000e+02
1.799000000000000000000000000000e+03 1.700000000000000000000000000000e+01 2.890000000000000000000000000000e+02 3.520000000000000000000000000000e+02
1.809000000000000000000000000000e+03 1.700000000000000000000000000000e+01 2.890000000000000000000000000000e+02 3.530000000000000000000000000000e+02
1.811000000000000000000000000000e+03 1.700000000000000000000000000000e+01 2.890000000000000000000000000000e+02 3.540000000000000000000000000000e+02
1.819000000000000000000000000000e+03 1.800000000000000000000000000000e+01 3.240000000000000000000000000000e+02 3.550000000000000000000000000000e+02
1.822000000000000000000000000000e+03 2.000000000000000000000000000000e+01 4.000000000000000000000000000000e+02 3.560000000000000000000000000000e+02
1.824000000000000000000000000000e+03 2.300000000000000000000000000000e+01 5.290000000000000000000000000000e+02 3.570000000000000000000000000000e+02
1.841000000000000000000000000000e+03 1.500000000000000000000000000000e+01 2.250000000000000000000000000000e+02 3.580000000000000000000000000000e+02
1.852000000000000000000000000000e+03 1.800000000000000000000000000000e+01 3.240000000000000000000000000000e+02 3.590000000000000000000000000000e+02
1.854000000000000000000000000000e+03 2.300000000000000000000000000000e+01 5.290000000000000000000000000000e+02 3.600000000000000000000000000000e+02
1.859000000000000000000000000000e+03 1.200000000000000000000000000000e+01 1.440000000000000000000000000000e+02 3.610000000000000000000000000000e+02
1.861000000000000000000000000000e+03 1.700000000000000000000000000000e+01 2.890000000000000000000000000000e+02 3.620000000000000000000000000000e+02
1.862000000000000000000000000000e+03 1.500000000000000000000000000000e+01 2.250000000000000000000000000000e+02 3.630000000000000000000000000000e+02
1.868000000000000000000000000000e+03 1.400000000000000000000000000000e+01 1.960000000000000000000000000000e+02 3.640000000000000000000000000000e+02
1.874000000000000000000000000000e+03 1.600000000000000000000000000000e+01 2.560000000000000000000000000000e+02 3.650000000000000000000000000000e+02
1.877000000000000000000000000000e+03 1.700000000000000000000000000000e+01 2.890000000000000000000000000000e+02 3.660000000000000000000000000000e+02
1.879000000000000000000000000000e+03 1.800000000000000000000000000000e+01 3.240000000000000000000000000000e+02 3.670000000000000000000000000000e+02
1.882000000000000000000000000000e+03 1.300000000000000000000000000000e+01 1.690000000000000000000000000000e+02 3.680000000000000000000000000000e+02
1.891000000000000000000000000000e+03 1.300000000000000000000000000000e+01 1.690000000000000000000000000000e+02 3.690000000000000000000000000000e+02
1.893000000000000000000000000000e+03 1.700000000000000000000000000000e+01 2.890000000000000000000000000000e+02 3.700000000000000000000000000000e+02
1.895000000000000000000000000000e+03 1.800000000000000000000000000000e+01 3.240000000000000000000000000000e+02 3.710000000000000000000000000000e+02
1.898000000000000000000000000000e+03 1.300000000000000000000000000000e+01 1.690000000000000000000000000000e+02 3.720000000000000000000000000000e+02
1.900000000000000000000000000000e+03 2.200000000000000000000000000000e+01 4.840000000000000000000000000000e+02 3.730000000000000000000000000000e+02
1.902000000000000000000000000000e+03 2.000000000000000000000000000000e+01 4.000000000000000000000000000000e+02 3.740000000000000000000000000000e+02
1.903000000000000000000000000000e+03 1.700000000000000000000000000000e+01 2.890000000000000000000000000000e+02 3.750000000000000000000000000000e+02
1.912000000000000000000000000000e+03 2.200000000000000000000000000000e+01 4.840000000000000000000000000000e+02 3.760000000000000000000000000000e+02
1.923000000000000000000000000000e+03 2.700000000000000000000000000000e+01 7.290000000000000000000000000000e+02 3.770000000000000000000000000000e+02
1.925000000000000000000000000000e+03 2.700000000000000000000000000000e+01 7.290000000000000000000000000000e+02 3.780000000000000000000000000000e+02
1.927000000000000000000000000000e+03 1.300000000000000000000000000000e+01 1.690000000000000000000000000000e+02 3.790000000000000000000000000000e+02
1.928000000000000000000000000000e+03 1.900000000000000000000000000000e+01 3.610000000000000000000000000000e+02 3.800000000000000000000000000000e+02
1.939000000000000000000000000000e+03 1.900000000000000000000000000000e+01 3.610000000000000000000000000000e+02 3.810000000000000000000000000000e+02
1.944000000000000000000000000000e+03 1.500000000000000000000000000000e+01 2.250000000000000000000000000000e+02 3.820000000000000000000000000000e+02
1.946000000000000000000000000000e+03 2.600000000000000000000000000000e+01 6.760000000000000000000000000000e+02 3.830000000000000000000000000000e+02
1.963000000000000000000000000000e+03 1.400000000000000000000000000000e+01 1.960000000000000000000000000000e+02 3.840000000000000000000000000000e+02
1.968000000000000000000000000000e+03 2.000000000000000000000000000000e+01 4.000000000000000000000000000000e+02 3.850000000000000000000000000000e+02
1.971000000000000000000000000000e+03 1.400000000000000000000000000000e+01 1.960000000000000000000000000000e+02 3.860000000000000000000000000000e+02
1.978000000000000000000000000000e+03 1.900000000000000000000000000000e+01 3.610000000000000000000000000000e+02 3.870000000000000000000000000000e+02
1.979000000000000000000000000000e+03 1.600000000000000000000000000000e+01 2.560000000000000000000000000000e+02 3.880000000000000000000000000000e+02
2.000000000000000000000000000000e+03 1.900000000000000000000000000000e+01 3.610000000000000000000000000000e+02 3.890000000000000000000000000000e+02
2.007000000000000000000000000000e+03 1.700000000000000000000000000000e+01 2.890000000000000000000000000000e+02 3.900000000000000000000000000000e+02
2.011000000000000000000000000000e+03 1.200000000000000000000000000000e+01 1.440000000000000000000000000000e+02 3.910000000000000000000000000000e+02
2.017000000000000000000000000000e+03 2.000000000000000000000000000000e+01 4.000000000000000000000000000000e+02 3.920000000000000000000000000000e+02
2.021000000000000000000000000000e+03 2.200000000000000000000000000000e+01 4.840000000000000000000000000000e+02 3.930000000000000000000000000000e+02
2.023000000000000000000000000000e+03 1.500000000000000000000000000000e+01 2.250000000000000000000000000000e+02 3.940000000000000000000000000000e+02
2.025000000000000000000000000000e+03 2.100000000000000000000000000000e+01 4.410000000000000000000000000000e+02 3.950000000000000000000000000000e+02
2.026000000000000000000000000000e+03 1.600000000000000000000000000000e+01 2.560000000000000000000000000000e+02 3.960000000000000000000000000000e+02
2.034000000000000000000000000000e+03 1.900000000000000000000000000000e+01 3.610000000000000000000000000000e+02 3.970000000000000000000000000000e+02
2.041000000000000000000000000000e+03 2.100000000000000000000000000000e+01 4.410000000000000000000000000000e+02 3.980000000000000000000000000000e+02
2.047000000000000000000000000000e+03 2.600000000000000000000000000000e+01 6.760000000000000000000000000000e+02 3.990000000000000000000000000000e+02
