9.000000000000000000000000000000e+00 1.900000000000000000000000000000e+01 3.610000000000000000000000000000e+02 0.000000000000000000000000000000e+00
1.500000000000000000000000000000e+01 1.600000000000000000000000000000e+01 2.560000000000000000000000000000e+02 1.000000000000000000000000000000e+00
1.800000000000000000000000000000e+01 1.600000000000000000000000000000e+01 2.560000000000000000000000000000e+02 2.000000000000000000000000000000e+00
2.200000000000000000000000000000e+01 2.100000000000000000000000000000e+01 4.410000000000000000000000000000e+02 3.000000000000000000000000000000e+00
2.600000000000000000000000000000e+01 1.100000000000000000000000000000e+01 1.210000000000000000000000000000e+02 4.000000000000000000000000000000e+00
3.700000000000000000000000000000e+01 1.800000000000000000000000000000e+01 3.240000000000000000000000000000e+02 5.000000000000000000000000000000e+00
3.900000000000000000000000000000e+01 2.400000000000000000000000000000e+01 5.760000000000000000000000000000e+02 6.000000000000000000000000000000e+00
4.700000000000000000000000000000e+01 1.700000000000000000000000000000e+01 2.890000000000000000000000000000e+02 7.000000000000000000000000000000e+00
4.800000000000000000000000000000e+01 1.800000000000000000000000000000e+01 3.240000000000000000000000000000e+02 8.000000000000000000000000000000e+00
5.000000000000000000000000000000e+01 1.900000000000000000000000000000e+01 3.610000000000000000000000000000e+02 9.000000000000000000000000000000e+00
5.900000000000000000000000000000e+01 1.300000000000000000000000000000e+01 1.690000000000000000000000000000e+02 1.000000000000000000000000000000e+01
6.000000000000000000000000000000e+01 2.000000000000000000000000000000e+01 4.000000000000000000000000000000e+02 1.100000000000000000000000000000e+01
6.200000000000000000000000000000e+01 2.100000000000000000000000000000e+01 4.410000000000000000000000000000e+02 1.200000000000000000000000000000e+01
7.200000000000000000000000000000e+01 1.400000000000000000000000000000e+01 1.960000000000000000000000000000e+02 1.300000000000000000000000000000e+01
7.500000000000000000000000000000e+01 2.000000000000000000000000000000e+01 4.000000000000000000000000000000e+02 1.400000000000000000000000000000e+01
7.600000000000000000000000000000e+01 1.700000000000000000000000000000e+01 2.890000000000000000000000000000e+02 1.500000000000000000000000000000e+01
7.700000000000000000000000000000e+01 1.500000000000000000000000000000e+01 2.250000000000000000000000000000e+02 1.600000000000000000000000000000e+01
7.900000000000000000000000000000e+01 1.900000000000000000000000000000e+01 3.610000000000000000000000000000e+02 1.700000000000000000000000000000e+01
8.400000000000000000000000000000e+01 1.200000000000000000000000000000e+01 1.440000000000000000000000000000e+02 1.800000000000000000000000000000e+01
8.500000000000000000000000000000e+01 2.700000000000000000000000000000e+01 7.290000000000000000000000000000e+02 1.900000000000000000000000000000e+01
8.700000000000000000000000000000e+01 1.900000000000000000000000000000e+01 3.610000000000000000000000000000e+02 2.000000000000000000000000000000e+01
8.900000000000000000000000000000e+01 2.000000000000000000000000000000e+01 4.000000000000000000000000000000e+02 2.100000000000000000000000000000e+01
9.500000000000000000000000000000e+01 2.500000000000000000000000000000e+01 6.250000000000000000000000000000e+02 2.200000000000000000000000000000e+01
1.010000000000000000000000000000e+02 2.100000000000000000000000000000e+01 4.410000000000000000000000000000e+02 2.300000000000000000000000000000e+01
1.020000000000000000000000000000e+02 3.300000000000000000000000000000e+01 1.089000000000000000000000000000e+03 2.400000000000000000000000000000e+01
1.090000000000000000000000000000e+02 2.700000000000000000000000000000e+01 7.290000000000000000000000000000e+02 2.500000000000000000000000000000e+01
1.100000000000000000000000000000e+02 1.400000000000000000000000000000e+01 1.960000000000000000000000000000e+02 2.600000000000000000000000000000e+01
1.110000000000000000000000000000e+02 2.100000000000000000000000000000e+01 4.410000000000000000000000000000e+02 2.700000000000000000000000000000e+01
1.120000000000000000000000000000e+02 3.000000000000000000000000000000e+01 9.000000000000000000000000000000e+02 2.800000000000000000000000000000e+01
1.150000000000000000000000000000e+02 2.700000000000000000000000000000e+01 7.290000000000000000000000000000e+02 2.900000000000000000000000000000e+01
1.230000000000000000000000000000e+02 2.200000000000000000000000000000e+01 4.840000000000000000000000000000e+02 3.000000000000000000000000000000e+01
1.250000000000000000000000000000e+02 2.100000000000000000000000000000e+01 4.410000000000000000000000000000e+02 3.100000000000000000000000000000e+01
1.400000000000000000000000000000e+02 2.400000000000000000000000000000e+01 5.760000000000000000000000000000e+02 3.200000000000000000000000000000e+01
1.410000000000000000000000000000e+02 1.900000000000000000000000000000e+01 3.610000000000000000000000000000e+02 3.300000000000000000000000000000e+01
1.430000000000000000000000000000e+02 2.400000000000000000000000000000e+01 5.760000000000000000000000000000e+02 3.400000000000000000000000000000e+01
1.460000000000000000000000000000e+02 2.000000000000000000000000000000e+01 4.000000000000000000000000000000e+02 3.500000000000000000000000000000e+01
1.530000000000000000000000000000e+02 1.200000000000000000000000000000e+01 1.440000000000000000000000000000e+02 3.600000000000000000000000000000e+01
1.540000000000000000000000000000e+02 1.900000000000000000000000000000e+01 3.610000000000000000000000000000e+02 3.700000000000000000000000000000e+01
1.650000000000000000000000000000e+02 1.200000000000000000000000000000e+01 1.440000000000000000000000000000e+02 3.800000000000000000000000000000e+01
1.700000000000000000000000000000e+02 1.400000000000000000000000000000e+01 1.960000000000000000000000000000e+02 3.900000000000000000000000000000e+01
1.710000000000000000000000000000e+02 1.500000000000000000000000000000e+01 2.250000000000000000000000000000e+02 4.000000000000000000000000000000e+01
1.790000000000000000000000000000e+02 2.300000000000000000000000000000e+01 5.290000000000000000000000000000e+02 4.100000000000000000000000000000e+01
1.890000000000000000000000000000e+02 2.700000000000000000000000000000e+01 7.290000000000000000000000000000e+02 4.200000000000000000000000000000e+01
1.940000000000000000000000000000e+02 2.200000000000000000000000000000e+01 4.840000000000000000000000000000e+02 4.300000000000000000000000000000e+01
2.090000000000000000000000000000e+02 1.900000000000000000000000000000e+01 3.610000000000000000000000000000e+02 4.400000000000000000000000000000e+01
2.100000000000000000000000000000e+02 1.500000000000000000000000000000e+01 2.250000000000000000000000000000e+02 4.500000000000000000000000000000e+01
2.110000000000000000000000000000e+02 2.000000000000000000000000000000e+01 4.000000000000000000000000000000e+02 4.600000000000000000000000000000e+01
2.130000000000000000000000000000e+02 2.900000000000000000000000000000e+01 8.410000000000000000000000000000e+02 4.700000000000000000000000000000e+01
2.150000000000000000000000000000e+02 1.400000000000000000000000000000e+01 1.960000000000000000000000000000e+02 4.800000000000000000000000000000e+01
2.160000000000000000000000000000e+02 1.500000000000000000000000000000e+01 2.250000000000000000000000000000e+02 4.900000000000000000000000000000e+01
2.200000000000000000000000000000e+02 1.600000000000000000000000000000e+01 2.560000000000000000000000000000e+02 5.000000000000000000000000000000e+01
2.320000000000000000000000000000e+02 1.800000000000000000000000000000e+01 3.240000000000000000000000000000e+02 5.100000000000000000000000000000e+01
2.370000000000000000000000000000e+02 2.300000000000000000000000000000e+01 5.290000000000000000000000000000e+02 5.200000000000000000000000000000e+01
2.420000000000000000000000000000e+02 2.000000000000000000000000000000e+01 4.000000000000000000000000000000e+02 5.300000000000000000000000000000e+01
2.430000000000000000000000000000e+02 1.700000000000000000000000000000e+01 2.890000000000000000000000000000e+02 5.400000000000000000000000000000e+01
2.450000000000000000000000000000e+02 2.000000000000000000000000000000e+01 4.000000000000000000000000000000e+02 5.500000000000000000000000000000e+01
2.460000000000000000000000000000e+02 1.900000000000000000000000000000e+01 3.610000000000000000000000000000e+02 5.600000000000000000000000000000e+01
2.510000000000000000000000000000e+02 2.000000000000000000000000000000e+01 4.000000000000000000000000000000e+02 5.700000000000000000000000000000e+01
2.530000000000000000000000000000e+02 2.200000000000000000000000000000e+01 4.840000000000000000000000000000e+02 5.800000000000000000000000000000e+01
2.600000000000000000000000000000e+02 1.800000000000000000000000000000e+01 3.240000000000000000000000000000e+02 5.900000000000000000000000000000e+01
2.680000000000000000000000000000e+02 2.100000000000000000000000000000e+01 4.410000000000000000000000000000e+02 6.000000000000000000000000000000e+01
2.760000000000000000000000000000e+02 1.300000000000000000000000000000e+01 1.690000000000000000000000000000e+02 6.100000000000000000000000000000e+01
2.790000000000000000000000000000e+02 1.500000000000000000000000000000e+01 2.250000000000000000000000000000e+02 6.200000000000000000000000000000e+01
2.840000000000000000000000000000e+02 3.000000000000000000000000000000e+01 9.000000000000000000000000000000e+02 6.300000000000000000000000000000e+01
2.850000000000000000000000000000e+02 1.200000000000000000000000000000e+01 1.440000000000000000000000000000e+02 6.400000000000000000000000000000e+01
2.900000000000000000000000000000e+02 3.000000000000000000000000000000e+01 9.000000000000000000000000000000e+02 6.500000000000000000000000000000e+01
2.920000000000000000000000000000e+02 1.500000000000000000000000000000e+01 2.250000000000000000000000000000e+02 6.600000000000000000000000000000e+01
2.950000000000000000000000000000e+02 1.900000000000000000000000000000e+01 3.610000000000000000000000000000e+02 6.700000000000000000000000000000e+01
3.040000000000000000000000000000e+02 1.200000000000000000000000000000e+01 1.440000000000000000000000000000e+02 6.800000000000000000000000000000e+01
3.210000000000000000000000000000e+02 2.000000000000000000000000000000e+01 4.000000000000000000000000000000e+02 6.900000000000000000000000000000e+01
3.230000000000000000000000000000e+02 2.400000000000000000000000000000e+01 5.760000000000000000000000000000e+02 7.000000000000000000000000000000e+01
3.260000000000000000000000000000e+02 1.900000000000000000000000000000e+01 3.610000000000000000000000000000e+02 7.100000000000000000000000000000e+01
3.290000000000000000000000000000e+02 2.000000000000000000000000000000e+01 4.000000000000000000000000000000e+02 7.200000000000000000000000000000e+01
3.330000000000000000000000000000e+02 1.700000000000000000000000000000e+01 2.890000000000000000000000000000e+02 7.300000000000000000000000000000e+01
3.400000000000000000000000000000e+02 1.800000000000000000000000000000e+01 3.240000000000000000000000000000e+02 7.400000000000000000000000000000e+01
3.480000000000000000000000000000e+02 1.900000000000000000000000000000e+01 3.610000000000000000000000000000e+02 7.500000000000000000000000000000e+01
3.620000000000000000000000000000e+02 2.200000000000000000000000000000e+01 4.840000000000000000000000000000e+02 7.600000000000000000000000000000e+01
3.650000000000000000000000000000e+02 2.200000000000000000000000000000e+01 4.840000000000000000000000000000e+02 7.700000000000000000000000000000e+01
3.690000000000000000000000000000e+02 2.800000000000000000000000000000e+01 7.840000000000000000000000000000e+02 7.800000000000000000000000000000e+01
3.790000000000000000000000000000e+02 1.500000000000000000000000000000e+01 2.250000000000000000000000000000e+02 7.900000000000000000000000000000e+01
3.820000000000000000000000000000e+02 2.500000000000000000000000000000e+01 6.250000000000000000000000000000e+02 8.000000000000000000000000000000e+01
3.830000000000000000000000000000e+02 1.500000000000000000000000000000e+01 2.250000000000000000000000000000e+02 8.100000000000000000000000000000e+01
3.900000000000000000000000000000e+02 2.300000000000000000000000000000e+01 5.290000000000000000000000000000e+02 8.200000000000000000000000000000e+01
4.050000000000000000000000000000e+02 2.600000000000000000000000000000e+01 6.760000000000000000000000000000e+02 8.300000000000000000000000000000e+01
4.210000000000000000000000000000e+02 2.300000000000000000000000000000e+01 5.290000000000000000000000000000e+02 8.400000000000000000000000000000e+01
4.230000000000000000000000000000e+02 1.900000000000000000000000000000e+01 3.610000000000000000000000000000e+02 8.500000000000000000000000000000e+01
4.290000000000000000000000000000e+02 2.700000000000000000000000000000e+01 7.290000000000000000000000000000e+02 8.600000000000000000000000000000e+01
4.480000000000000000000000000000e+02 1.100000000000000000000000000000e+01 1.210000000000000000000000000000e+02 8.700000000000000000000000000000e+01
4.490000000000000000000000000000e+02 2.300000000000000000000000000000e+01 5.290000000000000000000000000000e+02 8.800000000000000000000000000000e+01
4.510000000000000000000000000000e+02 2.100000000000000000000000000000e+01 4.410000000000000000000000000000e+02 8.900000000000000000000000000000e+01
4.540000000000000000000000000000e+02 2.100000000000000000000000000000e+01 4.410000000000000000000000000000e+02 9.000000000000000000000000000000e+01
4.570000000000000000000000000000e+02 1.400000000000000000000000000000e+01 1.960000000000000000000000000000e+02 9.100000000000000000000000000000e+01
4.580000000000000000000000000000e+02 1.700000000000000000000000000000e+01 2.890000000000000000000000000000e+02 9.200000000000000000000000000000e+01
4.590000000000000000000000000000e+02 1.600000000000000000000000000000e+01 2.560000000000000000000000000000e+02 9.300000000000000000000000000000e+01
4.700000000000000000000000000000e+02 1.500000000000000000000000000000e+01 2.250000000000000000000000000000e+02 9.400000000000000000000000000000e+01
4.740000000000000000000000000000e+02 6.000000000000000000000000000000e+00 3.600000000000000000000000000000e+01 9.500000000000000000000000000000e+01
5.010000000000000000000000000000e+02 2.000000000000000000000000000000e+01 4.000000000000000000000000000000e+02 9.600000000000000000000000000000e+01
5.080000000000000000000000000000e+02 1.500000000000000000000000000000e+01 2.250000000000000000000000000000e+02 9.700000000000000000000000000000e+01
5.220000000000000000000000000000e+02 2.700000000000000000000000000000e+01 7.290000000000000000000000000000e+02 9.800000000000000000000000000000e+01
5.280000000000000000000000000000e+02 2.500000000000000000000000000000e+01 6.250000000000000000000000000000e+02 9.900000000000000000000000000000e+01
5.300000000000000000000000000000e+02 2.100000000000000000000000000000e+01 4.410000000000000000000000000000e+02 1.000000000000000000000000000000e+02
5.390000000000000000000000000000e+02 2.700000000000000000000000000000e+01 7.290000000000000000000000000000e+02 1.010000000000000000000000000000e+02
5.470000000000000000000000000000e+02 1.300000000000000000000000000000e+01 1.690000000000000000000000000000e+02 1.020000000000000000000000000000e+02
5.610000000000000000000000000000e+02 1.700000000000000000000000000000e+01 2.890000000000000000000000000000e+02 1.030000000000000000000000000000e+02
5.620000000000000000000000000000e+02 2.000000000000000000000000000000e+01 4.000000000000000000000000000000e+02 1.040000000000000000000000000000e+02
5.670000000000000000000000000000e+02 2.000000000000000000000000000000e+01 4.000000000000000000000000000000e+02 1.050000000000000000000000000000e+02
5.740000000000000000000000000000e+02 2.800000000000000000000000000000e+01 7.840000000000000000000000000000e+02 1.060000000000000000000000000000e+02
5.780000000000000000000000000000e+02 2.200000000000000000000000000000e+01 4.840000000000000000000000000000e+02 1.070000000000000000000000000000e+02
5.790000000000000000000000000000e+02 1.600000000000000000000000000000e+01 2.560000000000000000000000000000e+02 1.080000000000000000000000000000e+02
5.820000000000000000000000000000e+02 2.100000000000000000000000000000e+01 4.410000000000000000000000000000e+02 1.090000000000000000000000000000e+02
5.850000000000000000000000000000e+02 1.600000000000000000000000000000e+01 2.560000000000000000000000000000e+02 1.100000000000000000000000000000e+02
5.860000000000000000000000000000e+02 2.500000000000000000000000000000e+01 6.250000000000000000000000000000e+02 1.110000000000000000000000000000e+02
5.930000000000000000000000000000e+02 2.000000000000000000000000000000e+01 4.000000000000000000000000000000e+02 1.120000000000000000000000000000e+02
5.940000000000000000000000000000e+02 1.800000000000000000000000000000e+01 3.240000000000000000000000000000e+02 1.130000000000000000000000000000e+02
5.980000000000000000000000000000e+02 1.900000000000000000000000000000e+01 3.610000000000000000000000000000e+02 1.140000000000000000000000000000e+02
6.030000000000000000000000000000e+02 2.400000000000000000000000000000e+01 5.760000000000000000000000000000e+02 1.150000000000000000000000000000e+02
6.120000000000000000000000000000e+02 1.900000000000000000000000000000e+01 3.610000000000000000000000000000e+02 1.160000000000000000000000000000e+02
6.130000000000000000000000000000e+02 1.800000000000000000000000000000e+01 3.240000000000000000000000000000e+02 1.170000000000000000000000000000e+02
6.140000000000000000000000000000e+02 1.500000000000000000000000000000e+01 2.250000000000000000000000000000e+02 1.180000000000000000000000000000e+02
6.150000000000000000000000000000e+02 3.000000000000000000000000000000e+01 9.000000000000000000000000000000e+02 1.190000000000000000000000000000e+02
6.180000000000000000000000000000e+02 1.000000000000000000000000000000e+01 1.000000000000000000000000000000e+02 1.200000000000000000000000000000e+02
6.200000000000000000000000000000e+02 1.600000000000000000000000000000e+01 2.560000000000000000000000000000e+02 1.210000000000000000000000000000e+02
6.230000000000000000000000000000e+02 1.800000000000000000000000000000e+01 3.240000000000000000000000000000e+02 1.220000000000000000000000000000e+02
6.270000000000000000000000000000e+02 2.200000000000000000000000000000e+01 4.840000000000000000000000000000e+02 1.230000000000000000000000000000e+02
6.300000000000000000000000000000e+02 1.800000000000000000000000000000e+01 3.240000000000000000000000000000e+02 1.240000000000000000000000000000e+02
6.380000000000000000000000000000e+02 2.000000000000000000000000000000e+01 4.000000000000000000000000000000e+02 1.250000000000000000000000000000e+02
6.440000000000000000000000000000e+02 1.800000000000000000000000000000e+01 3.240000000000000000000000000000e+02 1.260000000000000000000000000000e+02
6.470000000000000000000000000000e+02 2.300000000000000000000000000000e+01 5.290000000000000000000000000000e+02 1.270000000000000000000000000000e+02
6.520000000000000000000000000000e+02 1.700000000000000000000000000000e+01 2.890000000000000000000000000000e+02 1.280000000000000000000000000000e+02
6.600000000000000000000000000000e+02 1.600000000000000000000000000000e+01 2.560000000000000000000000000000e+02 1.290000000000000000000000000000e+02
6.630000000000000000000000000000e+02 1.700000000000000000000000000000e+01 2.890000000000000000000000000000e+02 1.300000000000000000000000000000e+02
6.680000000000000000000000000000e+02 1.700000000000000000000000000000e+01 2.890000000000000000000000000000e+02 1.310000000000000000000000000000e+02
6.730000000000000000000000000000e+02 3.000000000000000000000000000000e+01 9.000000000000000000000000000000e+02 1.320000000000000000000000000000e+02
6.760000000000000000000000000000e+02 1.600000000000000000000000000000e+01 2.560000000000000000000000000000e+02 1.330000000000000000000000000000e+02
6.810000000000000000000000000000e+02 1.900000000000000000000000000000e+01 3.610000000000000000000000000000e+02 1.340000000000000000000000000000e+02
6.870000000000000000000000000000e+02 2.100000000000000000000000000000e+01 4.410000000000000000000000000000e+02 1.350000000000000000000000000000e+02
6.890000000000000000000000000000e+02 2.400000000000000000000000000000e+01 5.760000000000000000000000000000e+02 1.360000000000000000000000000000e+02
6.970000000000000000000000000000e+02 2.700000000000000000000000000000e+01 7.290000000000000000000000000000e+02 1.370000000000000000000000000000e+02
6.980000000000000000000000000000e+02 1.900000000000000000000000000000e+01 3.610000000000000000000000000000e+02 1.380000000000000000000000000000e+02
7.040000000000000000000000000000e+02 2.500000000000000000000000000000e+01 6.250000000000000000000000000000e+02 1.390000000000000000000000000000e+02
7.100000000000000000000000000000e+02 2.300000000000000000000000000000e+01 5.290000000000000000000000000000e+02 1.400000000000000000000000000000e+02
7.140000000000000000000000000000e+02 1.700000000000000000000000000000e+01 2.890000000000000000000000000000e+02 1.410000000000000000000000000000e+02
7.150000000000000000000000000000e+02 1.700000000000000000000000000000e+01 2.890000000000000000000000000000e+02 1.420000000000000000000000000000e+02
7.200000000000000000000000000000e+02 1.900000000000000000000000000000e+01 3.610000000000000000000000000000e+02 1.430000000000000000000000000000e+02
7.210000000000000000000000000000e+02 1.500000000000000000000000000000e+01 2.250000000000000000000000000000e+02 1.440000000000000000000000000000e+02
7.220000000000000000000000000000e+02 3.200000000000000000000000000000e+01 1.024000000000000000000000000000e+03 1.450000000000000000000000000000e+02
7.300000000000000000000000000000e+02 2.400000000000000000000000000000e+01 5.760000000000000000000000000000e+02 1.460000000000000000000000000000e+02
7.370000000000000000000000000000e+02 3.600000000000000000000000000000e+01 1.296000000000000000000000000000e+03 1.470000000000000000000000000000e+02
7.390000000000000000000000000000e+02 2.100000000000000000000000000000e+01 4.410000000000000000000000000000e+02 1.480000000000000000000000000000e+02
7.410000000000000000000000000000e+02 1.400000000000000000000000000000e+01 1.960000000000000000000000000000e+02 1.490000000000000000000000000000e+02
7.450000000000000000000000000000e+02 1.900000000000000000000000000000e+01 3.610000000000000000000000000000e+02 1.500000000000000000000000000000e+02
7.480000000000000000000000000000e+02 1.600000000000000000000000000000e+01 2.560000000000000000000000000000e+02 1.510000000000000000000000000000e+02
7.500000000000000000000000000000e+02 2.500000000000000000000000000000e+01 6.250000000000000000000000000000e+02 1.520000000000000000000000000000e+02
7.600000000000000000000000000000e+02 2.000000000000000000000000000000e+01 4.000000000000000000000000000000e+02 1.530000000000000000000000000000e+02
7.640000000000000000000000000000e+02 2.500000000000000000000000000000e+01 6.250000000000000000000000000000e+02 1.540000000000000000000000000000e+02
7.700000000000000000000000000000e+02 1.700000000000000000000000000000e+01 2.890000000000000000000000000000e+02 1.550000000000000000000000000000e+02
7.810000000000000000000000000000e+02 2.200000000000000000000000000000e+01 4.840000000000000000000000000000e+02 1.560000000000000000000000000000e+02
7.860000000000000000000000000000e+02 2.700000000000000000000000000000e+01 7.290000000000000000000000000000e+02 1.570000000000000000000000000000e+02
7.870000000000000000000000000000e+02 2.100000000000000000000000000000e+01 4.410000000000000000000000000000e+02 1.580000000000000000000000000000e+02
7.910000000000000000000000000000e+02 2.000000000000000000000000000000e+01 4.000000000000000000000000000000e+02 1.590000000000000000000000000000e+02
7.920000000000000000000000000000e+02 2.700000000000000000000000000000e+01 7.290000000000000000000000000000e+02 1.600000000000000000000000000000e+02
7.930000000000000000000000000000e+02 2.000000000000000000000000000000e+01 4.000000000000000000000000000000e+02 1.610000000000000000000000000000e+02
7.950000000000000000000000000000e+02 1.400000000000000000000000000000e+01 1.960000000000000000000000000000e+02 1.620000000000000000000000000000e+02
8.230000000000000000000000000000e+02 1.600000000000000000000000000000e+01 2.560000000000000000000000000000e+02 1.630000000000000000000000000000e+02
8.280000000000000000000000000000e+02 2.400000000000000000000000000000e+01 5.760000000000000000000000000000e+02 1.640000000000000000000000000000e+02
8.380000000000000000000000000000e+02 2.000000000000000000000000000000e+01 4.000000000000000000000000000000e+02 1.650000000000000000000000000000e+02
8.440000000000000000000000000000e+02 2.200000000000000000000000000000e+01 4.840000000000000000000000000000e+02 1.660000000000000000000000000000e+02
8.460000000000000000000000000000e+02 2.100000000000000000000000000000e+01 4.410000000000000000000000000000e+02 1.670000000000000000000000000000e+02
8.480000000000000000000000000000e+02 2.000000000000000000000000000000e+01 4.000000000000000000000000000000e+02 1.680000000000000000000000000000e+02
8.520000000000000000000000000000e+02 1.400000000000000000000000000000e+01 1.960000000000000000000000000000e+02 1.690000000000000000000000000000e+02
8.540000000000000000000000000000e+02 2.500000000000000000000000000000e+01 6.250000000000000000000000000000e+02 1.700000000000000000000000000000e+02
8.550000000000000000000000000000e+02 2.100000000000000000000000000000e+01 4.410000000000000000000000000000e+02 1.710000000000000000000000000000e+02
8.570000000000000000000000000000e+02 2.100000000000000000000000000000e+01 4.410000000000000000000000000000e+02 1.720000000000000000000000000000e+02
8.680000000000000000000000000000e+02 2.200000000000000000000000000000e+01 4.840000000000000000000000000000e+02 1.730000000000000000000000000000e+02
8.710000000000000000000000000000e+02 2.400000000000000000000000000000e+01 5.760000000000000000000000000000e+02 1.740000000000000000000000000000e+02
8.740000000000000000000000000000e+02 1.900000000000000000000000000000e+01 3.610000000000000000000000000000e+02 1.750000000000000000000000000000e+02
8.800000000000000000000000000000e+02 2.100000000000000000000000000000e+01 4.410000000000000000000000000000e+02 1.760000000000000000000000000000e+02
8.810000000000000000000000000000e+02 1.300000000000000000000000000000e+01 1.690000000000000000000000000000e+02 1.770000000000000000000000000000e+02
8.950000000000000000000000000000e+02 1.400000000000000000000000000000e+01 1.960000000000000000000000000000e+02 1.780000000000000000000000000000e+02
8.970000000000000000000000000000e+02 1.700000000000000000000000000000e+01 2.890000000000000000000000000000e+02 1.790000000000000000000000000000e+02
9.030000000000000000000000000000e+02 1.600000000000000000000000000000e+01 2.560000000000000000000000000000e+02 1.800000000000000000000000000000e+02
9.210000000000000000000000000000e+02 2.900000000000000000000000000000e+01 8.410000000000000000000000000000e+02 1.810000000000000000000000000000e+02
9.320000000000000000000000000000e+02 2.900000000000000000000000000000e+01 8.410000000000000000000000000000e+02 1.820000000000000000000000000000e+02
9.330000000000000000000000000000e+02 2.300000000000000000000000000000e+01 5.290000000000000000000000000000e+02 1.830000000000000000000000000000e+02
9.380000000000000000000000000000e+02 2.100000000000000000000000000000e+01 4.410000000000000000000000000000e+02 1.840000000000000000000000000000e+02
9.440000000000000000000000000000e+02 1.500000000000000000000000000000e+01 2.250000000000000000000000000000e+02 1.850000000000000000000000000000e+02
9.510000000000000000000000000000e+02 1.800000000000000000000000000000e+01 3.240000000000000000000000000000e+02 1.860000000000000000000000000000e+02
9.550000000000000000000000000000e+02 1.900000000000000000000000000000e+01 3.610000000000000000000000000000e+02 1.870000000000000000000000000000e+02
9.740000000000000000000000000000e+02 1.500000000000000000000000000000e+01 2.250000000000000000000000000000e+02 1.880000000000000000000000000000e+02
9.830000000000000000000000000000e+02 1.500000000000000000000000000000e+01 2.250000000000000000000000000000e+02 1.890000000000000000000000000000e+02
9.890000000000000000000000000000e+02 2.000000000000000000000000000000e+01 4.000000000000000000000000000000e+02 1.900000000000000000000000000000e+02
9.930000000000000000000000000000e+02 2.400000000000000000000000000000e+01 5.760000000000000000000000000000e+02 1.910000000000000000000000000000e+02
9.970000000000000000000000000000e+02 1.600000000000000000000000000000e+01 2.560000000000000000000000000000e+02 1.920000000000000000000000000000e+02
1.000000000000000000000000000000e+03 2.200000000000000000000000000000e+01 4.840000000000000000000000000000e+02 1.930000000000000000000000000000e+02
1.002000000000000000000000000000e+03 1.600000000000000000000000000000e+01 2.560000000000000000000000000000e+02 1.940000000000000000000000000000e+02
1.015000000000000000000000000000e+03 2.300000000000000000000000000000e+01 5.290000000000000000000000000000e+02 1.950000000000000000000000000000e+02
1.025000000000000000000000000000e+03 1.400000000000000000000000000000e+01 1.960000000000000000000000000000e+02 1.960000000000000000000000000000e+02
1.027000000000000000000000000000e+03 2.300000000000000000000000000000e+01 5.290000000000000000000000000000e+02 1.970000000000000000000000000000e+02
1.030000000000000000000000000000e+03 2.000000000000000000000000000000e+01 4.000000000000000000000000000000e+02 1.980000000000000000000000000000e+02
1.031000000000000000000000000000e+03 2.700000000000000000000000000000e+01 7.290000000000000000000000000000e+02 1.990000000000000000000000000000e+02
1.036000000000000000000000000000e+03 1.700000000000000000000000000000e+01 2.890000000000000000000000000000e+02 2.000000000000000000000000000000e+02
1.038000000000000000000000000000e+03 2.100000000000000000000000000000e+01 4.410000000000000000000000000000e+02 2.010000000000000000000000000000e+02
1.043000000000000000000000000000e+03 1.800000000000000000000000000000e+01 3.240000000000000000000000000000e+02 2.020000000000000000000000000000e+02
1.050000000000000000000000000000e+03 1.400000000000000000000000000000e+01 1.960000000000000000000000000000e+02 2.030000000000000000000000000000e+02
1.055000000000000000000000000000e+03 2.200000000000000000000000000000e+01 4.840000000000000000000000000000e+02 2.040000000000000000000000000000e+02
1.060000000000000000000000000000e+03 1.800000000000000000000000000000e+01 3.240000000000000000000000000000e+02 2.050000000000000000000000000000e+02
1.061000000000000000000000000000e+03 2.000000000000000000000000000000e+01 4.000000000000000000000000000000e+02 2.060000000000000000000000000000e+02
1.065000000000000000000000000000e+03 2.000000000000000000000000000000e+01 4.000000000000000000000000000000e+02 2.070000000000000000000000000000e+02
1.067000000000000000000000000000e+03 2.300000000000000000000000000000e+01 5.290000000000000000000000000000e+02 2.080000000000000000000000000000e+02
1.072000000000000000000000000000e+03 1.800000000000000000000000000000e+01 3.240000000000000000000000000000e+02 2.090000000000000000000000000000e+02
1.075000000000000000000000000000e+03 2.300000000000000000000000000000e+01 5.290000000000000000000000000000e+02 2.100000000000000000000000000000e+02
1.076000000000000000000000000000e+03 2.600000000000000000000000000000e+01 6.760000000000000000000000000000e+02 2.110000000000000000000000000000e+02
1.079000000000000000000000000000e+03 1.900000000000000000000000000000e+01 3.610000000000000000000000000000e+02 2.120000000000000000000000000000e+02
1.080000000000000000000000000000e+03 1.600000000000000000000000000000e+01 2.560000000000000000000000000000e+02 2.130000000000000000000000000000e+02
1.084000000000000000000000000000e+03 2.100000000000000000000000000000e+01 4.410000000000000000000000000000e+02 2.140000000000000000000000000000e+02
1.100000000000000000000000000000e+03 1.100000000000000000000000000000e+01 1.210000000000000000000000000000e+02 2.150000000000000000000000000000e+02
1.116000000000000000000000000000e+03 1.900000000000000000000000000000e+01 3.610000000000000000000000000000e+02 2.160000000000000000000000000000e+02
1.120000000000000000000000000000e+03 2.000000000000000000000000000000e+01 4.000000000000000000000000000000e+02 2.170000000000000000000000000000e+02
1.127000000000000000000000000000e+03 1.400000000000000000000000000000e+01 1.960000000000000000000000000000e+02 2.180000000000000000000000000000e+02
1.128000000000000000000000000000e+03 1.700000000000000000000000000000e+01 2.890000000000000000000000000000e+02 2.190000000000000000000000000000e+02
1.132000000000000000000000000000e+03 2.400000000000000000000000000000e+01 5.760000000000000000000000000000e+02 2.200000000000000000000000000000e+02
1.133000000000000000000000000000e+03 2.400000000000000000000000000000e+01 5.760000000000000000000000000000e+02 2.210000000000000000000000000000e+02
1.135000000000000000000000000000e+03 2.100000000000000000000000000000e+01 4.410000000000000000000000000000e+02 2.220000000000000000000000000000e+02
1.153000000000000000000000000000e+03 1.600000000000000000000000000000e+01 2.560000000000000000000000000000e+02 2.230000000000000000000000000000e+02
1.160000000000000000000000000000e+03 3.300000000000000000000000000000e+01 1.089000000000000000000000000000e+03 2.240000000000000000000000000000e+02
1.163000000000000000000000000000e+03 2.600000000000000000000000000000e+01 6.760000000000000000000000000000e+02 2.250000000000000000000000000000e+02
1.165000000000000000000000000000e+03 2.500000000000000000000000000000e+01 6.250000000000000000000000000000e+02 2.260000000000000000000000000000e+02
1.175000000000000000000000000000e+03 1.900000000000000000000000000000e+01 3.610000000000000000000000000000e+02 2.270000000000000000000000000000e+02
1.187000000000000000000000000000e+03 2.300000000000000000000000000000e+01 5.290000000000000000000000000000e+02 2.280000000000000000000000000000e+02
1.192000000000000000000000000000e+03 2.400000000000000000000000000000e+01 5.760000000000000000000000000000e+02 2.290000000000000000000000000000e+02
1.193000000000000000000000000000e+03 1.800000000000000000000000000000e+01 3.240000000000000000000000000000e+02 2.300000000000000000000000000000e+02
1.207000000000000000000000000000e+03 2.300000000000000000000000000000e+01 5.290000000000000000000000000000e+02 2.310000000000000000000000000000e+02
1.213000000000000000000000000000e+03 2.300000000000000000000000000000e+01 5.290000000000000000000000000000e+02 2.320000000000000000000000000000e+02
1.233000000000000000000000000000e+03 1.300000000000000000000000000000e+01 1.690000000000000000000000000000e+02 2.330000000000000000000000000000e+02
1.236000000000000000000000000000e+03 2.200000000000000000000000000000e+01 4.840000000000000000000000000000e+02 2.340000000000000000000000000000e+02
1.241000000000000000000000000000e+03 1.700000000000000000000000000000e+01 2.890000000000000000000000000000e+02 2.350000000000000000000000000000e+02
1.263000000000000000000000000000e+03 1.900000000000000000000000000000e+01 3.610000000000000000000000000000e+02 2.360000000000000000000000000000e+02
1.265000000000000000000000000000e+03 1.400000000000000000000000000000e+01 1.960000000000000000000000000000e+02 2.370000000000000000000000000000e+02
1.278000000000000000000000000000e+03 1.300000000000000000000000000000e+01 1.690000000000000000000000000000e+02 2.380000000000000000000000000000e+02
1.284000000000000000000000000000e+03 2.500000000000000000000000000000e+01 6.250000000000000000000000000000e+02 2.390000000000000000000000000000e+02
1.286000000000000000000000000000e+03 1.700000000000000000000000000000e+01 2.890000000000000000000000000000e+02 2.400000000000000000000000000000e+02
1.290000000000000000000000000000e+03 2.200000000000000000000000000000e+01 4.840000000000000000000000000000e+02 2.410000000000000000000000000000e+02
1.295000000000000000000000000000e+03 1.300000000000000000000000000000e+01 1.690000000000000000000000000000e+02 2.420000000000000000000000000000e+02
1.301000000000000000000000000000e+03 2.000000000000000000000000000000e+01 4.000000000000000000000000000000e+02 2.430000000000000000000000000000e+02
1.303000000000000000000000000000e+03 2.100000000000000000000000000000e+01 4.410000000000000000000000000000e+02 2.440000000000000000000000000000e+02
1.310000000000000000000000000000e+03 1.800000000000000000000000000000e+01 3.240000000000000000000000000000e+02 2.450000000000000000000000000000e+02
1.312000000000000000000000000000e+03 1.800000000000000000000000000000e+01 3.240000000000000000000000000000e+02 2.460000000000000000000000000000e+02
1.314000000000000000000000000000e+03 2.000000000000000000000000000000e+01 4.000000000000000000000000000000e+02 2.470000000000000000000000000000e+02
1.317000000000000000000000000000e+03 1.900000000000000000000000000000e+01 3.610000000000000000000000000000e+02 2.480000000000000000000000000000e+02
1.318000000000000000000000000000e+03 2.000000000000000000000000000000e+01 4.000000000000000000000000000000e+02 2.490000000000000000000000000000e+02
1.320000000000000000000000000000e+03 1.200000000000000000000000000000e+01 1.440000000000000000000000000000e+02 2.500000000000000000000000000000e+02
1.325000000000000000000000000000e+03 1.300000000000000000000000000000e+01 1.690000000000000000000000000000e+02 2.510000000000000000000000000000e+02
1.328000000000000000000000000000e+03 1.500000000000000000000000000000e+01 2.250000000000000000000000000000e+02 2.520000000000000000000000000000e+02
1.331000000000000000000000000000e+03 2.400000000000000000000000000000e+01 5.760000000000000000000000000000e+02 2.530000000000000000000000000000e+02
1.333000000000000000000000000000e+03 2.000000000000000000000000000000e+01 4.000000000000000000000000000000e+02 2.540000000000000000000000000000e+02
1.335000000000000000000000000000e+03 2.400000000000000000000000000000e+01 5.760000000000000000000000000000e+02 2.550000000000000000000000000000e+02
1.344000000000000000000000000000e+03 2.300000000000000000000000000000e+01 5.290000000000000000000000000000e+02 2.560000000000000000000000000000e+02
1.345000000000000000000000000000e+03 1.300000000000000000000000000000e+01 1.690000000000000000000000000000e+02 2.570000000000000000000000000000e+02
1.354000000000000000000000000000e+03 2.900000000000000000000000000000e+01 8.410000000000000000000000000000e+02 2.580000000000000000000000000000e+02
1.361000000000000000000000000000e+03 2.000000000000000000000000000000e+01 4.000000000000000000000000000000e+02 2.590000000000000000000000000000e+02
1.380000000000000000000000000000e+03 2.200000000000000000000000000000e+01 4.840000000000000000000000000000e+02 2.600000000000000000000000000000e+02
1.382000000000000000000000000000e+03 1.000000000000000000000000000000e+01 1.000000000000000000000000000000e+02 2.610000000000000000000000000000e+02
1.383000000000000000000000000000e+03 2.900000000000000000000000000000e+01 8.410000000000000000000000000000e+02 2.620000000000000000000000000000e+02
1.392000000000000000000000000000e+03 2.100000000000000000000000000000e+01 4.410000000000000000000000000000e+02 2.630000000000000000000000000000e+02
1.398000000000000000000000000000e+03 2.400000000000000000000000000000e+01 5.760000000000000000000000000000e+02 2.640000000000000000000000000000e+02
1.400000000000000000000000000000e+03 2.000000000000000000000000000000e+01 4.000000000000000000000000000000e+02 2.650000000000000000000000000000e+02
1.401000000000000000000000000000e+03 2.800000000000000000000000000000e+01 7.840000000000000000000000000000e+02 2.660000000000000000000000000000e+02
1.404000000000000000000000000000e+03 2.000000000000000000000000000000e+01 4.000000000000000000000000000000e+02 2.670000000000000000000000000000e+02
1.406000000000000000000000000000e+03 1.100000000000000000000000000000e+01 1.210000000000000000000000000000e+02 2.680000000000000000000000000000e+02
1.418000000000000000000000000000e+03 1.800000000000000000000000000000e+01 3.240000000000000000000000000000e+02 2.690000000000000000000000000000e+02
1.420000000000000000000000000000e+03 2.200000000000000000000000000000e+01 4.840000000000000000000000000000e+02 2.700000000000000000000000000000e+02
1.423000000000000000000000000000e+03 2.100000000000000000000000000000e+01 4.410000000000000000000000000000e+02 2.710000000000000000000000000000e+02
1.424000000000000000000000000000e+03 3.000000000000000000000000000000e+01 9.000000000000000000000000000000e+02 2.720000000000000000000000000000e+02
1.428000000000000000000000000000e+03 2.000000000000000000000000000000e+01 4.000000000000000000000000000000e+02 2.730000000000000000000000000000e+02
1.431000000000000000000000000000e+03 1.900000000000000000000000000000e+01 3.610000000000000000000000000000e+02 2.740000000000000000000000000000e+02
1.433000000000000000000000000000e+03 2.600000000000000000000000000000e+01 6.760000000000000000000000000000e+02 2.750000000000000000000000000000e+02
1.434000000000000000000000000000e+03 1.700000000000000000000000000000e+01 2.890000000000000000000000000000e+02 2.760000000000000000000000000000e+02
1.439000000000000000000000000000e+03 2.200000000000000000000000000000e+01 4.840000000000000000000000000000e+02 2.770000000000000000000000000000e+02
1.441000000000000000000000000000e+03 2.000000000000000000000000000000e+01 4.000000000000000000000000000000e+02 2.780000000000000000000000000000e+02
1.450000000000000000000000000000e+03 1.500000000000000000000000000000e+01 2.250000000000000000000000000000e+02 2.790000000000000000000000000000e+02
1.451000000000000000000000000000e+03 1.200000000000000000000000000000e+01 1.440000000000000000000000000000e+02 2.800000000000000000000000000000e+02
1.452000000000000000000000000000e+03 2.300000000000000000000000000000e+01 5.290000000000000000000000000000e+02 2.810000000000000000000000000000e+02
1.455000000000000000000000000000e+03 1.900000000000000000000000000000e+01 3.610000000000000000000000000000e+02 2.820000000000000000000000000000e+02
1.457000000000000000000000000000e+03 1.800000000000000000000000000000e+01 3.240000000000000000000000000000e+02 2.830000000000000000000000000000e+02
1.460000000000000000000000000000e+03 1.900000000000000000000000000000e+01 3.610000000000000000000000000000e+02 2.840000000000000000000000000000e+02
1.461000000000000000000000000000e+03 1.700000000000000000000000000000e+01 2.890000000000000000000000000000e+02 2.850000000000000000000000000000e+02
1.471000000000000000000000000000e+03 2.500000000000000000000000000000e+01 6.250000000000000000000000000000e+02 2.860000000000000000000000000000e+02
1.474000000000000000000000000000e+03 2.200000000000000000000000000000e+01 4.840000000000000000000000000000e+02 2.870000000000000000000000000000e+02
1.475000000000000000000000000000e+03 1.500000000000000000000000000000e+01 2.250000000000000000000000000000e+02 2.880000000000000000000000000000e+02
1.481000000000000000000000000000e+03 2.300000000000000000000000000000e+01 5.290000000000000000000000000000e+02 2.890000000000000000000000000000e+02
1.487000000000000000000000000000e+03 1.900000000000000000000000000000e+01 3.610000000000000000000000000000e+02 2.900000000000000000000000000000e+02
1.491000000000000000000000000000e+03 1.200000000000000000000000000000e+01 1.440000000000000000000000000000e+02 2.910000000000000000000000000000e+02
1.493000000000000000000000000000e+03 1.800000000000000000000000000000e+01 3.240000000000000000000000000000e+02 2.920000000000000000000000000000e+02
1.496000000000000000000000000000e+03 2.500000000000000000000000000000e+01 6.250000000000000000000000000000e+02 2.930000000000000000000000000000e+02
1.504000000000000000000000000000e+03 1.400000000000000000000000000000e+01 1.960000000000000000000000000000e+02 2.940000000000000000000000000000e+02
1.518000000000000000000000000000e+03 1.200000000000000000000000000000e+01 1.440000000000000000000000000000e+02 2.950000000000000000000000000000e+02
1.523000000000000000000000000000e+03 3.000000000000000000000000000000e+01 9.000000000000000000000000000000e+02 2.960000000000000000000000000000e+02
1.525000000000000000000000000000e+03 1.200000000000000000000000000000e+01 1.440000000000000000000000000000e+02 2.970000000000000000000000000000e+02
1.527000000000000000000000000000e+03 2.100000000000000000000000000000e+01 4.410000000000000000000000000000e+02 2.980000000000000000000000000000e+02
1.545000000000000000000000000000e+03 1.300000000000000000000000000000e+01 1.690000000000000000000000000000e+02 2.990000000000000000000000000000e+02
1.551000000000000000000000000000e+03 2.000000000000000000000000000000e+01 4.000000000000000000000000000000e+02 3.000000000000000000000000000000e+02
1.552000000000000000000000000000e+03 1.800000000000000000000000000000e+01 3.240000000000000000000000000000e+02 3.010000000000000000000000000000e+02
1.563000000000000000000000000000e+03 1.900000000000000000000000000000e+01 3.610000000000000000000000000000e+02 3.020000000000000000000000000000e+02
1.565000000000000000000000000000e+03 2.000000000000000000000000000000e+01 4.000000000000000000000000000000e+02 3.030000000000000000000000000000e+02
1.568000000000000000000000000000e+03 1.900000000000000000000000000000e+01 3.610000000000000000000000000000e+02 3.040000000000000000000000000000e+02
1.569000000000000000000000000000e+03 1.900000000000000000000000000000e+01 3.610000000000000000000000000000e+02 3.050000000000000000000000000000e+02
1.572000000000000000000000000000e+03 3.400000000000000000000000000000e+01 1.156000000000000000000000000000e+03 3.060000000000000000000000000000e+02
1.575000000000000000000000000000e+03 1.800000000000000000000000000000e+01 3.240000000000000000000000000000e+02 3.070000000000000000000000000000e+02
1.583000000000000000000000000000e+03 2.400000000000000000000000000000e+01 5.760000000000000000000000000000e+02 3.080000000000000000000000000000e+02
1.590000000000000000000000000000e+03 2.600000000000000000000000000000e+01 6.760000000000000000000000000000e+02 3.090000000000000000000000000000e+02
1.597000000000000000000000000000e+03 2.800000000000000000000000000000e+01 7.840000000000000000000000000000e+02 3.100000000000000000000000000000e+02
1.603000000000000000000000000000e+03 1.800000000000000000000000000000e+01 3.240000000000000000000000000000e+02 3.110000000000000000000000000000e+02
1.604000000000000000000000000000e+03 2.300000000000000000000000000000e+01 5.290000000000000000000000000000e+02 3.120000000000000000000000000000e+02
1.606000000000000000000000000000e+03 1.400000000000000000000000000000e+01 1.960000000000000000000000000000e+02 3.130000000000000000000000000000e+02
1.611000000000000000000000000000e+03 2.000000000000000000000000000000e+01 4.000000000000000000000000000000e+02 3.140000000000000000000000000000e+02
1.629000000000000000000000000000e+03 1.700000000000000000000000000000e+01 2.890000000000000000000000000000e+02 3.150000000000000000000000000000e+02
1.632000000000000000000000000000e+03 1.200000000000000000000000000000e+01 1.440000000000000000000000000000e+02 3.160000000000000000000000000000e+02
1.633000000000000000000000000000e+03 1.600000000000000000000000000000e+01 2.560000000000000000000000000000e+02 3.170000000000000000000000000000e+02
1.642000000000000000000000000000e+03 1.600000000000000000000000000000e+01 2.560000000000000000000000000000e+02 3.180000000000000000000000000000e+02
1.643000000000000000000000000000e+03 1.000000000000000000000000000000e+01 1.000000000000000000000000000000e+02 3.190000000000000000000000000000e+02
1.651000000000000000000000000000e+03 3.000000000000000000000000000000e+01 9.000000000000000000000000000000e+02 3.200000000000000000000000000000e+02
1.654000000000000000000000000000e+03 1.300000000000000000000000000000e+01 1.690000000000000000000000000000e+02 3.210000000000000000000000000000e+02
1.656000000000000000000000000000e+03 1.500000000000000000000000000000e+01 2.250000000000000000000000000000e+02 3.220000000000000000000000000000e+02
1.657000000000000000000000000000e+03 2.300000000000000000000000000000e+01 5.290000000000000000000000000000e+02 3.230000000000000000000000000000e+02
1.659000000000000000000000000000e+03 1.700000000000000000000000000000e+01 2.890000000000000000000000000000e+02 3.240000000000000000000000000000e+02
1.661000000000000000000000000000e+03 2.600000000000000000000000000000e+01 6.760000000000000000000000000000e+02 3.250000000000000000000000000000e+02
1.671000000000000000000000000000e+03 1.800000000000000000000000000000e+01 3.240000000000000000000000000000e+02 3.260000000000000000000000000000e+02
1.673000000000000000000000000000e+03 2.500000000000000000000000000000e+01 6.250000000000000000000000000000e+02 3.270000000000000000000000000000e+02
1.676000000000000000000000000000e+03 1.300000000000000000000000000000e+01 1.690000000000000000000000000000e+02 3.280000000000000000000000000000e+02
1.679000000000000000000000000000e+03 2.200000000000000000000000000000e+01 4.840000000000000000000000000000e+02 3.290000000000000000000000000000e+02
1.681000000000000000000000000000e+03 2.200000000000000000000000000000e+01 4.840000000000000000000000000000e+02 3.300000000000000000000000000000e+02
1.685000000000000000000000000000e+03 2.400000000000000000000000000000e+01 5.760000000000000000000000000000e+02 3.310000000000000000000000000000e+02
1.693000000000000000000000000000e+03 1.800000000000000000000000000000e+01 3.240000000000000000000000000000e+02 3.320000000000000000000000000000e+02
1.697000000000000000000000000000e+03 2.300000000000000000000000000000e+01 5.290000000000000000000000000000e+02 3.330000000000000000000000000000e+02
1.705000000000000000000000000000e+03 3.000000000000000000000000000000e+01 9.000000000000000000000000000000e+02 3.340000000000000000000000000000e+02
1.710000000000000000000000000000e+03 1.400000000000000000000000000000e+01 1.960000000000000000000000000000e+02 3.350000000000000000000000000000e+02
1.712000000000000000000000000000e+03 2.000000000000000000000000000000e+01 4.000000000000000000000000000000e+02 3.360000000000000000000000000000e+02
1.718000000000000000000000000000e+03 1.800000000000000000000000000000e+01 3.240000000000000000000000000000e+02 3.370000000000000000000000000000e+02
1.719000000000000000000000000000e+03 1.900000000000000000000000000000e+01 3.610000000000000000000000000000e+02 3.380000000000000000000000000000e+02
1.724000000000000000000000000000e+03 1.600000000000000000000000000000e+01 2.560000000000000000000000000000e+02 3.390000000000000000000000000000e+02
1.730000000000000000000000000000e+03 2.200000000000000000000000000000e+01 4.840000000000000000000000000000e+02 3.400000000000000000000000000000e+02
1.737000000000000000000000000000e+03 2.100000000000000000000000000000e+01 4.410000000000000000000000000000e+02 3.410000000000000000000000000000e+02
1.743000000000000000000000000000e+03 3.000000000000000000000000000000e+01 9.000000000000000000000000000000e+02 3.420000000000000000000000000000e+02
1.744000000000000000000000000000e+03 1.900000000000000000000000000000e+01 3.610000000000000000000000000000e+02 3.430000000000000000000000000000e+02
1.752000000000000000000000000000e+03 2.400000000000000000000000000000e+01 5.760000000000000000000000000000e+02 3.440000000000000000000000000000e+02
1.754000000000000000000000000000e+03 2.300000000000000000000000000000e+01 5.290000000000000000000000000000e+02 3.450000000000000000000000000000e+02
1.758000000000000000000000000000e+03 2.200000000000000000000000000000e+01 4.840000000000000000000000000000e+02 3.460000000000000000000000000000e+02
1.759000000000000000000000000000e+03 2.400000000000000000000000000000e+01 5.760000000000000000000000000000e+02 3.470000000000000000000000000000e+02
1.777000000000000000000000000000e+03 2.000000000000000000000000000000e+01 4.000000000000000000000000000000e+02 3.480000000000000000000000000000e+02
1.785000000000000000000000000000e+03 2.000000000000000000000000000000e+01 4.000000000000000000000000000000e+02 3.490000000000000000000000000000e+02
1.790000000000000000000000000000e+03 2.100000000000000000000000000000e+01 4.410000000000000000000000000000e+02 3.500000000000000000000000000000e+02
1.801000000000000000000000000000e+03 2.400000000000000000000000000000e+01 5.760000000000000000000000000000e+02 3.510000000000000000000000000000e+02
1.808000000000000000000000000000e+03 1.700000000000000000000000000000e+01 2.890000000000000000000000000000e+02 3.520000000000000000000000000000e+02
1.811000000000000000000000000000e+03 1.900000000000000000000000000000e+01 3.610000000000000000000000000000e+02 3.530000000000000000000000000000e+02
1.815000000000000000000000000000e+03 1.600000000000000000000000000000e+01 2.560000000000000000000000000000e+02 3.540000000000000000000000000000e+02
1.818000000000000000000000000000e+03 1.800000000000000000000000000000e+01 3.240000000000000000000000000000e+02 3.550000000000000000000000000000e+02
1.819000000000000000000000000000e+03 2.800000000000000000000000000000e+01 7.840000000000000000000000000000e+02 3.560000000000000000000000000000e+02
1.821000000000000000000000000000e+03 2.400000000000000000000000000000e+01 5.760000000000000000000000000000e+02 3.570000000000000000000000000000e+02
1.829000000000000000000000000000e+03 2.300000000000000000000000000000e+01 5.290000000000000000000000000000e+02 3.580000000000000000000000000000e+02
1.833000000000000000000000000000e+03 1.800000000000000000000000000000e+01 3.240000000000000000000000000000e+02 3.590000000000000000000000000000e+02
1.846000000000000000000000000000e+03 2.400000000000000000000000000000e+01 5.760000000000000000000000000000e+02 3.600000000000000000000000000000e+02
1.848000000000000000000000000000e+03 2.000000000000000000000000000000e+01 4.000000000000000000000000000000e+02 3.610000000000000000000000000000e+02
1.849000000000000000000000000000e+03 2.300000000000000000000000000000e+01 5.290000000000000000000000000000e+02 3.620000000000000000000000000000e+02
1.853000000000000000000000000000e+03 2.000000000000000000000000000000e+01 4.000000000000000000000000000000e+02 3.630000000000000000000000000000e+02
1.854000000000000000000000000000e+03 2.300000000000000000000000000000e+01 5.290000000000000000000000000000e+02 3.640000000000000000000000000000e+02
1.862000000000000000000000000000e+03 2.200000000000000000000000000000e+01 4.840000000000000000000000000000e+02 3.650000000000000000000000000000e+02
1.873000000000000000000000000000e+03 2.900000000000000000000000000000e+01 8.410000000000000000000000000000e+02 3.660000000000000000000000000000e+02
1.874000000000000000000000000000e+03 2.500000000000000000000000000000e+01 6.250000000000000000000000000000e+02 3.670000000000000000000000000000e+02
1.876000000000000000000000000000e+03 2.000000000000000000000000000000e+01 4.000000000000000000000000000000e+02 3.680000000000000000000000000000e+02
1.878000000000000000000000000000e+03 2.100000000000000000000000000000e+01 4.410000000000000000000000000000e+02 3.690000000000000000000000000000e+02
1.881000000000000000000000000000e+03 3.200000000000000000000000000000e+01 1.024000000000000000000000000000e+03 3.700000000000000000000000000000e+02
1.884000000000000000000000000000e+03 1.900000000000000000000000000000e+01 3.610000000000000000000000000000e+02 3.710000000000000000000000000000e+02
1.886000000000000000000000000000e+03 2.500000000000000000000000000000e+01 6.250000000000000000000000000000e+02 3.720000000000000000000000000000e+02
1.887000000000000000000000000000e+03 1.700000000000000000000000000000e+01 2.890000000000000000000000000000e+02 3.730000000000000000000000000000e+02
1.894000000000000000000000000000e+03 1.700000000000000000000000000000e+01 2.890000000000000000000000000000e+02 3.740000000000000000000000000000e+02
1.898000000000000000000000000000e+03 2.200000000000000000000000000000e+01 4.840000000000000000000000000000e+02 3.750000000000000000000000000000e+02
1.903000000000000000000000000000e+03 2.300000000000000000000000000000e+01 5.290000000000000000000000000000e+02 3.760000000000000000000000000000e+02
1.904000000000000000000000000000e+03 1.900000000000000000000000000000e+01 3.610000000000000000000000000000e+02 3.770000000000000000000000000000e+02
1.905000000000000000000000000000e+03 1.700000000000000000000000000000e+01 2.890000000000000000000000000000e+02 3.780000000000000000000000000000e+02
1.908000000000000000000000000000e+03 2.500000000000000000000000000000e+01 6.250000000000000000000000000000e+02 3.790000000000000000000000000000e+02
1.911000000000000000000000000000e+03 2.100000000000000000000000000000e+01 4.410000000000000000000000000000e+02 3.800000000000000000000000000000e+02
1.913000000000000000000000000000e+03 2.300000000000000000000000000000e+01 5.290000000000000000000000000000e+02 3.810000000000000000000000000000e+02
1.914000000000000000000000000000e+03 1.600000000000000000000000000000e+01 2.560000000000000000000000000000e+02 3.820000000000000000000000000000e+02
1.928000000000000000000000000000e+03 2.100000000000000000000000000000e+01 4.410000000000000000000000000000e+02 3.830000000000000000000000000000e+02
1.936000000000000000000000000000e+03 1.600000000000000000000000000000e+01 2.560000000000000000000000000000e+02 3.840000000000000000000000000000e+02
1.940000000000000000000000000000e+03 1.400000000000000000000000000000e+01 1.960000000000000000000000000000e+02 3.850000000000000000000000000000e+02
1.941000000000000000000000000000e+03 2.000000000000000000000000000000e+01 4.000000000000000000000000000000e+02 3.860000000000000000000000000000e+02
1.945000000000000000000000000000e+03 1.700000000000000000000000000000e+01 2.890000000000000000000000000000e+02 3.870000000000000000000000000000e+02
1.946000000000000000000000000000e+03 1.600000000000000000000000000000e+01 2.560000000000000000000000000000e+02 3.880000000000000000000000000000e+02
1.948000000000000000000000000000e+03 1.300000000000000000000000000000e+01 1.690000000000000000000000000000e+02 3.890000000000000000000000000000e+02
1.956000000000000000000000000000e+03 1.600000000000000000000000000000e+01 2.560000000000000000000000000000e+02 3.900000000000000000000000000000e+02
1.966000000000000000000000000000e+03 1.600000000000000000000000000000e+01 2.560000000000000000000000000000e+02 3.910000000000000000000000000000e+02
1.968000000000000000000000000000e+03 1.200000000000000000000000000000e+01 1.440000000000000000000000000000e+02 3.920000000000000000000000000000e+02
1.977000000000000000000000000000e+03 2.000000000000000000000000000000e+01 4.000000000000000000000000000000e+02 3.930000000000000000000000000000e+02
1.981000000000000000000000000000e+03 2.000000000000000000000000000000e+01 4.000000000000000000000000000000e+02 3.940000000000000000000000000000e+02
1.982000000000000000000000000000e+03 2.500000000000000000000000000000e+01 6.250000000000000000000000000000e+02 3.950000000000000000000000000000e+02
1.988000000000000000000000000000e+03 2.500000000000000000000000000000e+01 6.250000000000000000000000000000e+02 3.960000000000000000000000000000e+02
1.999000000000000000000000000000e+03 1.400000000000000000000000000000e+01 1.960000000000000000000000000000e+02 3.970000000000000000000000000000e+02
2.012000000000000000000000000000e+03 1.400000000000000000000000000000e+01 1.960000000000000000000000000000e+02 3.980000000000000000000000000000e+02
2.013000000000000000000000000000e+03 1.400000000000000000000000000000e+01 1.960000000000000000000000000000e+02 3.990000000000000000000000000000e+02
