2.000000000000000000000000000000e+00 2.100000000000000000000000000000e+01 4.410000000000000000000000000000e+02 0.000000000000000000000000000000e+00
2.500000000000000000000000000000e+01 1.400000000000000000000000000000e+01 1.960000000000000000000000000000e+02 1.000000000000000000000000000000e+00
2.800000000000000000000000000000e+01 2.400000000000000000000000000000e+01 5.760000000000000000000000000000e+02 2.000000000000000000000000000000e+00
3.800000000000000000000000000000e+01 2.100000000000000000000000000000e+01 4.410000000000000000000000000000e+02 3.000000000000000000000000000000e+00
4.400000000000000000000000000000e+01 2.100000000000000000000000000000e+01 4.410000000000000000000000000000e+02 4.000000000000000000000000000000e+00
4.500000000000000000000000000000e+01 2.700000000000000000000000000000e+01 7.290000000000000000000000000000e+02 5.000000000000000000000000000000e+00
4.700000000000000000000000000000e+01 2.500000000000000000000000000000e+01 6.250000000000000000000000000000e+02 6.000000000000000000000000000000e+00
4.800000000000000000000000000000e+01 2.000000000000000000000000000000e+01 4.000000000000000000000000000000e+02 7.000000000000000000000000000000e+00
5.700000000000000000000000000000e+01 1.100000000000000000000000000000e+01 1.210000000000000000000000000000e+02 8.000000000000000000000000000000e+00
6.000000000000000000000000000000e+01 1.900000000000000000000000000000e+01 3.610000000000000000000000000000e+02 9.000000000000000000000000000000e+00
6.500000000000000000000000000000e+01 2.600000000000000000000000000000e+01 6.760000000000000000000000000000e+02 1.000000000000000000000000000000e+01
6.600000000000000000000000000000e+01 2.600000000000000000000000000000e+01 6.760000000000000000000000000000e+02 1.100000000000000000000000000000e+01
7.400000000000000000000000000000e+01 2.300000000000000000000000000000e+01 5.290000000000000000000000000000e+02 1.200000000000000000000000000000e+01
7.800000000000000000000000000000e+01 1.900000000000000000000000000000e+01 3.610000000000000000000000000000e+02 1.300000000000000000000000000000e+01
8.100000000000000000000000000000e+01 1.600000000000000000000000000000e+01 2.560000000000000000000000000000e+02 1.400000000000000000000000000000e+01
9.100000000000000000000000000000e+01 2.100000000000000000000000000000e+01 4.410000000000000000000000000000e+02 1.500000000000000000000000000000e+01
9.300000000000000000000000000000e+01 2.700000000000000000000000000000e+01 7.290000000000000000000000000000e+02 1.600000000000000000000000000000e+01
9.700000000000000000000000000000e+01 2.100000000000000000000000000000e+01 4.410000000000000000000000000000e+02 1.700000000000000000000000000000e+01
9.800000000000000000000000000000e+01 8.000000000000000000000000000000e+00 6.400000000000000000000000000000e+01 1.800000000000000000000000000000e+01
1.010000000000000000000000000000e+02 2.600000000000000000000000000000e+01 6.760000000000000000000000000000e+02 1.900000000000000000000000000000e+01
1.020000000000000000000000000000e+02 2.400000000000000000000000000000e+01 5.760000000000000000000000000000e+02 2.000000000000000000000000000000e+01
1.030000000000000000000000000000e+02 2.500000000000000000000000000000e+01 6.250000000000000000000000000000e+02 2.100000000000000000000000000000e+01
1.040000000000000000000000000000e+02 2.200000000000000000000000000000e+01 4.840000000000000000000000000000e+02 2.200000000000000000000000000000e+01
1.070000000000000000000000000000e+02 1.700000000000000000000000000000e+01 2.890000000000000000000000000000e+02 2.300000000000000000000000000000e+01
1.080000000000000000000000000000e+02 1.800000000000000000000000000000e+01 3.240000000000000000000000000000e+02 2.400000000000000000000000000000e+01
1.130000000000000000000000000000e+02 1.900000000000000000000000000000e+01 3.610000000000000000000000000000e+02 2.500000000000000000000000000000e+01
1.150000000000000000000000000000e+02 2.500000000000000000000000000000e+01 6.250000000000000000000000000000e+02 2.600000000000000000000000000000e+01
1.420000000000000000000000000000e+02 1.900000000000000000000000000000e+01 3.610000000000000000000000000000e+02 2.700000000000000000000000000000e+01
1.470000000000000000000000000000e+02 1.800000000000000000000000000000e+01 3.240000000000000000000000000000e+02 2.800000000000000000000000000000e+01
1.500000000000000000000000000000e+02 1.800000000000000000000000000000e+01 3.240000000000000000000000000000e+02 2.900000000000000000000000000000e+01
1.510000000000000000000000000000e+02 1.900000000000000000000000000000e+01 3.610000000000000000000000000000e+02 3.000000000000000000000000000000e+01
1.580000000000000000000000000000e+02 2.900000000000000000000000000000e+01 8.410000000000000000000000000000e+02 3.100000000000000000000000000000e+01
1.640000000000000000000000000000e+02 1.600000000000000000000000000000e+01 2.560000000000000000000000000000e+02 3.200000000000000000000000000000e+01
1.650000000000000000000000000000e+02 1.500000000000000000000000000000e+01 2.250000000000000000000000000000e+02 3.300000000000000000000000000000e+01
1.660000000000000000000000000000e+02 2.000000000000000000000000000000e+01 4.000000000000000000000000000000e+02 3.400000000000000000000000000000e+01
1.750000000000000000000000000000e+02 1.900000000000000000000000000000e+01 3.610000000000000000000000000000e+02 3.500000000000000000000000000000e+01
1.790000000000000000000000000000e+02 1.700000000000000000000000000000e+01 2.890000000000000000000000000000e+02 3.600000000000000000000000000000e+01
1.860000000000000000000000000000e+02 1.400000000000000000000000000000e+01 1.960000000000000000000000000000e+02 3.700000000000000000000000000000e+01
1.890000000000000000000000000000e+02 1.800000000000000000000000000000e+01 3.240000000000000000000000000000e+02 3.800000000000000000000000000000e+01
1.910000000000000000000000000000e+02 1.800000000000000000000000000000e+01 3.240000000000000000000000000000e+02 3.900000000000000000000000000000e+01
1.940000000000000000000000000000e+02 2.300000000000000000000000000000e+01 5.290000000000000000000000000000e+02 4.000000000000000000000000000000e+01
2.050000000000000000000000000000e+02 1.600000000000000000000000000000e+01 2.560000000000000000000000000000e+02 4.100000000000000000000000000000e+01
2.070000000000000000000000000000e+02 1.500000000000000000000000000000e+01 2.250000000000000000000000000000e+02 4.200000000000000000000000000000e+01
2.130000000000000000000000000000e+02 2.400000000000000000000000000000e+01 5.760000000000000000000000000000e+02 4.300000000000000000000000000000e+01
2.340000000000000000000000000000e+02 2.400000000000000000000000000000e+01 5.760000000000000000000000000000e+02 4.400000000000000000000000000000e+01
2.360000000000000000000000000000e+02 2.000000000000000000000000000000e+01 4.000000000000000000000000000000e+02 4.500000000000000000000000000000e+01
2.410000000000000000000000000000e+02 2.400000000000000000000000000000e+01 5.760000000000000000000000000000e+02 4.600000000000000000000000000000e+01
2.460000000000000000000000000000e+02 2.200000000000000000000000000000e+01 4.840000000000000000000000000000e+02 4.700000000000000000000000000000e+01
2.480000000000000000000000000000e+02 2.200000000000000000000000000000e+01 4.840000000000000000000000000000e+02 4.800000000000000000000000000000e+01
2.540000000000000000000000000000e+02 2.100000000000000000000000000000e+01 4.410000000000000000000000000000e+02 4.900000000000000000000000000000e+01
2.590000000000000000000000000000e+02 2.500000000000000000000000000000e+01 6.250000000000000000000000000000e+02 5.000000000000000000000000000000e+01
2.700000000000000000000000000000e+02 2.400000000000000000000000000000e+01 5.760000000000000000000000000000e+02 5.100000000000000000000000000000e+01
2.790000000000000000000000000000e+02 2.000000000000000000000000000000e+01 4.000000000000000000000000000000e+02 5.200000000000000000000000000000e+01
2.810000000000000000000000000000e+02 2.100000000000000000000000000000e+01 4.410000000000000000000000000000e+02 5.300000000000000000000000000000e+01
2.850000000000000000000000000000e+02 2.200000000000000000000000000000e+01 4.840000000000000000000000000000e+02 5.400000000000000000000000000000e+01
2.860000000000000000000000000000e+02 2.300000000000000000000000000000e+01 5.290000000000000000000000000000e+02 5.500000000000000000000000000000e+01
2.870000000000000000000000000000e+02 1.200000000000000000000000000000e+01 1.440000000000000000000000000000e+02 5.600000000000000000000000000000e+01
2.880000000000000000000000000000e+02 2.400000000000000000000000000000e+01 5.760000000000000000000000000000e+02 5.700000000000000000000000000000e+01
2.930000000000000000000000000000e+02 1.700000000000000000000000000000e+01 2.890000000000000000000000000000e+02 5.800000000000000000000000000000e+01
3.040000000000000000000000000000e+02 1.900000000000000000000000000000e+01 3.610000000000000000000000000000e+02 5.900000000000000000000000000000e+01
3.090000000000000000000000000000e+02 2.300000000000000000000000000000e+01 5.290000000000000000000000000000e+02 6.000000000000000000000000000000e+01
3.110000000000000000000000000000e+02 1.800000000000000000000000000000e+01 3.240000000000000000000000000000e+02 6.100000000000000000000000000000e+01
3.170000000000000000000000000000e+02 2.000000000000000000000000000000e+01 4.000000000000000000000000000000e+02 6.200000000000000000000000000000e+01
3.180000000000000000000000000000e+02 1.200000000000000000000000000000e+01 1.440000000000000000000000000000e+02 6.300000000000000000000000000000e+01
3.200000000000000000000000000000e+02 1.900000000000000000000000000000e+01 3.610000000000000000000000000000e+02 6.400000000000000000000000000000e+01
3.210000000000000000000000000000e+02 1.400000000000000000000000000000e+01 1.960000000000000000000000000000e+02 6.500000000000000000000000000000e+01
3.240000000000000000000000000000e+02 2.500000000000000000000000000000e+01 6.250000000000000000000000000000e+02 6.600000000000000000000000000000e+01
3.290000000000000000000000000000e+02 2.200000000000000000000000000000e+01 4.840000000000000000000000000000e+02 6.700000000000000000000000000000e+01
3.490000000000000000000000000000e+02 1.700000000000000000000000000000e+01 2.890000000000000000000000000000e+02 6.800000000000000000000000000000e+01
3.570000000000000000000000000000e+02 1.500000000000000000000000000000e+01 2.250000000000000000000000000000e+02 6.900000000000000000000000000000e+01
3.630000000000000000000000000000e+02 1.600000000000000000000000000000e+01 2.560000000000000000000000000000e+02 7.000000000000000000000000000000e+01
3.660000000000000000000000000000e+02 1.900000000000000000000000000000e+01 3.610000000000000000000000000000e+02 7.100000000000000000000000000000e+01
3.680000000000000000000000000000e+02 2.800000000000000000000000000000e+01 7.840000000000000000000000000000e+02 7.200000000000000000000000000000e+01
3.790000000000000000000000000000e+02 2.000000000000000000000000000000e+01 4.000000000000000000000000000000e+02 7.300000000000000000000000000000e+01
3.820000000000000000000000000000e+02 2.000000000000000000000000000000e+01 4.000000000000000000000000000000e+02 7.400000000000000000000000000000e+01
3.980000000000000000000000000000e+02 1.300000000000000000000000000000e+01 1.690000000000000000000000000000e+02 7.500000000000000000000000000000e+01
4.050000000000000000000000000000e+02 1.200000000000000000000000000000e+01 1.440000000000000000000000000000e+02 7.600000000000000000000000000000e+01
4.100000000000000000000000000000e+02 2.000000000000000000000000000000e+01 4.000000000000000000000000000000e+02 7.700000000000000000000000000000e+01
4.110000000000000000000000000000e+02 2.300000000000000000000000000000e+01 5.290000000000000000000000000000e+02 7.800000000000000000000000000000e+01
4.140000000000000000000000000000e+02 2.000000000000000000000000000000e+01 4.000000000000000000000000000000e+02 7.900000000000000000000000000000e+01
4.180000000000000000000000000000e+02 2.400000000000000000000000000000e+01 5.760000000000000000000000000000e+02 8.000000000000000000000000000000e+01
4.370000000000000000000000000000e+02 1.800000000000000000000000000000e+01 3.240000000000000000000000000000e+02 8.100000000000000000000000000000e+01
4.410000000000000000000000000000e+02 2.800000000000000000000000000000e+01 7.840000000000000000000000000000e+02 8.200000000000000000000000000000e+01
4.440000000000000000000000000000e+02 2.000000000000000000000000000000e+01 4.000000000000000000000000000000e+02 8.300000000000000000000000000000e+01
4.450000000000000000000000000000e+02 1.200000000000000000000000000000e+01 1.440000000000000000000000000000e+02 8.400000000000000000000000000000e+01
4.480000000000000000000000000000e+02 2.200000000000000000000000000000e+01 4.840000000000000000000000000000e+02 8.500000000000000000000000000000e+01
4.530000000000000000000000000000e+02 1.800000000000000000000000000000e+01 3.240000000000000000000000000000e+02 8.600000000000000000000000000000e+01
4.570000000000000000000000000000e+02 2.700000000000000000000000000000e+01 7.290000000000000000000000000000e+02 8.700000000000000000000000000000e+01
4.660000000000000000000000000000e+02 2.200000000000000000000000000000e+01 4.840000000000000000000000000000e+02 8.800000000000000000000000000000e+01
4.750000000000000000000000000000e+02 1.600000000000000000000000000000e+01 2.560000000000000000000000000000e+02 8.900000000000000000000000000000e+01
4.790000000000000000000000000000e+02 2.300000000000000000000000000000e+01 5.290000000000000000000000000000e+02 9.000000000000000000000000000000e+01
4.810000000000000000000000000000e+02 2.500000000000000000000000000000e+01 6.250000000000000000000000000000e+02 9.100000000000000000000000000000e+01
4.860000000000000000000000000000e+02 2.100000000000000000000000000000e+01 4.410000000000000000000000000000e+02 9.200000000000000000000000000000e+01
4.930000000000000000000000000000e+02 1.300000000000000000000000000000e+01 1.690000000000000000000000000000e+02 9.300000000000000000000000000000e+01
4.940000000000000000000000000000e+02 2.000000000000000000000000000000e+01 4.000000000000000000000000000000e+02 9.400000000000000000000000000000e+01
5.090000000000000000000000000000e+02 2.300000000000000000000000000000e+01 5.290000000000000000000000000000e+02 9.500000000000000000000000000000e+01
5.120000000000000000000000000000e+02 2.000000000000000000000000000000e+01 4.000000000000000000000000000000e+02 9.600000000000000000000000000000e+01
5.190000000000000000000000000000e+02 2.700000000000000000000000000000e+01 7.290000000000000000000000000000e+02 9.700000000000000000000000000000e+01
5.200000000000000000000000000000e+02 2.000000000000000000000000000000e+01 4.000000000000000000000000000000e+02 9.800000000000000000000000000000e+01
5.210000000000000000000000000000e+02 1.900000000000000000000000000000e+01 3.610000000000000000000000000000e+02 9.900000000000000000000000000000e+01
5.250000000000000000000000000000e+02 2.000000000000000000000000000000e+01 4.000000000000000000000000000000e+02 1.000000000000000000000000000000e+02
5.280000000000000000000000000000e+02 2.200000000000000000000000000000e+01 4.840000000000000000000000000000e+02 1.010000000000000000000000000000e+02
5.330000000000000000000000000000e+02 2.600000000000000000000000000000e+01 6.760000000000000000000000000000e+02 1.020000000000000000000000000000e+02
5.340000000000000000000000000000e+02 1.600000000000000000000000000000e+01 2.560000000000000000000000000000e+02 1.030000000000000000000000000000e+02
5.360000000000000000000000000000e+02 2.500000000000000000000000000000e+01 6.250000000000000000000000000000e+02 1.040000000000000000000000000000e+02
5.370000000000000000000000000000e+02 2.200000000000000000000000000000e+01 4.840000000000000000000000000000e+02 1.050000000000000000000000000000e+02
5.410000000000000000000000000000e+02 1.500000000000000000000000000000e+01 2.250000000000000000000000000000e+02 1.060000000000000000000000000000e+02
5.460000000000000000000000000000e+02 1.900000000000000000000000000000e+01 3.610000000000000000000000000000e+02 1.070000000000000000000000000000e+02
5.630000000000000000000000000000e+02 2.000000000000000000000000000000e+01 4.000000000000000000000000000000e+02 1.080000000000000000000000000000e+02
5.660000000000000000000000000000e+02 1.800000000000000000000000000000e+01 3.240000000000000000000000000000e+02 1.090000000000000000000000000000e+02
5.670000000000000000000000000000e+02 1.800000000000000000000000000000e+01 3.240000000000000000000000000000e+02 1.100000000000000000000000000000e+02
5.780000000000000000000000000000e+02 2.000000000000000000000000000000e+01 4.000000000000000000000000000000e+02 1.110000000000000000000000000000e+02
5.810000000000000000000000000000e+02 2.300000000000000000000000000000e+01 5.290000000000000000000000000000e+02 1.120000000000000000000000000000e+02
5.870000000000000000000000000000e+02 2.200000000000000000000000000000e+01 4.840000000000000000000000000000e+02 1.130000000000000000000000000000e+02
5.880000000000000000000000000000e+02 1.900000000000000000000000000000e+01 3.610000000000000000000000000000e+02 1.140000000000000000000000000000e+02
5.910000000000000000000000000000e+02 1.500000000000000000000000000000e+01 2.250000000000000000000000000000e+02 1.150000000000000000000000000000e+02
5.920000000000000000000000000000e+02 2.300000000000000000000000000000e+01 5.290000000000000000000000000000e+02 1.160000000000000000000000000000e+02
5.970000000000000000000000000000e+02 2.100000000000000000000000000000e+01 4.410000000000000000000000000000e+02 1.170000000000000000000000000000e+02
6.030000000000000000000000000000e+02 1.900000000000000000000000000000e+01 3.610000000000000000000000000000e+02 1.180000000000000000000000000000e+02
6.260000000000000000000000000000e+02 1.800000000000000000000000000000e+01 3.240000000000000000000000000000e+02 1.190000000000000000000000000000e+02
6.300000000000000000000000000000e+02 2.600000000000000000000000000000e+01 6.760000000000000000000000000000e+02 1.200000000000000000000000000000e+02
6.400000000000000000000000000000e+02 2.100000000000000000000000000000e+01 4.410000000000000000000000000000e+02 1.210000000000000000000000000000e+02
6.530000000000000000000000000000e+02 2.400000000000000000000000000000e+01 5.760000000000000000000000000000e+02 1.220000000000000000000000000000e+02
6.540000000000000000000000000000e+02 1.700000000000000000000000000000e+01 2.890000000000000000000000000000e+02 1.230000000000000000000000000000e+02
6.570000000000000000000000000000e+02 1.900000000000000000000000000000e+01 3.610000000000000000000000000000e+02 1.240000000000000000000000000000e+02
6.670000000000000000000000000000e+02 2.100000000000000000000000000000e+01 4.410000000000000000000000000000e+02 1.250000000000000000000000000000e+02
6.680000000000000000000000000000e+02 1.700000000000000000000000000000e+01 2.890000000000000000000000000000e+02 1.260000000000000000000000000000e+02
6.790000000000000000000000000000e+02 1.600000000000000000000000000000e+01 2.560000000000000000000000000000e+02 1.270000000000000000000000000000e+02
6.810000000000000000000000000000e+02 1.800000000000000000000000000000e+01 3.240000000000000000000000000000e+02 1.280000000000000000000000000000e+02
6.850000000000000000000000000000e+02 1.800000000000000000000000000000e+01 3.240000000000000000000000000000e+02 1.290000000000000000000000000000e+02
6.970000000000000000000000000000e+02 1.900000000000000000000000000000e+01 3.610000000000000000000000000000e+02 1.300000000000000000000000000000e+02
6.990000000000000000000000000000e+02 1.600000000000000000000000000000e+01 2.560000000000000000000000000000e+02 1.310000000000000000000000000000e+02
7.040000000000000000000000000000e+02 1.700000000000000000000000000000e+01 2.890000000000000000000000000000e+02 1.320000000000000000000000000000e+02
7.190000000000000000000000000000e+02 2.400000000000000000000000000000e+01 5.760000000000000000000000000000e+02 1.330000000000000000000000000000e+02
7.200000000000000000000000000000e+02 1.900000000000000000000000000000e+01 3.610000000000000000000000000000e+02 1.340000000000000000000000000000e+02
7.210000000000000000000000000000e+02 2.000000000000000000000000000000e+01 4.000000000000000000000000000000e+02 1.350000000000000000000000000000e+02
7.260000000000000000000000000000e+02 2.200000000000000000000000000000e+01 4.840000000000000000000000000000e+02 1.360000000000000000000000000000e+02
7.380000000000000000000000000000e+02 1.500000000000000000000000000000e+01 2.250000000000000000000000000000e+02 1.370000000000000000000000000000e+02
7.410000000000000000000000000000e+02 2.500000000000000000000000000000e+01 6.250000000000000000000000000000e+02 1.380000000000000000000000000000e+02
7.650000000000000000000000000000e+02 1.600000000000000000000000000000e+01 2.560000000000000000000000000000e+02 1.390000000000000000000000000000e+02
7.740000000000000000000000000000e+02 2.700000000000000000000000000000e+01 7.290000000000000000000000000000e+02 1.400000000000000000000000000000e+02
7.750000000000000000000000000000e+02 1.700000000000000000000000000000e+01 2.890000000000000000000000000000e+02 1.410000000000000000000000000000e+02
7.860000000000000000000000000000e+02 2.200000000000000000000000000000e+01 4.840000000000000000000000000000e+02 1.420000000000000000000000000000e+02
7.890000000000000000000000000000e+02 2.200000000000000000000000000000e+01 4.840000000000000000000000000000e+02 1.430000000000000000000000000000e+02
7.910000000000000000000000000000e+02 1.700000000000000000000000000000e+01 2.890000000000000000000000000000e+02 1.440000000000000000000000000000e+02
7.950000000000000000000000000000e+02 1.800000000000000000000000000000e+01 3.240000000000000000000000000000e+02 1.450000000000000000000000000000e+02
8.020000000000000000000000000000e+02 2.700000000000000000000000000000e+01 7.290000000000000000000000000000e+02 1.460000000000000000000000000000e+02
8.040000000000000000000000000000e+02 2.000000000000000000000000000000e+01 4.000000000000000000000000000000e+02 1.470000000000000000000000000000e+02
8.050000000000000000000000000000e+02 2.200000000000000000000000000000e+01 4.840000000000000000000000000000e+02 1.480000000000000000000000000000e+02
8.100000000000000000000000000000e+02 1.900000000000000000000000000000e+01 3.610000000000000000000000000000e+02 1.490000000000000000000000000000e+02
8.130000000000000000000000000000e+02 2.100000000000000000000000000000e+01 4.410000000000000000000000000000e+02 1.500000000000000000000000000000e+02
8.150000000000000000000000000000e+02 1.900000000000000000000000000000e+01 3.610000000000000000000000000000e+02 1.510000000000000000000000000000e+02
8.260000000000000000000000000000e+02 1.300000000000000000000000000000e+01 1.690000000000000000000000000000e+02 1.520000000000000000000000000000e+02
8.300000000000000000000000000000e+02 2.300000000000000000000000000000e+01 5.290000000000000000000000000000e+02 1.530000000000000000000000000000e+02
8.370000000000000000000000000000e+02 2.200000000000000000000000000000e+01 4.840000000000000000000000000000e+02 1.540000000000000000000000000000e+02
8.460000000000000000000000000000e+02 2.400000000000000000000000000000e+01 5.760000000000000000000000000000e+02 1.550000000000000000000000000000e+02
8.480000000000000000000000000000e+02 2.200000000000000000000000000000e+01 4.840000000000000000000000000000e+02 1.560000000000000000000000000000e+02
8.560000000000000000000000000000e+02 2.200000000000000000000000000000e+01 4.840000000000000000000000000000e+02 1.570000000000000000000000000000e+02
8.630000000000000000000000000000e+02 1.800000000000000000000000000000e+01 3.240000000000000000000000000000e+02 1.580000000000000000000000000000e+02
8.730000000000000000000000000000e+02 2.400000000000000000000000000000e+01 5.760000000000000000000000000000e+02 1.590000000000000000000000000000e+02
8.740000000000000000000000000000e+02 2.600000000000000000000000000000e+01 6.760000000000000000000000000000e+02 1.600000000000000000000000000000e+02
8.750000000000000000000000000000e+02 1.600000000000000000000000000000e+01 2.560000000000000000000000000000e+02 1.610000000000000000000000000000e+02
8.860000000000000000000000000000e+02 2.200000000000000000000000000000e+01 4.840000000000000000000000000000e+02 1.620000000000000000000000000000e+02
8.880000000000000000000000000000e+02 1.500000000000000000000000000000e+01 2.250000000000000000000000000000e+02 1.630000000000000000000000000000e+02
8.890000000000000000000000000000e+02 2.400000000000000000000000000000e+01 5.760000000000000000000000000000e+02 1.640000000000000000000000000000e+02
8.960000000000000000000000000000e+02 2.400000000000000000000000000000e+01 5.760000000000000000000000000000e+02 1.650000000000000000000000000000e+02
8.970000000000000000000000000000e+02 2.000000000000000000000000000000e+01 4.000000000000000000000000000000e+02 1.660000000000000000000000000000e+02
8.990000000000000000000000000000e+02 2.000000000000000000000000000000e+01 4.000000000000000000000000000000e+02 1.670000000000000000000000000000e+02
9.030000000000000000000000000000e+02 2.200000000000000000000000000000e+01 4.840000000000000000000000000000e+02 1.680000000000000000000000000000e+02
9.060000000000000000000000000000e+02 2.000000000000000000000000000000e+01 4.000000000000000000000000000000e+02 1.690000000000000000000000000000e+02
9.090000000000000000000000000000e+02 1.800000000000000000000000000000e+01 3.240000000000000000000000000000e+02 1.700000000000000000000000000000e+02
9.170000000000000000000000000000e+02 2.900000000000000000000000000000e+01 8.410000000000000000000000000000e+02 1.710000000000000000000000000000e+02
9.250000000000000000000000000000e+02 1.600000000000000000000000000000e+01 2.560000000000000000000000000000e+02 1.720000000000000000000000000000e+02
9.260000000000000000000000000000e+02 1.300000000000000000000000000000e+01 1.690000000000000000000000000000e+02 1.730000000000000000000000000000e+02
9.360000000000000000000000000000e+02 1.700000000000000000000000000000e+01 2.890000000000000000000000000000e+02 1.740000000000000000000000000000e+02
9.380000000000000000000000000000e+02 2.000000000000000000000000000000e+01 4.000000000000000000000000000000e+02 1.750000000000000000000000000000e+02
9.400000000000000000000000000000e+02 2.500000000000000000000000000000e+01 6.250000000000000000000000000000e+02 1.760000000000000000000000000000e+02
9.430000000000000000000000000000e+02 1.800000000000000000000000000000e+01 3.240000000000000000000000000000e+02 1.770000000000000000000000000000e+02
9.440000000000000000000000000000e+02 2.000000000000000000000000000000e+01 4.000000000000000000000000000000e+02 1.780000000000000000000000000000e+02
9.470000000000000000000000000000e+02 2.300000000000000000000000000000e+01 5.290000000000000000000000000000e+02 1.790000000000000000000000000000e+02
9.480000000000000000000000000000e+02 1.000000000000000000000000000000e+01 1.000000000000000000000000000000e+02 1.800000000000000000000000000000e+02
9.490000000000000000000000000000e+02 1.900000000000000000000000000000e+01 3.610000000000000000000000000000e+02 1.810000000000000000000000000000e+02
9.550000000000000000000000000000e+02 2.500000000000000000000000000000e+01 6.250000000000000000000000000000e+02 1.820000000000000000000000000000e+02
9.570000000000000000000000000000e+02 2.000000000000000000000000000000e+01 4.000000000000000000000000000000e+02 1.830000000000000000000000000000e+02
9.580000000000000000000000000000e+02 2.000000000000000000000000000000e+01 4.000000000000000000000000000000e+02 1.840000000000000000000000000000e+02
9.610000000000000000000000000000e+02 2.700000000000000000000000000000e+01 7.290000000000000000000000000000e+02 1.850000000000000000000000000000e+02
9.630000000000000000000000000000e+02 1.500000000000000000000000000000e+01 2.250000000000000000000000000000e+02 1.860000000000000000000000000000e+02
9.690000000000000000000000000000e+02 1.800000000000000000000000000000e+01 3.240000000000000000000000000000e+02 1.870000000000000000000000000000e+02
9.700000000000000000000000000000e+02 2.000000000000000000000000000000e+01 4.000000000000000000000000000000e+02 1.880000000000000000000000000000e+02
9.740000000000000000000000000000e+02 1.900000000000000000000000000000e+01 3.610000000000000000000000000000e+02 1.890000000000000000000000000000e+02
9.770000000000000000000000000000e+02 2.600000000000000000000000000000e+01 6.760000000000000000000000000000e+02 1.900000000000000000000000000000e+02
9.930000000000000000000000000000e+02 1.600000000000000000000000000000e+01 2.560000000000000000000000000000e+02 1.910000000000000000000000000000e+02
1.014000000000000000000000000000e+03 1.500000000000000000000000000000e+01 2.250000000000000000000000000000e+02 1.920000000000000000000000000000e+02
1.018000000000000000000000000000e+03 1.600000000000000000000000000000e+01 2.560000000000000000000000000000e+02 1.930000000000000000000000000000e+02
1.030000000000000000000000000000e+03 1.800000000000000000000000000000e+01 3.240000000000000000000000000000e+02 1.940000000000000000000000000000e+02
1.036000000000000000000000000000e+03 2.600000000000000000000000000000e+01 6.760000000000000000000000000000e+02 1.950000000000000000000000000000e+02
1.044000000000000000000000000000e+03 1.700000000000000000000000000000e+01 2.890000000000000000000000000000e+02 1.960000000000000000000000000000e+02
1.051000000000000000000000000000e+03 1.900000000000000000000000000000e+01 3.610000000000000000000000000000e+02 1.970000000000000000000000000000e+02
1.052000000000000000000000000000e+03 2.100000000000000000000000000000e+01 4.410000000000000000000000000000e+02 1.980000000000000000000000000000e+02
1.054000000000000000000000000000e+03 2.000000000000000000000000000000e+01 4.000000000000000000000000000000e+02 1.990000000000000000000000000000e+02
1.055000000000000000000000000000e+03 2.200000000000000000000000000000e+01 4.840000000000000000000000000000e+02 2.000000000000000000000000000000e+02
1.060000000000000000000000000000e+03 2.200000000000000000000000000000e+01 4.840000000000000000000000000000e+02 2.010000000000000000000000000000e+02
1.064000000000000000000000000000e+03 2.300000000000000000000000000000e+01 5.290000000000000000000000000000e+02 2.020000000000000000000000000000e+02
1.065000000000000000000000000000e+03 2.100000000000000000000000000000e+01 4.410000000000000000000000000000e+02 2.030000000000000000000000000000e+02
1.071000000000000000000000000000e+03 1.400000000000000000000000000000e+01 1.960000000000000000000000000000e+02 2.040000000000000000000000000000e+02
1.077000000000000000000000000000e+03 1.700000000000000000000000000000e+01 2.890000000000000000000000000000e+02 2.050000000000000000000000000000e+02
1.078000000000000000000000000000e+03 1.600000000000000000000000000000e+01 2.560000000000000000000000000000e+02 2.060000000000000000000000000000e+02
1.085000000000000000000000000000e+03 1.700000000000000000000000000000e+01 2.890000000000000000000000000000e+02 2.070000000000000000000000000000e+02
1.101000000000000000000000000000e+03 1.800000000000000000000000000000e+01 3.240000000000000000000000000000e+02 2.080000000000000000000000000000e+02
1.103000000000000000000000000000e+03 2.200000000000000000000000000000e+01 4.840000000000000000000000000000e+02 2.090000000000000000000000000000e+02
1.108000000000000000000000000000e+03 2.300000000000000000000000000000e+01 5.290000000000000000000000000000e+02 2.100000000000000000000000000000e+02
1.109000000000000000000000000000e+03 2.400000000000000000000000000000e+01 5.760000000000000000000000000000e+02 2.110000000000000000000000000000e+02
1.113000000000000000000000000000e+03 2.200000000000000000000000000000e+01 4.840000000000000000000000000000e+02 2.120000000000000000000000000000e+02
1.116000000000000000000000000000e+03 1.200000000000000000000000000000e+01 1.440000000000000000000000000000e+02 2.130000000000000000000000000000e+02
1.125000000000000000000000000000e+03 2.100000000000000000000000000000e+01 4.410000000000000000000000000000e+02 2.140000000000000000000000000000e+02
1.131000000000000000000000000000e+03 1.800000000000000000000000000000e+01 3.240000000000000000000000000000e+02 2.150000000000000000000000000000e+02
1.134000000000000000000000000000e+03 2.400000000000000000000000000000e+01 5.760000000000000000000000000000e+02 2.160000000000000000000000000000e+02
1.139000000000000000000000000000e+03 1.600000000000000000000000000000e+01 2.560000000000000000000000000000e+02 2.170000000000000000000000000000e+02
1.142000000000000000000000000000e+03 1.400000000000000000000000000000e+01 1.960000000000000000000000000000e+02 2.180000000000000000000000000000e+02
1.148000000000000000000000000000e+03 2.100000000000000000000000000000e+01 4.410000000000000000000000000000e+02 2.190000000000000000000000000000e+02
1.153000000000000000000000000000e+03 2.300000000000000000000000000000e+01 5.290000000000000000000000000000e+02 2.200000000000000000000000000000e+02
1.154000000000000000000000000000e+03 1.800000000000000000000000000000e+01 3.240000000000000000000000000000e+02 2.210000000000000000000000000000e+02
1.155000000000000000000000000000e+03 2.400000000000000000000000000000e+01 5.760000000000000000000000000000e+02 2.220000000000000000000000000000e+02
1.160000000000000000000000000000e+03 2.300000000000000000000000000000e+01 5.290000000000000000000000000000e+02 2.230000000000000000000000000000e+02
1.161000000000000000000000000000e+03 1.500000000000000000000000000000e+01 2.250000000000000000000000000000e+02 2.240000000000000000000000000000e+02
1.163000000000000000000000000000e+03 2.000000000000000000000000000000e+01 4.000000000000000000000000000000e+02 2.250000000000000000000000000000e+02
1.171000000000000000000000000000e+03 2.500000000000000000000000000000e+01 6.250000000000000000000000000000e+02 2.260000000000000000000000000000e+02
1.177000000000000000000000000000e+03 1.800000000000000000000000000000e+01 3.240000000000000000000000000000e+02 2.270000000000000000000000000000e+02
1.178000000000000000000000000000e+03 1.900000000000000000000000000000e+01 3.610000000000000000000000000000e+02 2.280000000000000000000000000000e+02
1.183000000000000000000000000000e+03 2.100000000000000000000000000000e+01 4.410000000000000000000000000000e+02 2.290000000000000000000000000000e+02
1.185000000000000000000000000000e+03 1.300000000000000000000000000000e+01 1.690000000000000000000000000000e+02 2.300000000000000000000000000000e+02
1.205000000000000000000000000000e+03 1.500000000000000000000000000000e+01 2.250000000000000000000000000000e+02 2.310000000000000000000000000000e+02
1.210000000000000000000000000000e+03 1.900000000000000000000000000000e+01 3.610000000000000000000000000000e+02 2.320000000000000000000000000000e+02
1.224000000000000000000000000000e+03 2.600000000000000000000000000000e+01 6.760000000000000000000000000000e+02 2.330000000000000000000000000000e+02
1.225000000000000000000000000000e+03 2.100000000000000000000000000000e+01 4.410000000000000000000000000000e+02 2.340000000000000000000000000000e+02
1.232000000000000000000000000000e+03 1.800000000000000000000000000000e+01 3.240000000000000000000000000000e+02 2.350000000000000000000000000000e+02
1.233000000000000000000000000000e+03 1.400000000000000000000000000000e+01 1.960000000000000000000000000000e+02 2.360000000000000000000000000000e+02
1.239000000000000000000000000000e+03 2.300000000000000000000000000000e+01 5.290000000000000000000000000000e+02 2.370000000000000000000000000000e+02
1.243000000000000000000000000000e+03 2.400000000000000000000000000000e+01 5.760000000000000000000000000000e+02 2.380000000000000000000000000000e+02
1.245000000000000000000000000000e+03 2.200000000000000000000000000000e+01 4.840000000000000000000000000000e+02 2.390000000000000000000000000000e+02
1.255000000000000000000000000000e+03 1.600000000000000000000000000000e+01 2.560000000000000000000000000000e+02 2.400000000000000000000000000000e+02
1.257000000000000000000000000000e+03 2.200000000000000000000000000000e+01 4.840000000000000000000000000000e+02 2.410000000000000000000000000000e+02
1.259000000000000000000000000000e+03 2.000000000000000000000000000000e+01 4.000000000000000000000000000000e+02 2.420000000000000000000000000000e+02
1.260000000000000000000000000000e+03 2.000000000000000000000000000000e+01 4.000000000000000000000000000000e+02 2.430000000000000000000000000000e+02
1.263000000000000000000000000000e+03 2.400000000000000000000000000000e+01 5.760000000000000000000000000000e+02 2.440000000000000000000000000000e+02
1.265000000000000000000000000000e+03 1.800000000000000000000000000000e+01 3.240000000000000000000000000000e+02 2.450000000000000000000000000000e+02
1.266000000000000000000000000000e+03 1.900000000000000000000000000000e+01 3.610000000000000000000000000000e+02 2.460000000000000000000000000000e+02
1.267000000000000000000000000000e+03 1.500000000000000000000000000000e+01 2.250000000000000000000000000000e+02 2.470000000000000000000000000000e+02
1.268000000000000000000000000000e+03 2.400000000000000000000000000000e+01 5.760000000000000000000000000000e+02 2.480000000000000000000000000000e+02
1.269000000000000000000000000000e+03 3.000000000000000000000000000000e+01 9.000000000000000000000000000000e+02 2.490000000000000000000000000000e+02
1.270000000000000000000000000000e+03 1.600000000000000000000000000000e+01 2.560000000000000000000000000000e+02 2.500000000000000000000000000000e+02
1.272000000000000000000000000000e+03 2.400000000000000000000000000000e+01 5.760000000000000000000000000000e+02 2.510000000000000000000000000000e+02
1.274000000000000000000000000000e+03 2.700000000000000000000000000000e+01 7.290000000000000000000000000000e+02 2.520000000000000000000000000000e+02
1.275000000000000000000000000000e+03 1.400000000000000000000000000000e+01 1.960000000000000000000000000000e+02 2.530000000000000000000000000000e+02
1.276000000000000000000000000000e+03 2.200000000000000000000000000000e+01 4.840000000000000000000000000000e+02 2.540000000000000000000000000000e+02
1.277000000000000000000000000000e+03 1.900000000000000000000000000000e+01 3.610000000000000000000000000000e+02 2.550000000000000000000000000000e+02
1.281000000000000000000000000000e+03 2.500000000000000000000000000000e+01 6.250000000000000000000000000000e+02 2.560000000000000000000000000000e+02
1.295000000000000000000000000000e+03 2.200000000000000000000000000000e+01 4.840000000000000000000000000000e+02 2.570000000000000000000000000000e+02
1.297000000000000000000000000000e+03 2.700000000000000000000000000000e+01 7.290000000000000000000000000000e+02 2.580000000000000000000000000000e+02
1.300000000000000000000000000000e+03 1.600000000000000000000000000000e+01 2.560000000000000000000000000000e+02 2.590000000000000000000000000000e+02
1.301000000000000000000000000000e+03 1.900000000000000000000000000000e+01 3.610000000000000000000000000000e+02 2.600000000000000000000000000000e+02
1.304000000000000000000000000000e+03 1.400000000000000000000000000000e+01 1.960000000000000000000000000000e+02 2.610000000000000000000000000000e+02
1.314000000000000000000000000000e+03 2.900000000000000000000000000000e+01 8.410000000000000000000000000000e+02 2.620000000000000000000000000000e+02
1.319000000000000000000000000000e+03 1.500000000000000000000000000000e+01 2.250000000000000000000000000000e+02 2.630000000000000000000000000000e+02
1.325000000000000000000000000000e+03 2.100000000000000000000000000000e+01 4.410000000000000000000000000000e+02 2.640000000000000000000000000000e+02
1.328000000000000000000000000000e+03 3.100000000000000000000000000000e+01 9.610000000000000000000000000000e+02 2.650000000000000000000000000000e+02
1.339000000000000000000000000000e+03 2.400000000000000000000000000000e+01 5.760000000000000000000000000000e+02 2.660000000000000000000000000000e+02
1.342000000000000000000000000000e+03 1.900000000000000000000000000000e+01 3.610000000000000000000000000000e+02 2.670000000000000000000000000000e+02
1.356000000000000000000000000000e+03 9.000000000000000000000000000000e+00 8.100000000000000000000000000000e+01 2.680000000000000000000000000000e+02
1.363000000000000000000000000000e+03 2.000000000000000000000000000000e+01 4.000000000000000000000000000000e+02 2.690000000000000000000000000000e+02
1.364000000000000000000000000000e+03 2.000000000000000000000000000000e+01 4.000000000000000000000000000000e+02 2.700000000000000000000000000000e+02
1.380000000000000000000000000000e+03 1.800000000000000000000000000000e+01 3.240000000000000000000000000000e+02 2.710000000000000000000000000000e+02
1.386000000000000000000000000000e+03 2.900000000000000000000000000000e+01 8.410000000000000000000000000000e+02 2.720000000000000000000000000000e+02
1.391000000000000000000000000000e+03 1.600000000000000000000000000000e+01 2.560000000000000000000000000000e+02 2.730000000000000000000000000000e+02
1.395000000000000000000000000000e+03 1.600000000000000000000000000000e+01 2.560000000000000000000000000000e+02 2.740000000000000000000000000000e+02
1.396000000000000000000000000000e+03 2.300000000000000000000000000000e+01 5.290000000000000000000000000000e+02 2.750000000000000000000000000000e+02
1.407000000000000000000000000000e+03 2.000000000000000000000000000000e+01 4.000000000000000000000000000000e+02 2.760000000000000000000000000000e+02
1.409000000000000000000000000000e+03 2.600000000000000000000000000000e+01 6.760000000000000000000000000000e+02 2.770000000000000000000000000000e+02
1.410000000000000000000000000000e+03 2.300000000000000000000000000000e+01 5.290000000000000000000000000000e+02 2.780000000000000000000000000000e+02
1.411000000000000000000000000000e+03 1.300000000000000000000000000000e+01 1.690000000000000000000000000000e+02 2.790000000000000000000000000000e+02
1.412000000000000000000000000000e+03 3.000000000000000000000000000000e+01 9.000000000000000000000000000000e+02 2.800000000000000000000000000000e+02
1.416000000000000000000000000000e+03 2.500000000000000000000000000000e+01 6.250000000000000000000000000000e+02 2.810000000000000000000000000000e+02
1.417000000000000000000000000000e+03 2.000000000000000000000000000000e+01 4.000000000000000000000000000000e+02 2.820000000000000000000000000000e+02
1.423000000000000000000000000000e+03 2.600000000000000000000000000000e+01 6.760000000000000000000000000000e+02 2.830000000000000000000000000000e+02
1.431000000000000000000000000000e+03 1.600000000000000000000000000000e+01 2.560000000000000000000000000000e+02 2.840000000000000000000000000000e+02
1.435000000000000000000000000000e+03 1.600000000000000000000000000000e+01 2.560000000000000000000000000000e+02 2.850000000000000000000000000000e+02
1.441000000000000000000000000000e+03 1.500000000000000000000000000000e+01 2.250000000000000000000000000000e+02 2.860000000000000000000000000000e+02
1.445000000000000000000000000000e+03 1.800000000000000000000000000000e+01 3.240000000000000000000000000000e+02 2.870000000000000000000000000000e+02
1.456000000000000000000000000000e+03 1.900000000000000000000000000000e+01 3.610000000000000000000000000000e+02 2.880000000000000000000000000000e+02
1.457000000000000000000000000000e+03 2.500000000000000000000000000000e+01 6.250000000000000000000000000000e+02 2.890000000000000000000000000000e+02
1.462000000000000000000000000000e+03 2.100000000000000000000000000000e+01 4.410000000000000000000000000000e+02 2.900000000000000000000000000000e+02
1.464000000000000000000000000000e+03 1.900000000000000000000000000000e+01 3.610000000000000000000000000000e+02 2.910000000000000000000000000000e+02
1.474000000000000000000000000000e+03 2.300000000000000000000000000000e+01 5.290000000000000000000000000000e+02 2.920000000000000000000000000000e+02
1.492000000000000000000000000000e+03 1.400000000000000000000000000000e+01 1.960000000000000000000000000000e+02 2.930000000000000000000000000000e+02
1.493000000000000000000000000000e+03 2.000000000000000000000000000000e+01 4.000000000000000000000000000000e+02 2.940000000000000000000000000000e+02
1.497000000000000000000000000000e+03 1.700000000000000000000000000000e+01 2.890000000000000000000000000000e+02 2.950000000000000000000000000000e+02
1.503000000000000000000000000000e+03 9.000000000000000000000000000000e+00 8.100000000000000000000000000000e+01 2.960000000000000000000000000000e+02
1.504000000000000000000000000000e+03 2.400000000000000000000000000000e+01 5.760000000000000000000000000000e+02 2.970000000000000000000000000000e+02
1.511000000000000000000000000000e+03 1.700000000000000000000000000000e+01 2.890000000000000000000000000000e+02 2.980000000000000000000000000000e+02
1.512000000000000000000000000000e+03 1.800000000000000000000000000000e+01 3.240000000000000000000000000000e+02 2.990000000000000000000000000000e+02
1.516000000000000000000000000000e+03 2.600000000000000000000000000000e+01 6.760000000000000000000000000000e+02 3.000000000000000000000000000000e+02
1.527000000000000000000000000000e+03 2.000000000000000000000000000000e+01 4.000000000000000000000000000000e+02 3.010000000000000000000000000000e+02
1.531000000000000000000000000000e+03 2.400000000000000000000000000000e+01 5.760000000000000000000000000000e+02 3.020000000000000000000000000000e+02
1.532000000000000000000000000000e+03 1.300000000000000000000000000000e+01 1.690000000000000000000000000000e+02 3.030000000000000000000000000000e+02
1.537000000000000000000000000000e+03 1.900000000000000000000000000000e+01 3.610000000000000000000000000000e+02 3.040000000000000000000000000000e+02
1.546000000000000000000000000000e+03 2.100000000000000000000000000000e+01 4.410000000000000000000000000000e+02 3.050000000000000000000000000000e+02
1.547000000000000000000000000000e+03 1.900000000000000000000000000000e+01 3.610000000000000000000000000000e+02 3.060000000000000000000000000000e+02
1.550000000000000000000000000000e+03 2.100000000000000000000000000000e+01 4.410000000000000000000000000000e+02 3.070000000000000000000000000000e+02
1.552000000000000000000000000000e+03 2.200000000000000000000000000000e+01 4.840000000000000000000000000000e+02 3.080000000000000000000000000000e+02
1.557000000000000000000000000000e+03 1.800000000000000000000000000000e+01 3.240000000000000000000000000000e+02 3.090000000000000000000000000000e+02
1.558000000000000000000000000000e+03 2.600000000000000000000000000000e+01 6.760000000000000000000000000000e+02 3.100000000000000000000000000000e+02
1.560000000000000000000000000000e+03 3.000000000000000000000000000000e+01 9.000000000000000000000000000000e+02 3.110000000000000000000000000000e+02
1.565000000000000000000000000000e+03 1.800000000000000000000000000000e+01 3.240000000000000000000000000000e+02 3.120000000000000000000000000000e+02
1.569000000000000000000000000000e+03 2.300000000000000000000000000000e+01 5.290000000000000000000000000000e+02 3.130000000000000000000000000000e+02
1.571000000000000000000000000000e+03 2.200000000000000000000000000000e+01 4.840000000000000000000000000000e+02 3.140000000000000000000000000000e+02
1.576000000000000000000000000000e+03 2.000000000000000000000000000000e+01 4.000000000000000000000000000000e+02 3.150000000000000000000000000000e+02
1.577000000000000000000000000000e+03 1.700000000000000000000000000000e+01 2.890000000000000000000000000000e+02 3.160000000000000000000000000000e+02
1.584000000000000000000000000000e+03 2.400000000000000000000000000000e+01 5.760000000000000000000000000000e+02 3.170000000000000000000000000000e+02
1.586000000000000000000000000000e+03 1.600000000000000000000000000000e+01 2.560000000000000000000000000000e+02 3.180000000000000000000000000000e+02
1.588000000000000000000000000000e+03 2.100000000000000000000000000000e+01 4.410000000000000000000000000000e+02 3.190000000000000000000000000000e+02
1.590000000000000000000000000000e+03 2.700000000000000000000000000000e+01 7.290000000000000000000000000000e+02 3.200000000000000000000000000000e+02
1.602000000000000000000000000000e+03 1.400000000000000000000000000000e+01 1.960000000000000000000000000000e+02 3.210000000000000000000000000000e+02
1.606000000000000000000000000000e+03 2.200000000000000000000000000000e+01 4.840000000000000000000000000000e+02 3.220000000000000000000000000000e+02
1.610000000000000000000000000000e+03 1.600000000000000000000000000000e+01 2.560000000000000000000000000000e+02 3.230000000000000000000000000000e+02
1.611000000000000000000000000000e+03 1.600000000000000000000000000000e+01 2.560000000000000000000000000000e+02 3.240000000000000000000000000000e+02
1.623000000000000000000000000000e+03 2.100000000000000000000000000000e+01 4.410000000000000000000000000000e+02 3.250000000000000000000000000000e+02
1.631000000000000000000000000000e+03 2.100000000000000000000000000000e+01 4.410000000000000000000000000000e+02 3.260000000000000000000000000000e+02
1.636000000000000000000000000000e+03 2.300000000000000000000000000000e+01 5.290000000000000000000000000000e+02 3.270000000000000000000000000000e+02
1.640000000000000000000000000000e+03 1.900000000000000000000000000000e+01 3.610000000000000000000000000000e+02 3.280000000000000000000000000000e+02
1.647000000000000000000000000000e+03 1.500000000000000000000000000000e+01 2.250000000000000000000000000000e+02 3.290000000000000000000000000000e+02
1.650000000000000000000000000000e+03 2.100000000000000000000000000000e+01 4.410000000000000000000000000000e+02 3.300000000000000000000000000000e+02
1.656000000000000000000000000000e+03 1.300000000000000000000000000000e+01 1.690000000000000000000000000000e+02 3.310000000000000000000000000000e+02
1.680000000000000000000000000000e+03 2.000000000000000000000000000000e+01 4.000000000000000000000000000000e+02 3.320000000000000000000000000000e+02
1.687000000000000000000000000000e+03 2.500000000000000000000000000000e+01 6.250000000000000000000000000000e+02 3.330000000000000000000000000000e+02
1.694000000000000000000000000000e+03 2.100000000000000000000000000000e+01 4.410000000000000000000000000000e+02 3.340000000000000000000000000000e+02
1.700000000000000000000000000000e+03 2.800000000000000000000000000000e+01 7.840000000000000000000000000000e+02 3.350000000000000000000000000000e+02
1.702000000000000000000000000000e+03 1.800000000000000000000000000000e+01 3.240000000000000000000000000000e+02 3.360000000000000000000000000000e+02
1.703000000000000000000000000000e+03 1.900000000000000000000000000000e+01 3.610000000000000000000000000000e+02 3.370000000000000000000000000000e+02
1.707000000000000000000000000000e+03 2.200000000000000000000000000000e+01 4.840000000000000000000000000000e+02 3.380000000000000000000000000000e+02
1.708000000000000000000000000000e+03 2.200000000000000000000000000000e+01 4.840000000000000000000000000000e+02 3.390000000000000000000000000000e+02
1.711000000000000000000000000000e+03 3.300000000000000000000000000000e+01 1.089000000000000000000000000000e+03 3.400000000000000000000000000000e+02
1.712000000000000000000000000000e+03 1.900000000000000000000000000000e+01 3.610000000000000000000000000000e+02 3.410000000000000000000000000000e+02
1.715000000000000000000000000000e+03 1.600000000000000000000000000000e+01 2.560000000000000000000000000000e+02 3.420000000000000000000000000000e+02
1.729000000000000000000000000000e+03 2.000000000000000000000000000000e+01 4.000000000000000000000000000000e+02 3.430000000000000000000000000000e+02
1.733000000000000000000000000000e+03 1.900000000000000000000000000000e+01 3.610000000000000000000000000000e+02 3.440000000000000000000000000000e+02
1.752000000000000000000000000000e+03 3.200000000000000000000000000000e+01 1.024000000000000000000000000000e+03 3.450000000000000000000000000000e+02
1.760000000000000000000000000000e+03 2.100000000000000000000000000000e+01 4.410000000000000000000000000000e+02 3.460000000000000000000000000000e+02
1.764000000000000000000000000000e+03 1.200000000000000000000000000000e+01 1.440000000000000000000000000000e+02 3.470000000000000000000000000000e+02
1.770000000000000000000000000000e+03 2.300000000000000000000000000000e+01 5.290000000000000000000000000000e+02 3.480000000000000000000000000000e+02
1.773000000000000000000000000000e+03 2.500000000000000000000000000000e+01 6.250000000000000000000000000000e+02 3.490000000000000000000000000000e+02
1.774000000000000000000000000000e+03 1.700000000000000000000000000000e+01 2.890000000000000000000000000000e+02 3.500000000000000000000000000000e+02
1.778000000000000000000000000000e+03 2.400000000000000000000000000000e+01 5.760000000000000000000000000000e+02 3.510000000000000000000000000000e+02
1.781000000000000000000000000000e+03 1.900000000000000000000000000000e+01 3.610000000000000000000000000000e+02 3.520000000000000000000000000000e+02
1.800000000000000000000000000000e+03 2.400000000000000000000000000000e+01 5.760000000000000000000000000000e+02 3.530000000000000000000000000000e+02
1.802000000000000000000000000000e+03 1.900000000000000000000000000000e+01 3.610000000000000000000000000000e+02 3.540000000000000000000000000000e+02
1.806000000000000000000000000000e+03 2.400000000000000000000000000000e+01 5.760000000000000000000000000000e+02 3.550000000000000000000000000000e+02
1.807000000000000000000000000000e+03 1.500000000000000000000000000000e+01 2.250000000000000000000000000000e+02 3.560000000000000000000000000000e+02
1.808000000000000000000000000000e+03 2.200000000000000000000000000000e+01 4.840000000000000000000000000000e+02 3.570000000000000000000000000000e+02
1.813000000000000000000000000000e+03 1.900000000000000000000000000000e+01 3.610000000000000000000000000000e+02 3.580000000000000000000000000000e+02
1.823000000000000000000000000000e+03 2.100000000000000000000000000000e+01 4.410000000000000000000000000000e+02 3.590000000000000000000000000000e+02
1.824000000000000000000000000000e+03 1.800000000000000000000000000000e+01 3.240000000000000000000000000000e+02 3.600000000000000000000000000000e+02
1.825000000000000000000000000000e+03 1.000000000000000000000000000000e+01 1.000000000000000000000000000000e+02 3.610000000000000000000000000000e+02
1.832000000000000000000000000000e+03 1.800000000000000000000000000000e+01 3.240000000000000000000000000000e+02 3.620000000000000000000000000000e+02
1.843000000000000000000000000000e+03 2.900000000000000000000000000000e+01 8.410000000000000000000000000000e+02 3.630000000000000000000000000000e+02
1.853000000000000000000000000000e+03 2.700000000000000000000000000000e+01 7.290000000000000000000000000000e+02 3.640000000000000000000000000000e+02
1.857000000000000000000000000000e+03 1.300000000000000000000000000000e+01 1.690000000000000000000000000000e+02 3.650000000000000000000000000000e+02
1.862000000000000000000000000000e+03 1.700000000000000000000000000000e+01 2.890000000000000000000000000000e+02 3.660000000000000000000000000000e+02
1.864000000000000000000000000000e+03 2.100000000000000000000000000000e+01 4.410000000000000000000000000000e+02 3.670000000000000000000000000000e+02
1.870000000000000000000000000000e+03 2.200000000000000000000000000000e+01 4.840000000000000000000000000000e+02 3.680000000000000000000000000000e+02
1.872000000000000000000000000000e+03 2.600000000000000000000000000000e+01 6.760000000000000000000000000000e+02 3.690000000000000000000000000000e+02
1.878000000000000000000000000000e+03 1.900000000000000000000000000000e+01 3.610000000000000000000000000000e+02 3.700000000000000000000000000000e+02
1.882000000000000000000000000000e+03 1.700000000000000000000000000000e+01 2.890000000000000000000000000000e+02 3.710000000000000000000000000000e+02
1.891000000000000000000000000000e+03 1.300000000000000000000000000000e+01 1.690000000000000000000000000000e+02 3.720000000000000000000000000000e+02
1.902000000000000000000000000000e+03 1.900000000000000000000000000000e+01 3.610000000000000000000000000000e+02 3.730000000000000000000000000000e+02
1.903000000000000000000000000000e+03 2.400000000000000000000000000000e+01 5.760000000000000000000000000000e+02 3.740000000000000000000000000000e+02
1.907000000000000000000000000000e+03 1.900000000000000000000000000000e+01 3.610000000000000000000000000000e+02 3.750000000000000000000000000000e+02
1.908000000000000000000000000000e+03 1.800000000000000000000000000000e+01 3.240000000000000000000000000000e+02 3.760000000000000000000000000000e+02
1.909000000000000000000000000000e+03 1.900000000000000000000000000000e+01 3.610000000000000000000000000000e+02 3.770000000000000000000000000000e+02
1.911000000000000000000000000000e+03 2.300000000000000000000000000000e+01 5.290000000000000000000000000000e+02 3.780000000000000000000000000000e+02
1.912000000000000000000000000000e+03 1.800000000000000000000000000000e+01 3.240000000000000000000000000000e+02 3.790000000000000000000000000000e+02
1.918000000000000000000000000000e+03 1.400000000000000000000000000000e+01 1.960000000000000000000000000000e+02 3.800000000000000000000000000000e+02
1.926000000000000000000000000000e+03 2.000000000000000000000000000000e+01 4.000000000000000000000000000000e+02 3.810000000000000000000000000000e+02
1.927000000000000000000000000000e+03 2.000000000000000000000000000000e+01 4.000000000000000000000000000000e+02 3.820000000000000000000000000000e+02
1.928000000000000000000000000000e+03 1.400000000000000000000000000000e+01 1.960000000000000000000000000000e+02 3.830000000000000000000000000000e+02
1.930000000000000000000000000000e+03 2.400000000000000000000000000000e+01 5.760000000000000000000000000000e+02 3.840000000000000000000000000000e+02
1.933000000000000000000000000000e+03 1.300000000000000000000000000000e+01 1.690000000000000000000000000000e+02 3.850000000000000000000000000000e+02
1.949000000000000000000000000000e+03 2.500000000000000000000000000000e+01 6.250000000000000000000000000000e+02 3.860000000000000000000000000000e+02
1.959000000000000000000000000000e+03 2.100000000000000000000000000000e+01 4.410000000000000000000000000000e+02 3.870000000000000000000000000000e+02
1.962000000000000000000000000000e+03 1.800000000000000000000000000000e+01 3.240000000000000000000000000000e+02 3.880000000000000000000000000000e+02
1.977000000000000000000000000000e+03 2.400000000000000000000000000000e+01 5.760000000000000000000000000000e+02 3.890000000000000000000000000000e+02
1.993000000000000000000000000000e+03 1.900000000000000000000000000000e+01 3.610000000000000000000000000000e+02 3.900000000000000000000000000000e+02
2.007000000000000000000000000000e+03 2.400000000000000000000000000000e+01 5.760000000000000000000000000000e+02 3.910000000000000000000000000000e+02
2.016000000000000000000000000000e+03 1.700000000000000000000000000000e+01 2.890000000000000000000000000000e+02 3.920000000000000000000000000000e+02
2.021000000000000000000000000000e+03 1.600000000000000000000000000000e+01 2.560000000000000000000000000000e+02 3.930000000000000000000000000000e+02
2.023000000000000000000000000000e+03 2.200000000000000000000000000000e+01 4.840000000000000000000000000000e+02 3.940000000000000000000000000000e+02
2.026000000000000000000000000000e+03 1.400000000000000000000000000000e+01 1.960000000000000000000000000000e+02 3.950000000000000000000000000000e+02
2.029000000000000000000000000000e+03 2.200000000000000000000000000000e+01 4.840000000000000000000000000000e+02 3.960000000000000000000000000000e+02
2.031000000000000000000000000000e+03 2.300000000000000000000000000000e+01 5.290000000000000000000000000000e+02 3.970000000000000000000000000000e+02
2.032000000000000000000000000000e+03 1.900000000000000000000000000000e+01 3.610000000000000000000000000000e+02 3.980000000000000000000000000000e+02
2.035000000000000000000000000000e+03 1.800000000000000000000000000000e+01 3.240000000000000000000000000000e+02 3.990000000000000000000000000000e+02
