0.000000000000000000000000000000e+00 1.200000000000000000000000000000e+01 1.728000000000000000000000000000e+03 0.000000000000000000000000000000e+00
1.000000000000000000000000000000e+00 1.320000000000000000000000000000e+02 2.299968000000000000000000000000e+06 1.000000000000000000000000000000e+00
3.000000000000000000000000000000e+00 3.020000000000000000000000000000e+02 2.754360800000000000000000000000e+07 2.000000000000000000000000000000e+00
4.000000000000000000000000000000e+00 1.370000000000000000000000000000e+02 2.571353000000000000000000000000e+06 3.000000000000000000000000000000e+00
5.000000000000000000000000000000e+00 7.200000000000000000000000000000e+01 3.732480000000000000000000000000e+05 4.000000000000000000000000000000e+00
6.000000000000000000000000000000e+00 8.300000000000000000000000000000e+01 5.717870000000000000000000000000e+05 5.000000000000000000000000000000e+00
7.000000000000000000000000000000e+00 3.680000000000000000000000000000e+02 4.983603200000000000000000000000e+07 6.000000000000000000000000000000e+00
1.100000000000000000000000000000e+01 1.920000000000000000000000000000e+02 7.077888000000000000000000000000e+06 7.000000000000000000000000000000e+00
1.200000000000000000000000000000e+01 1.140000000000000000000000000000e+02 1.481544000000000000000000000000e+06 8.000000000000000000000000000000e+00
1.300000000000000000000000000000e+01 2.100000000000000000000000000000e+01 9.261000000000000000000000000000e+03 9.000000000000000000000000000000e+00
1.700000000000000000000000000000e+01 5.600000000000000000000000000000e+01 1.756160000000000000000000000000e+05 1.000000000000000000000000000000e+01
1.800000000000000000000000000000e+01 1.000000000000000000000000000000e+00 1.000000000000000000000000000000e+00 1.100000000000000000000000000000e+01
1.900000000000000000000000000000e+01 2.990000000000000000000000000000e+02 2.673089900000000000000000000000e+07 1.200000000000000000000000000000e+01
2.200000000000000000000000000000e+01 9.500000000000000000000000000000e+01 8.573750000000000000000000000000e+05 1.300000000000000000000000000000e+01
2.300000000000000000000000000000e+01 1.280000000000000000000000000000e+02 2.097152000000000000000000000000e+06 1.400000000000000000000000000000e+01
2.400000000000000000000000000000e+01 1.080000000000000000000000000000e+02 1.259712000000000000000000000000e+06 1.500000000000000000000000000000e+01
2.600000000000000000000000000000e+01 1.300000000000000000000000000000e+01 2.197000000000000000000000000000e+03 1.600000000000000000000000000000e+01
2.800000000000000000000000000000e+01 1.000000000000000000000000000000e+00 1.000000000000000000000000000000e+00 1.700000000000000000000000000000e+01
2.900000000000000000000000000000e+01 3.170000000000000000000000000000e+02 3.185501300000000000000000000000e+07 1.800000000000000000000000000000e+01
3.100000000000000000000000000000e+01 1.580000000000000000000000000000e+02 3.944312000000000000000000000000e+06 1.900000000000000000000000000000e+01
3.400000000000000000000000000000e+01 2.920000000000000000000000000000e+02 2.489708800000000000000000000000e+07 2.000000000000000000000000000000e+01
3.700000000000000000000000000000e+01 7.500000000000000000000000000000e+01 4.218750000000000000000000000000e+05 2.100000000000000000000000000000e+01
3.800000000000000000000000000000e+01 1.330000000000000000000000000000e+02 2.352637000000000000000000000000e+06 2.200000000000000000000000000000e+01
3.900000000000000000000000000000e+01 6.500000000000000000000000000000e+01 2.746250000000000000000000000000e+05 2.300000000000000000000000000000e+01
4.100000000000000000000000000000e+01 4.100000000000000000000000000000e+01 6.892100000000000000000000000000e+04 2.400000000000000000000000000000e+01
4.700000000000000000000000000000e+01 2.100000000000000000000000000000e+01 9.261000000000000000000000000000e+03 2.500000000000000000000000000000e+01
4.900000000000000000000000000000e+01 6.600000000000000000000000000000e+01 2.874960000000000000000000000000e+05 2.600000000000000000000000000000e+01
5.200000000000000000000000000000e+01 5.400000000000000000000000000000e+01 1.574640000000000000000000000000e+05 2.700000000000000000000000000000e+01
5.500000000000000000000000000000e+01 1.430000000000000000000000000000e+02 2.924207000000000000000000000000e+06 2.800000000000000000000000000000e+01
5.700000000000000000000000000000e+01 8.000000000000000000000000000000e+00 5.120000000000000000000000000000e+02 2.900000000000000000000000000000e+01
5.900000000000000000000000000000e+01 7.900000000000000000000000000000e+01 4.930390000000000000000000000000e+05 3.000000000000000000000000000000e+01
6.200000000000000000000000000000e+01 5.500000000000000000000000000000e+01 1.663750000000000000000000000000e+05 3.100000000000000000000000000000e+01
6.500000000000000000000000000000e+01 3.400000000000000000000000000000e+01 3.930400000000000000000000000000e+04 3.200000000000000000000000000000e+01
6.600000000000000000000000000000e+01 1.700000000000000000000000000000e+01 4.913000000000000000000000000000e+03 3.300000000000000000000000000000e+01
6.700000000000000000000000000000e+01 1.340000000000000000000000000000e+02 2.406104000000000000000000000000e+06 3.400000000000000000000000000000e+01
6.800000000000000000000000000000e+01 9.300000000000000000000000000000e+01 8.043570000000000000000000000000e+05 3.500000000000000000000000000000e+01
7.000000000000000000000000000000e+01 5.270000000000000000000000000000e+02 1.463631830000000000000000000000e+08 3.600000000000000000000000000000e+01
7.100000000000000000000000000000e+01 8.600000000000000000000000000000e+01 6.360560000000000000000000000000e+05 3.700000000000000000000000000000e+01
7.500000000000000000000000000000e+01 1.000000000000000000000000000000e+00 1.000000000000000000000000000000e+00 3.800000000000000000000000000000e+01
7.700000000000000000000000000000e+01 2.000000000000000000000000000000e+00 8.000000000000000000000000000000e+00 3.900000000000000000000000000000e+01
7.800000000000000000000000000000e+01 3.100000000000000000000000000000e+01 2.979100000000000000000000000000e+04 4.000000000000000000000000000000e+01
7.900000000000000000000000000000e+01 3.900000000000000000000000000000e+01 5.931900000000000000000000000000e+04 4.100000000000000000000000000000e+01
8.000000000000000000000000000000e+01 3.700000000000000000000000000000e+01 5.065300000000000000000000000000e+04 4.200000000000000000000000000000e+01
8.300000000000000000000000000000e+01 1.080000000000000000000000000000e+02 1.259712000000000000000000000000e+06 4.300000000000000000000000000000e+01
8.400000000000000000000000000000e+01 3.100000000000000000000000000000e+01 2.979100000000000000000000000000e+04 4.400000000000000000000000000000e+01
8.500000000000000000000000000000e+01 3.800000000000000000000000000000e+01 5.487200000000000000000000000000e+04 4.500000000000000000000000000000e+01
9.000000000000000000000000000000e+01 4.300000000000000000000000000000e+01 7.950700000000000000000000000000e+04 4.600000000000000000000000000000e+01
9.200000000000000000000000000000e+01 2.300000000000000000000000000000e+01 1.216700000000000000000000000000e+04 4.700000000000000000000000000000e+01
9.300000000000000000000000000000e+01 9.400000000000000000000000000000e+01 8.305840000000000000000000000000e+05 4.800000000000000000000000000000e+01
9.500000000000000000000000000000e+01 1.800000000000000000000000000000e+01 5.832000000000000000000000000000e+03 4.900000000000000000000000000000e+01
9.700000000000000000000000000000e+01 1.000000000000000000000000000000e+01 1.000000000000000000000000000000e+03 5.000000000000000000000000000000e+01
1.010000000000000000000000000000e+02 2.660000000000000000000000000000e+02 1.882109600000000000000000000000e+07 5.100000000000000000000000000000e+01
1.020000000000000000000000000000e+02 3.700000000000000000000000000000e+01 5.065300000000000000000000000000e+04 5.200000000000000000000000000000e+01
1.040000000000000000000000000000e+02 3.500000000000000000000000000000e+01 4.287500000000000000000000000000e+04 5.300000000000000000000000000000e+01
1.050000000000000000000000000000e+02 1.600000000000000000000000000000e+02 4.096000000000000000000000000000e+06 5.400000000000000000000000000000e+01
1.070000000000000000000000000000e+02 2.250000000000000000000000000000e+02 1.139062500000000000000000000000e+07 5.500000000000000000000000000000e+01
1.100000000000000000000000000000e+02 2.690000000000000000000000000000e+02 1.946510900000000000000000000000e+07 5.600000000000000000000000000000e+01
1.110000000000000000000000000000e+02 4.200000000000000000000000000000e+01 7.408800000000000000000000000000e+04 5.700000000000000000000000000000e+01
1.120000000000000000000000000000e+02 2.800000000000000000000000000000e+02 2.195200000000000000000000000000e+07 5.800000000000000000000000000000e+01
1.130000000000000000000000000000e+02 1.210000000000000000000000000000e+02 1.771561000000000000000000000000e+06 5.900000000000000000000000000000e+01
1.140000000000000000000000000000e+02 1.500000000000000000000000000000e+01 3.375000000000000000000000000000e+03 6.000000000000000000000000000000e+01
1.150000000000000000000000000000e+02 4.100000000000000000000000000000e+01 6.892100000000000000000000000000e+04 6.100000000000000000000000000000e+01
1.160000000000000000000000000000e+02 5.000000000000000000000000000000e+01 1.250000000000000000000000000000e+05 6.200000000000000000000000000000e+01
1.170000000000000000000000000000e+02 3.200000000000000000000000000000e+01 3.276800000000000000000000000000e+04 6.300000000000000000000000000000e+01
1.190000000000000000000000000000e+02 1.270000000000000000000000000000e+02 2.048383000000000000000000000000e+06 6.400000000000000000000000000000e+01
1.210000000000000000000000000000e+02 5.100000000000000000000000000000e+01 1.326510000000000000000000000000e+05 6.500000000000000000000000000000e+01
1.220000000000000000000000000000e+02 5.400000000000000000000000000000e+01 1.574640000000000000000000000000e+05 6.600000000000000000000000000000e+01
1.230000000000000000000000000000e+02 1.000000000000000000000000000000e+00 1.000000000000000000000000000000e+00 6.700000000000000000000000000000e+01
1.240000000000000000000000000000e+02 1.210000000000000000000000000000e+02 1.771561000000000000000000000000e+06 6.800000000000000000000000000000e+01
1.250000000000000000000000000000e+02 4.000000000000000000000000000000e+00 6.400000000000000000000000000000e+01 6.900000000000000000000000000000e+01
1.260000000000000000000000000000e+02 3.470000000000000000000000000000e+02 4.178192300000000000000000000000e+07 7.000000000000000000000000000000e+01
1.270000000000000000000000000000e+02 2.700000000000000000000000000000e+01 1.968300000000000000000000000000e+04 7.100000000000000000000000000000e+01
1.290000000000000000000000000000e+02 2.450000000000000000000000000000e+02 1.470612500000000000000000000000e+07 7.200000000000000000000000000000e+01
1.310000000000000000000000000000e+02 7.100000000000000000000000000000e+01 3.579110000000000000000000000000e+05 7.300000000000000000000000000000e+01
1.360000000000000000000000000000e+02 9.000000000000000000000000000000e+00 7.290000000000000000000000000000e+02 7.400000000000000000000000000000e+01
1.370000000000000000000000000000e+02 1.980000000000000000000000000000e+02 7.762392000000000000000000000000e+06 7.500000000000000000000000000000e+01
1.390000000000000000000000000000e+02 2.600000000000000000000000000000e+02 1.757600000000000000000000000000e+07 7.600000000000000000000000000000e+01
1.400000000000000000000000000000e+02 8.600000000000000000000000000000e+01 6.360560000000000000000000000000e+05 7.700000000000000000000000000000e+01
1.450000000000000000000000000000e+02 7.700000000000000000000000000000e+01 4.565330000000000000000000000000e+05 7.800000000000000000000000000000e+01
1.460000000000000000000000000000e+02 6.800000000000000000000000000000e+01 3.144320000000000000000000000000e+05 7.900000000000000000000000000000e+01
1.470000000000000000000000000000e+02 1.570000000000000000000000000000e+02 3.869893000000000000000000000000e+06 8.000000000000000000000000000000e+01
1.490000000000000000000000000000e+02 1.170000000000000000000000000000e+02 1.601613000000000000000000000000e+06 8.100000000000000000000000000000e+01
1.520000000000000000000000000000e+02 5.200000000000000000000000000000e+01 1.406080000000000000000000000000e+05 8.200000000000000000000000000000e+01
1.530000000000000000000000000000e+02 2.000000000000000000000000000000e+00 8.000000000000000000000000000000e+00 8.300000000000000000000000000000e+01
1.540000000000000000000000000000e+02 2.700000000000000000000000000000e+01 1.968300000000000000000000000000e+04 8.400000000000000000000000000000e+01
1.550000000000000000000000000000e+02 1.300000000000000000000000000000e+02 2.197000000000000000000000000000e+06 8.500000000000000000000000000000e+01
1.590000000000000000000000000000e+02 3.300000000000000000000000000000e+01 3.593700000000000000000000000000e+04 8.600000000000000000000000000000e+01
1.610000000000000000000000000000e+02 6.800000000000000000000000000000e+01 3.144320000000000000000000000000e+05 8.700000000000000000000000000000e+01
1.630000000000000000000000000000e+02 1.480000000000000000000000000000e+02 3.241792000000000000000000000000e+06 8.800000000000000000000000000000e+01
1.650000000000000000000000000000e+02 6.900000000000000000000000000000e+01 3.285090000000000000000000000000e+05 8.900000000000000000000000000000e+01
1.670000000000000000000000000000e+02 3.000000000000000000000000000000e+00 2.700000000000000000000000000000e+01 9.000000000000000000000000000000e+01
1.680000000000000000000000000000e+02 5.000000000000000000000000000000e+00 1.250000000000000000000000000000e+02 9.100000000000000000000000000000e+01
1.690000000000000000000000000000e+02 2.000000000000000000000000000000e+00 8.000000000000000000000000000000e+00 9.200000000000000000000000000000e+01
1.700000000000000000000000000000e+02 4.200000000000000000000000000000e+01 7.408800000000000000000000000000e+04 9.300000000000000000000000000000e+01
1.740000000000000000000000000000e+02 1.180000000000000000000000000000e+02 1.643032000000000000000000000000e+06 9.400000000000000000000000000000e+01
1.750000000000000000000000000000e+02 1.110000000000000000000000000000e+02 1.367631000000000000000000000000e+06 9.500000000000000000000000000000e+01
1.760000000000000000000000000000e+02 7.000000000000000000000000000000e+01 3.430000000000000000000000000000e+05 9.600000000000000000000000000000e+01
1.800000000000000000000000000000e+02 2.640000000000000000000000000000e+02 1.839974400000000000000000000000e+07 9.700000000000000000000000000000e+01
1.830000000000000000000000000000e+02 3.700000000000000000000000000000e+01 5.065300000000000000000000000000e+04 9.800000000000000000000000000000e+01
1.890000000000000000000000000000e+02 6.800000000000000000000000000000e+01 3.144320000000000000000000000000e+05 9.900000000000000000000000000000e+01
