1.000000000000000000000000000000e+00 1.130000000000000000000000000000e+02 1.442897000000000000000000000000e+06 0.000000000000000000000000000000e+00
2.000000000000000000000000000000e+00 5.100000000000000000000000000000e+01 1.326510000000000000000000000000e+05 1.000000000000000000000000000000e+00
3.000000000000000000000000000000e+00 4.700000000000000000000000000000e+02 1.038230000000000000000000000000e+08 2.000000000000000000000000000000e+00
4.000000000000000000000000000000e+00 3.600000000000000000000000000000e+01 4.665600000000000000000000000000e+04 3.000000000000000000000000000000e+00
6.000000000000000000000000000000e+00 9.400000000000000000000000000000e+01 8.305840000000000000000000000000e+05 4.000000000000000000000000000000e+00
9.000000000000000000000000000000e+00 3.300000000000000000000000000000e+01 3.593700000000000000000000000000e+04 5.000000000000000000000000000000e+00
1.100000000000000000000000000000e+01 5.200000000000000000000000000000e+01 1.406080000000000000000000000000e+05 6.000000000000000000000000000000e+00
1.500000000000000000000000000000e+01 3.500000000000000000000000000000e+02 4.287500000000000000000000000000e+07 7.000000000000000000000000000000e+00
1.600000000000000000000000000000e+01 3.400000000000000000000000000000e+01 3.930400000000000000000000000000e+04 8.000000000000000000000000000000e+00
1.800000000000000000000000000000e+01 8.200000000000000000000000000000e+01 5.513680000000000000000000000000e+05 9.000000000000000000000000000000e+00
2.100000000000000000000000000000e+01 2.000000000000000000000000000000e+00 8.000000000000000000000000000000e+00 1.000000000000000000000000000000e+01
2.200000000000000000000000000000e+01 4.200000000000000000000000000000e+01 7.408800000000000000000000000000e+04 1.100000000000000000000000000000e+01
2.300000000000000000000000000000e+01 9.500000000000000000000000000000e+01 8.573750000000000000000000000000e+05 1.200000000000000000000000000000e+01
2.500000000000000000000000000000e+01 1.800000000000000000000000000000e+01 5.832000000000000000000000000000e+03 1.300000000000000000000000000000e+01
2.600000000000000000000000000000e+01 4.480000000000000000000000000000e+02 8.991539200000000000000000000000e+07 1.400000000000000000000000000000e+01
2.800000000000000000000000000000e+01 5.700000000000000000000000000000e+01 1.851930000000000000000000000000e+05 1.500000000000000000000000000000e+01
2.900000000000000000000000000000e+01 1.900000000000000000000000000000e+01 6.859000000000000000000000000000e+03 1.600000000000000000000000000000e+01
3.000000000000000000000000000000e+01 9.200000000000000000000000000000e+01 7.786880000000000000000000000000e+05 1.700000000000000000000000000000e+01
3.300000000000000000000000000000e+01 1.760000000000000000000000000000e+02 5.451776000000000000000000000000e+06 1.800000000000000000000000000000e+01
3.500000000000000000000000000000e+01 1.200000000000000000000000000000e+01 1.728000000000000000000000000000e+03 1.900000000000000000000000000000e+01
3.600000000000000000000000000000e+01 2.000000000000000000000000000000e+01 8.000000000000000000000000000000e+03 2.000000000000000000000000000000e+01
4.200000000000000000000000000000e+01 8.100000000000000000000000000000e+01 5.314410000000000000000000000000e+05 2.100000000000000000000000000000e+01
4.400000000000000000000000000000e+01 6.000000000000000000000000000000e+01 2.160000000000000000000000000000e+05 2.200000000000000000000000000000e+01
4.500000000000000000000000000000e+01 3.200000000000000000000000000000e+01 3.276800000000000000000000000000e+04 2.300000000000000000000000000000e+01
4.600000000000000000000000000000e+01 1.040000000000000000000000000000e+02 1.124864000000000000000000000000e+06 2.400000000000000000000000000000e+01
4.900000000000000000000000000000e+01 3.600000000000000000000000000000e+01 4.665600000000000000000000000000e+04 2.500000000000000000000000000000e+01
5.000000000000000000000000000000e+01 2.800000000000000000000000000000e+01 2.195200000000000000000000000000e+04 2.600000000000000000000000000000e+01
5.100000000000000000000000000000e+01 1.000000000000000000000000000000e+01 1.000000000000000000000000000000e+03 2.700000000000000000000000000000e+01
5.200000000000000000000000000000e+01 1.420000000000000000000000000000e+02 2.863288000000000000000000000000e+06 2.800000000000000000000000000000e+01
5.300000000000000000000000000000e+01 6.300000000000000000000000000000e+01 2.500470000000000000000000000000e+05 2.900000000000000000000000000000e+01
5.500000000000000000000000000000e+01 2.340000000000000000000000000000e+02 1.281290400000000000000000000000e+07 3.000000000000000000000000000000e+01
5.700000000000000000000000000000e+01 2.000000000000000000000000000000e+01 8.000000000000000000000000000000e+03 3.100000000000000000000000000000e+01
6.000000000000000000000000000000e+01 1.050000000000000000000000000000e+02 1.157625000000000000000000000000e+06 3.200000000000000000000000000000e+01
6.300000000000000000000000000000e+01 8.000000000000000000000000000000e+00 5.120000000000000000000000000000e+02 3.300000000000000000000000000000e+01
6.400000000000000000000000000000e+01 6.900000000000000000000000000000e+01 3.285090000000000000000000000000e+05 3.400000000000000000000000000000e+01
6.500000000000000000000000000000e+01 1.000000000000000000000000000000e+00 1.000000000000000000000000000000e+00 3.500000000000000000000000000000e+01
6.600000000000000000000000000000e+01 1.730000000000000000000000000000e+02 5.177717000000000000000000000000e+06 3.600000000000000000000000000000e+01
6.700000000000000000000000000000e+01 1.400000000000000000000000000000e+01 2.744000000000000000000000000000e+03 3.700000000000000000000000000000e+01
6.900000000000000000000000000000e+01 1.080000000000000000000000000000e+02 1.259712000000000000000000000000e+06 3.800000000000000000000000000000e+01
7.100000000000000000000000000000e+01 5.700000000000000000000000000000e+01 1.851930000000000000000000000000e+05 3.900000000000000000000000000000e+01
7.400000000000000000000000000000e+01 2.330000000000000000000000000000e+02 1.264933700000000000000000000000e+07 4.000000000000000000000000000000e+01
7.600000000000000000000000000000e+01 1.800000000000000000000000000000e+01 5.832000000000000000000000000000e+03 4.100000000000000000000000000000e+01
7.700000000000000000000000000000e+01 1.800000000000000000000000000000e+01 5.832000000000000000000000000000e+03 4.200000000000000000000000000000e+01
7.900000000000000000000000000000e+01 5.600000000000000000000000000000e+01 1.756160000000000000000000000000e+05 4.300000000000000000000000000000e+01
8.000000000000000000000000000000e+01 2.280000000000000000000000000000e+02 1.185235200000000000000000000000e+07 4.400000000000000000000000000000e+01
8.100000000000000000000000000000e+01 8.900000000000000000000000000000e+01 7.049690000000000000000000000000e+05 4.500000000000000000000000000000e+01
8.300000000000000000000000000000e+01 5.700000000000000000000000000000e+01 1.851930000000000000000000000000e+05 4.600000000000000000000000000000e+01
8.400000000000000000000000000000e+01 9.000000000000000000000000000000e+01 7.290000000000000000000000000000e+05 4.700000000000000000000000000000e+01
8.500000000000000000000000000000e+01 4.700000000000000000000000000000e+01 1.038230000000000000000000000000e+05 4.800000000000000000000000000000e+01
8.600000000000000000000000000000e+01 2.460000000000000000000000000000e+02 1.488693600000000000000000000000e+07 4.900000000000000000000000000000e+01
9.300000000000000000000000000000e+01 1.050000000000000000000000000000e+02 1.157625000000000000000000000000e+06 5.000000000000000000000000000000e+01
9.500000000000000000000000000000e+01 3.490000000000000000000000000000e+02 4.250854900000000000000000000000e+07 5.100000000000000000000000000000e+01
9.800000000000000000000000000000e+01 3.000000000000000000000000000000e+01 2.700000000000000000000000000000e+04 5.200000000000000000000000000000e+01
9.900000000000000000000000000000e+01 4.300000000000000000000000000000e+01 7.950700000000000000000000000000e+04 5.300000000000000000000000000000e+01
1.000000000000000000000000000000e+02 2.710000000000000000000000000000e+02 1.990251100000000000000000000000e+07 5.400000000000000000000000000000e+01
1.050000000000000000000000000000e+02 3.300000000000000000000000000000e+01 3.593700000000000000000000000000e+04 5.500000000000000000000000000000e+01
1.060000000000000000000000000000e+02 1.900000000000000000000000000000e+01 6.859000000000000000000000000000e+03 5.600000000000000000000000000000e+01
1.080000000000000000000000000000e+02 1.470000000000000000000000000000e+02 3.176523000000000000000000000000e+06 5.700000000000000000000000000000e+01
1.130000000000000000000000000000e+02 3.100000000000000000000000000000e+02 2.979100000000000000000000000000e+07 5.800000000000000000000000000000e+01
1.140000000000000000000000000000e+02 6.000000000000000000000000000000e+00 2.160000000000000000000000000000e+02 5.900000000000000000000000000000e+01
1.150000000000000000000000000000e+02 2.530000000000000000000000000000e+02 1.619427700000000000000000000000e+07 6.000000000000000000000000000000e+01
1.200000000000000000000000000000e+02 1.070000000000000000000000000000e+02 1.225043000000000000000000000000e+06 6.100000000000000000000000000000e+01
1.220000000000000000000000000000e+02 2.340000000000000000000000000000e+02 1.281290400000000000000000000000e+07 6.200000000000000000000000000000e+01
1.260000000000000000000000000000e+02 3.580000000000000000000000000000e+02 4.588271200000000000000000000000e+07 6.300000000000000000000000000000e+01
1.270000000000000000000000000000e+02 1.030000000000000000000000000000e+02 1.092727000000000000000000000000e+06 6.400000000000000000000000000000e+01
1.280000000000000000000000000000e+02 7.000000000000000000000000000000e+00 3.430000000000000000000000000000e+02 6.500000000000000000000000000000e+01
1.290000000000000000000000000000e+02 5.500000000000000000000000000000e+01 1.663750000000000000000000000000e+05 6.600000000000000000000000000000e+01
1.330000000000000000000000000000e+02 1.620000000000000000000000000000e+02 4.251528000000000000000000000000e+06 6.700000000000000000000000000000e+01
1.380000000000000000000000000000e+02 1.150000000000000000000000000000e+02 1.520875000000000000000000000000e+06 6.800000000000000000000000000000e+01
1.430000000000000000000000000000e+02 1.050000000000000000000000000000e+02 1.157625000000000000000000000000e+06 6.900000000000000000000000000000e+01
1.450000000000000000000000000000e+02 3.900000000000000000000000000000e+01 5.931900000000000000000000000000e+04 7.000000000000000000000000000000e+01
1.460000000000000000000000000000e+02 4.050000000000000000000000000000e+02 6.643012500000000000000000000000e+07 7.100000000000000000000000000000e+01
1.470000000000000000000000000000e+02 2.240000000000000000000000000000e+02 1.123942400000000000000000000000e+07 7.200000000000000000000000000000e+01
1.490000000000000000000000000000e+02 1.850000000000000000000000000000e+02 6.331625000000000000000000000000e+06 7.300000000000000000000000000000e+01
1.520000000000000000000000000000e+02 2.770000000000000000000000000000e+02 2.125393300000000000000000000000e+07 7.400000000000000000000000000000e+01
1.530000000000000000000000000000e+02 1.330000000000000000000000000000e+02 2.352637000000000000000000000000e+06 7.500000000000000000000000000000e+01
1.550000000000000000000000000000e+02 1.300000000000000000000000000000e+01 2.197000000000000000000000000000e+03 7.600000000000000000000000000000e+01
1.560000000000000000000000000000e+02 2.740000000000000000000000000000e+02 2.057082400000000000000000000000e+07 7.700000000000000000000000000000e+01
1.600000000000000000000000000000e+02 4.600000000000000000000000000000e+01 9.733600000000000000000000000000e+04 7.800000000000000000000000000000e+01
1.610000000000000000000000000000e+02 6.300000000000000000000000000000e+01 2.500470000000000000000000000000e+05 7.900000000000000000000000000000e+01
1.620000000000000000000000000000e+02 1.900000000000000000000000000000e+01 6.859000000000000000000000000000e+03 8.000000000000000000000000000000e+01
1.630000000000000000000000000000e+02 1.380000000000000000000000000000e+02 2.628072000000000000000000000000e+06 8.100000000000000000000000000000e+01
1.660000000000000000000000000000e+02 3.500000000000000000000000000000e+01 4.287500000000000000000000000000e+04 8.200000000000000000000000000000e+01
1.670000000000000000000000000000e+02 6.600000000000000000000000000000e+01 2.874960000000000000000000000000e+05 8.300000000000000000000000000000e+01
1.680000000000000000000000000000e+02 7.400000000000000000000000000000e+01 4.052240000000000000000000000000e+05 8.400000000000000000000000000000e+01
1.710000000000000000000000000000e+02 1.210000000000000000000000000000e+02 1.771561000000000000000000000000e+06 8.500000000000000000000000000000e+01
1.720000000000000000000000000000e+02 2.780000000000000000000000000000e+02 2.148495200000000000000000000000e+07 8.600000000000000000000000000000e+01
1.730000000000000000000000000000e+02 4.200000000000000000000000000000e+01 7.408800000000000000000000000000e+04 8.700000000000000000000000000000e+01
1.740000000000000000000000000000e+02 1.640000000000000000000000000000e+02 4.410944000000000000000000000000e+06 8.800000000000000000000000000000e+01
1.760000000000000000000000000000e+02 3.000000000000000000000000000000e+01 2.700000000000000000000000000000e+04 8.900000000000000000000000000000e+01
1.820000000000000000000000000000e+02 6.200000000000000000000000000000e+01 2.383280000000000000000000000000e+05 9.000000000000000000000000000000e+01
1.830000000000000000000000000000e+02 2.770000000000000000000000000000e+02 2.125393300000000000000000000000e+07 9.100000000000000000000000000000e+01
1.900000000000000000000000000000e+02 2.200000000000000000000000000000e+01 1.064800000000000000000000000000e+04 9.200000000000000000000000000000e+01
1.910000000000000000000000000000e+02 7.400000000000000000000000000000e+01 4.052240000000000000000000000000e+05 9.300000000000000000000000000000e+01
1.930000000000000000000000000000e+02 4.710000000000000000000000000000e+02 1.044871110000000000000000000000e+08 9.400000000000000000000000000000e+01
1.940000000000000000000000000000e+02 7.100000000000000000000000000000e+01 3.579110000000000000000000000000e+05 9.500000000000000000000000000000e+01
1.950000000000000000000000000000e+02 1.400000000000000000000000000000e+01 2.744000000000000000000000000000e+03 9.600000000000000000000000000000e+01
1.970000000000000000000000000000e+02 2.230000000000000000000000000000e+02 1.108956700000000000000000000000e+07 9.700000000000000000000000000000e+01
1.990000000000000000000000000000e+02 5.100000000000000000000000000000e+01 1.326510000000000000000000000000e+05 9.800000000000000000000000000000e+01
2.010000000000000000000000000000e+02 1.210000000000000000000000000000e+02 1.771561000000000000000000000000e+06 9.900000000000000000000000000000e+01
