0.000000000000000000000000000000e+00 3.400000000000000000000000000000e+01 3.930400000000000000000000000000e+04 0.000000000000000000000000000000e+00
1.000000000000000000000000000000e+00 2.100000000000000000000000000000e+01 9.261000000000000000000000000000e+03 1.000000000000000000000000000000e+00
2.000000000000000000000000000000e+00 8.210000000000000000000000000000e+02 5.533876610000000000000000000000e+08 2.000000000000000000000000000000e+00
3.000000000000000000000000000000e+00 1.260000000000000000000000000000e+02 2.000376000000000000000000000000e+06 3.000000000000000000000000000000e+00
5.000000000000000000000000000000e+00 5.800000000000000000000000000000e+01 1.951120000000000000000000000000e+05 4.000000000000000000000000000000e+00
6.000000000000000000000000000000e+00 1.400000000000000000000000000000e+02 2.744000000000000000000000000000e+06 5.000000000000000000000000000000e+00
8.000000000000000000000000000000e+00 1.400000000000000000000000000000e+01 2.744000000000000000000000000000e+03 6.000000000000000000000000000000e+00
9.000000000000000000000000000000e+00 4.260000000000000000000000000000e+02 7.730877600000000000000000000000e+07 7.000000000000000000000000000000e+00
1.100000000000000000000000000000e+01 3.250000000000000000000000000000e+02 3.432812500000000000000000000000e+07 8.000000000000000000000000000000e+00
1.200000000000000000000000000000e+01 6.900000000000000000000000000000e+01 3.285090000000000000000000000000e+05 9.000000000000000000000000000000e+00
1.300000000000000000000000000000e+01 6.200000000000000000000000000000e+01 2.383280000000000000000000000000e+05 1.000000000000000000000000000000e+01
1.400000000000000000000000000000e+01 7.700000000000000000000000000000e+01 4.565330000000000000000000000000e+05 1.100000000000000000000000000000e+01
1.600000000000000000000000000000e+01 1.810000000000000000000000000000e+02 5.929741000000000000000000000000e+06 1.200000000000000000000000000000e+01
1.800000000000000000000000000000e+01 8.700000000000000000000000000000e+01 6.585030000000000000000000000000e+05 1.300000000000000000000000000000e+01
2.400000000000000000000000000000e+01 2.300000000000000000000000000000e+01 1.216700000000000000000000000000e+04 1.400000000000000000000000000000e+01
2.900000000000000000000000000000e+01 8.500000000000000000000000000000e+01 6.141250000000000000000000000000e+05 1.500000000000000000000000000000e+01
3.100000000000000000000000000000e+01 8.700000000000000000000000000000e+01 6.585030000000000000000000000000e+05 1.600000000000000000000000000000e+01
3.700000000000000000000000000000e+01 1.040000000000000000000000000000e+02 1.124864000000000000000000000000e+06 1.700000000000000000000000000000e+01
3.900000000000000000000000000000e+01 2.070000000000000000000000000000e+02 8.869743000000000000000000000000e+06 1.800000000000000000000000000000e+01
4.200000000000000000000000000000e+01 3.400000000000000000000000000000e+01 3.930400000000000000000000000000e+04 1.900000000000000000000000000000e+01
4.400000000000000000000000000000e+01 2.020000000000000000000000000000e+02 8.242408000000000000000000000000e+06 2.000000000000000000000000000000e+01
4.500000000000000000000000000000e+01 5.200000000000000000000000000000e+01 1.406080000000000000000000000000e+05 2.100000000000000000000000000000e+01
4.600000000000000000000000000000e+01 2.580000000000000000000000000000e+02 1.717351200000000000000000000000e+07 2.200000000000000000000000000000e+01
4.800000000000000000000000000000e+01 4.800000000000000000000000000000e+01 1.105920000000000000000000000000e+05 2.300000000000000000000000000000e+01
5.000000000000000000000000000000e+01 3.030000000000000000000000000000e+02 2.781812700000000000000000000000e+07 2.400000000000000000000000000000e+01
5.100000000000000000000000000000e+01 3.970000000000000000000000000000e+02 6.257077300000000000000000000000e+07 2.500000000000000000000000000000e+01
5.200000000000000000000000000000e+01 5.110000000000000000000000000000e+02 1.334328310000000000000000000000e+08 2.600000000000000000000000000000e+01
5.300000000000000000000000000000e+01 1.370000000000000000000000000000e+02 2.571353000000000000000000000000e+06 2.700000000000000000000000000000e+01
5.400000000000000000000000000000e+01 2.910000000000000000000000000000e+02 2.464217100000000000000000000000e+07 2.800000000000000000000000000000e+01
5.500000000000000000000000000000e+01 1.900000000000000000000000000000e+02 6.859000000000000000000000000000e+06 2.900000000000000000000000000000e+01
5.600000000000000000000000000000e+01 1.250000000000000000000000000000e+02 1.953125000000000000000000000000e+06 3.000000000000000000000000000000e+01
5.800000000000000000000000000000e+01 2.700000000000000000000000000000e+01 1.968300000000000000000000000000e+04 3.100000000000000000000000000000e+01
6.200000000000000000000000000000e+01 1.930000000000000000000000000000e+02 7.189057000000000000000000000000e+06 3.200000000000000000000000000000e+01
6.300000000000000000000000000000e+01 5.300000000000000000000000000000e+01 1.488770000000000000000000000000e+05 3.300000000000000000000000000000e+01
6.400000000000000000000000000000e+01 1.320000000000000000000000000000e+02 2.299968000000000000000000000000e+06 3.400000000000000000000000000000e+01
6.500000000000000000000000000000e+01 3.710000000000000000000000000000e+02 5.106481100000000000000000000000e+07 3.500000000000000000000000000000e+01
6.600000000000000000000000000000e+01 3.400000000000000000000000000000e+01 3.930400000000000000000000000000e+04 3.600000000000000000000000000000e+01
6.800000000000000000000000000000e+01 6.000000000000000000000000000000e+00 2.160000000000000000000000000000e+02 3.700000000000000000000000000000e+01
7.000000000000000000000000000000e+01 1.200000000000000000000000000000e+01 1.728000000000000000000000000000e+03 3.800000000000000000000000000000e+01
7.400000000000000000000000000000e+01 2.700000000000000000000000000000e+01 1.968300000000000000000000000000e+04 3.900000000000000000000000000000e+01
7.600000000000000000000000000000e+01 2.140000000000000000000000000000e+02 9.800344000000000000000000000000e+06 4.000000000000000000000000000000e+01
7.800000000000000000000000000000e+01 1.710000000000000000000000000000e+02 5.000211000000000000000000000000e+06 4.100000000000000000000000000000e+01
7.900000000000000000000000000000e+01 5.400000000000000000000000000000e+01 1.574640000000000000000000000000e+05 4.200000000000000000000000000000e+01
8.000000000000000000000000000000e+01 5.400000000000000000000000000000e+01 1.574640000000000000000000000000e+05 4.300000000000000000000000000000e+01
8.300000000000000000000000000000e+01 1.120000000000000000000000000000e+02 1.404928000000000000000000000000e+06 4.400000000000000000000000000000e+01
8.400000000000000000000000000000e+01 1.980000000000000000000000000000e+02 7.762392000000000000000000000000e+06 4.500000000000000000000000000000e+01
8.700000000000000000000000000000e+01 1.900000000000000000000000000000e+02 6.859000000000000000000000000000e+06 4.600000000000000000000000000000e+01
8.800000000000000000000000000000e+01 2.420000000000000000000000000000e+02 1.417248800000000000000000000000e+07 4.700000000000000000000000000000e+01
9.000000000000000000000000000000e+01 1.050000000000000000000000000000e+02 1.157625000000000000000000000000e+06 4.800000000000000000000000000000e+01
9.300000000000000000000000000000e+01 2.030000000000000000000000000000e+02 8.365427000000000000000000000000e+06 4.900000000000000000000000000000e+01
9.500000000000000000000000000000e+01 3.400000000000000000000000000000e+01 3.930400000000000000000000000000e+04 5.000000000000000000000000000000e+01
9.600000000000000000000000000000e+01 3.000000000000000000000000000000e+00 2.700000000000000000000000000000e+01 5.100000000000000000000000000000e+01
9.700000000000000000000000000000e+01 1.300000000000000000000000000000e+02 2.197000000000000000000000000000e+06 5.200000000000000000000000000000e+01
9.900000000000000000000000000000e+01 1.260000000000000000000000000000e+02 2.000376000000000000000000000000e+06 5.300000000000000000000000000000e+01
1.010000000000000000000000000000e+02 9.000000000000000000000000000000e+00 7.290000000000000000000000000000e+02 5.400000000000000000000000000000e+01
1.020000000000000000000000000000e+02 1.610000000000000000000000000000e+02 4.173281000000000000000000000000e+06 5.500000000000000000000000000000e+01
1.030000000000000000000000000000e+02 4.200000000000000000000000000000e+02 7.408800000000000000000000000000e+07 5.600000000000000000000000000000e+01
1.040000000000000000000000000000e+02 4.100000000000000000000000000000e+01 6.892100000000000000000000000000e+04 5.700000000000000000000000000000e+01
1.050000000000000000000000000000e+02 5.900000000000000000000000000000e+01 2.053790000000000000000000000000e+05 5.800000000000000000000000000000e+01
1.100000000000000000000000000000e+02 1.000000000000000000000000000000e+01 1.000000000000000000000000000000e+03 5.900000000000000000000000000000e+01
1.110000000000000000000000000000e+02 2.370000000000000000000000000000e+02 1.331205300000000000000000000000e+07 6.000000000000000000000000000000e+01
1.130000000000000000000000000000e+02 1.490000000000000000000000000000e+02 3.307949000000000000000000000000e+06 6.100000000000000000000000000000e+01
1.140000000000000000000000000000e+02 1.220000000000000000000000000000e+02 1.815848000000000000000000000000e+06 6.200000000000000000000000000000e+01
1.170000000000000000000000000000e+02 1.140000000000000000000000000000e+02 1.481544000000000000000000000000e+06 6.300000000000000000000000000000e+01
1.180000000000000000000000000000e+02 6.200000000000000000000000000000e+01 2.383280000000000000000000000000e+05 6.400000000000000000000000000000e+01
1.210000000000000000000000000000e+02 6.500000000000000000000000000000e+01 2.746250000000000000000000000000e+05 6.500000000000000000000000000000e+01
1.220000000000000000000000000000e+02 3.000000000000000000000000000000e+01 2.700000000000000000000000000000e+04 6.600000000000000000000000000000e+01
1.230000000000000000000000000000e+02 1.000000000000000000000000000000e+00 1.000000000000000000000000000000e+00 6.700000000000000000000000000000e+01
1.260000000000000000000000000000e+02 2.500000000000000000000000000000e+01 1.562500000000000000000000000000e+04 6.800000000000000000000000000000e+01
1.270000000000000000000000000000e+02 1.360000000000000000000000000000e+02 2.515456000000000000000000000000e+06 6.900000000000000000000000000000e+01
1.280000000000000000000000000000e+02 2.700000000000000000000000000000e+01 1.968300000000000000000000000000e+04 7.000000000000000000000000000000e+01
1.290000000000000000000000000000e+02 1.000000000000000000000000000000e+00 1.000000000000000000000000000000e+00 7.100000000000000000000000000000e+01
1.310000000000000000000000000000e+02 6.800000000000000000000000000000e+01 3.144320000000000000000000000000e+05 7.200000000000000000000000000000e+01
1.320000000000000000000000000000e+02 1.900000000000000000000000000000e+01 6.859000000000000000000000000000e+03 7.300000000000000000000000000000e+01
1.330000000000000000000000000000e+02 3.580000000000000000000000000000e+02 4.588271200000000000000000000000e+07 7.400000000000000000000000000000e+01
1.340000000000000000000000000000e+02 2.840000000000000000000000000000e+02 2.290630400000000000000000000000e+07 7.500000000000000000000000000000e+01
1.360000000000000000000000000000e+02 8.900000000000000000000000000000e+01 7.049690000000000000000000000000e+05 7.600000000000000000000000000000e+01
1.370000000000000000000000000000e+02 6.500000000000000000000000000000e+01 2.746250000000000000000000000000e+05 7.700000000000000000000000000000e+01
1.380000000000000000000000000000e+02 2.010000000000000000000000000000e+02 8.120601000000000000000000000000e+06 7.800000000000000000000000000000e+01
1.400000000000000000000000000000e+02 4.900000000000000000000000000000e+01 1.176490000000000000000000000000e+05 7.900000000000000000000000000000e+01
1.420000000000000000000000000000e+02 6.700000000000000000000000000000e+01 3.007630000000000000000000000000e+05 8.000000000000000000000000000000e+01
1.430000000000000000000000000000e+02 1.800000000000000000000000000000e+01 5.832000000000000000000000000000e+03 8.100000000000000000000000000000e+01
1.460000000000000000000000000000e+02 2.960000000000000000000000000000e+02 2.593433600000000000000000000000e+07 8.200000000000000000000000000000e+01
1.470000000000000000000000000000e+02 4.000000000000000000000000000000e+01 6.400000000000000000000000000000e+04 8.300000000000000000000000000000e+01
1.480000000000000000000000000000e+02 2.790000000000000000000000000000e+02 2.171763900000000000000000000000e+07 8.400000000000000000000000000000e+01
1.510000000000000000000000000000e+02 1.700000000000000000000000000000e+01 4.913000000000000000000000000000e+03 8.500000000000000000000000000000e+01
1.540000000000000000000000000000e+02 8.000000000000000000000000000000e+00 5.120000000000000000000000000000e+02 8.600000000000000000000000000000e+01
1.550000000000000000000000000000e+02 8.700000000000000000000000000000e+01 6.585030000000000000000000000000e+05 8.700000000000000000000000000000e+01
1.580000000000000000000000000000e+02 2.260000000000000000000000000000e+02 1.154317600000000000000000000000e+07 8.800000000000000000000000000000e+01
1.600000000000000000000000000000e+02 2.470000000000000000000000000000e+02 1.506922300000000000000000000000e+07 8.900000000000000000000000000000e+01
1.620000000000000000000000000000e+02 2.200000000000000000000000000000e+01 1.064800000000000000000000000000e+04 9.000000000000000000000000000000e+01
1.660000000000000000000000000000e+02 2.250000000000000000000000000000e+02 1.139062500000000000000000000000e+07 9.100000000000000000000000000000e+01
1.670000000000000000000000000000e+02 7.900000000000000000000000000000e+01 4.930390000000000000000000000000e+05 9.200000000000000000000000000000e+01
1.680000000000000000000000000000e+02 5.700000000000000000000000000000e+01 1.851930000000000000000000000000e+05 9.300000000000000000000000000000e+01
1.690000000000000000000000000000e+02 1.170000000000000000000000000000e+02 1.601613000000000000000000000000e+06 9.400000000000000000000000000000e+01
1.700000000000000000000000000000e+02 1.300000000000000000000000000000e+02 2.197000000000000000000000000000e+06 9.500000000000000000000000000000e+01
1.720000000000000000000000000000e+02 5.000000000000000000000000000000e+01 1.250000000000000000000000000000e+05 9.600000000000000000000000000000e+01
1.730000000000000000000000000000e+02 5.910000000000000000000000000000e+02 2.064250710000000000000000000000e+08 9.700000000000000000000000000000e+01
1.740000000000000000000000000000e+02 2.700000000000000000000000000000e+01 1.968300000000000000000000000000e+04 9.800000000000000000000000000000e+01
1.770000000000000000000000000000e+02 3.120000000000000000000000000000e+02 3.037132800000000000000000000000e+07 9.900000000000000000000000000000e+01
