1.000000000000000000000000000000e+00 2.640000000000000000000000000000e+02 1.839974400000000000000000000000e+07 0.000000000000000000000000000000e+00
2.000000000000000000000000000000e+00 2.300000000000000000000000000000e+02 1.216700000000000000000000000000e+07 1.000000000000000000000000000000e+00
4.000000000000000000000000000000e+00 5.500000000000000000000000000000e+01 1.663750000000000000000000000000e+05 2.000000000000000000000000000000e+00
6.000000000000000000000000000000e+00 6.000000000000000000000000000000e+00 2.160000000000000000000000000000e+02 3.000000000000000000000000000000e+00
7.000000000000000000000000000000e+00 3.400000000000000000000000000000e+01 3.930400000000000000000000000000e+04 4.000000000000000000000000000000e+00
8.000000000000000000000000000000e+00 1.400000000000000000000000000000e+01 2.744000000000000000000000000000e+03 5.000000000000000000000000000000e+00
1.000000000000000000000000000000e+01 8.600000000000000000000000000000e+01 6.360560000000000000000000000000e+05 6.000000000000000000000000000000e+00
1.100000000000000000000000000000e+01 4.500000000000000000000000000000e+01 9.112500000000000000000000000000e+04 7.000000000000000000000000000000e+00
1.200000000000000000000000000000e+01 2.130000000000000000000000000000e+02 9.663597000000000000000000000000e+06 8.000000000000000000000000000000e+00
1.500000000000000000000000000000e+01 9.400000000000000000000000000000e+01 8.305840000000000000000000000000e+05 9.000000000000000000000000000000e+00
1.600000000000000000000000000000e+01 1.090000000000000000000000000000e+02 1.295029000000000000000000000000e+06 1.000000000000000000000000000000e+01
1.700000000000000000000000000000e+01 1.000000000000000000000000000000e+01 1.000000000000000000000000000000e+03 1.100000000000000000000000000000e+01
1.900000000000000000000000000000e+01 4.000000000000000000000000000000e+01 6.400000000000000000000000000000e+04 1.200000000000000000000000000000e+01
2.300000000000000000000000000000e+01 1.560000000000000000000000000000e+02 3.796416000000000000000000000000e+06 1.300000000000000000000000000000e+01
2.600000000000000000000000000000e+01 8.900000000000000000000000000000e+01 7.049690000000000000000000000000e+05 1.400000000000000000000000000000e+01
2.700000000000000000000000000000e+01 1.800000000000000000000000000000e+01 5.832000000000000000000000000000e+03 1.500000000000000000000000000000e+01
2.800000000000000000000000000000e+01 6.000000000000000000000000000000e+01 2.160000000000000000000000000000e+05 1.600000000000000000000000000000e+01
2.900000000000000000000000000000e+01 1.830000000000000000000000000000e+02 6.128487000000000000000000000000e+06 1.700000000000000000000000000000e+01
3.200000000000000000000000000000e+01 1.140000000000000000000000000000e+02 1.481544000000000000000000000000e+06 1.800000000000000000000000000000e+01
3.400000000000000000000000000000e+01 3.600000000000000000000000000000e+01 4.665600000000000000000000000000e+04 1.900000000000000000000000000000e+01
3.700000000000000000000000000000e+01 1.720000000000000000000000000000e+02 5.088448000000000000000000000000e+06 2.000000000000000000000000000000e+01
3.800000000000000000000000000000e+01 9.000000000000000000000000000000e+01 7.290000000000000000000000000000e+05 2.100000000000000000000000000000e+01
4.500000000000000000000000000000e+01 3.000000000000000000000000000000e+00 2.700000000000000000000000000000e+01 2.200000000000000000000000000000e+01
4.700000000000000000000000000000e+01 4.100000000000000000000000000000e+01 6.892100000000000000000000000000e+04 2.300000000000000000000000000000e+01
4.800000000000000000000000000000e+01 1.200000000000000000000000000000e+01 1.728000000000000000000000000000e+03 2.400000000000000000000000000000e+01
5.000000000000000000000000000000e+01 8.700000000000000000000000000000e+01 6.585030000000000000000000000000e+05 2.500000000000000000000000000000e+01
5.100000000000000000000000000000e+01 1.900000000000000000000000000000e+01 6.859000000000000000000000000000e+03 2.600000000000000000000000000000e+01
5.500000000000000000000000000000e+01 5.800000000000000000000000000000e+01 1.951120000000000000000000000000e+05 2.700000000000000000000000000000e+01
6.200000000000000000000000000000e+01 2.380000000000000000000000000000e+02 1.348127200000000000000000000000e+07 2.800000000000000000000000000000e+01
6.400000000000000000000000000000e+01 1.950000000000000000000000000000e+02 7.414875000000000000000000000000e+06 2.900000000000000000000000000000e+01
6.500000000000000000000000000000e+01 7.000000000000000000000000000000e+01 3.430000000000000000000000000000e+05 3.000000000000000000000000000000e+01
6.600000000000000000000000000000e+01 8.300000000000000000000000000000e+01 5.717870000000000000000000000000e+05 3.100000000000000000000000000000e+01
6.700000000000000000000000000000e+01 6.600000000000000000000000000000e+01 2.874960000000000000000000000000e+05 3.200000000000000000000000000000e+01
7.000000000000000000000000000000e+01 3.300000000000000000000000000000e+01 3.593700000000000000000000000000e+04 3.300000000000000000000000000000e+01
7.200000000000000000000000000000e+01 7.000000000000000000000000000000e+00 3.430000000000000000000000000000e+02 3.400000000000000000000000000000e+01
7.300000000000000000000000000000e+01 1.350000000000000000000000000000e+02 2.460375000000000000000000000000e+06 3.500000000000000000000000000000e+01
7.400000000000000000000000000000e+01 2.000000000000000000000000000000e+00 8.000000000000000000000000000000e+00 3.600000000000000000000000000000e+01
7.700000000000000000000000000000e+01 7.000000000000000000000000000000e+01 3.430000000000000000000000000000e+05 3.700000000000000000000000000000e+01
7.800000000000000000000000000000e+01 6.200000000000000000000000000000e+01 2.383280000000000000000000000000e+05 3.800000000000000000000000000000e+01
8.000000000000000000000000000000e+01 1.740000000000000000000000000000e+02 5.268024000000000000000000000000e+06 3.900000000000000000000000000000e+01
8.100000000000000000000000000000e+01 1.130000000000000000000000000000e+02 1.442897000000000000000000000000e+06 4.000000000000000000000000000000e+01
8.400000000000000000000000000000e+01 2.910000000000000000000000000000e+02 2.464217100000000000000000000000e+07 4.100000000000000000000000000000e+01
9.100000000000000000000000000000e+01 1.500000000000000000000000000000e+01 3.375000000000000000000000000000e+03 4.200000000000000000000000000000e+01
9.300000000000000000000000000000e+01 6.300000000000000000000000000000e+01 2.500470000000000000000000000000e+05 4.300000000000000000000000000000e+01
9.400000000000000000000000000000e+01 4.100000000000000000000000000000e+01 6.892100000000000000000000000000e+04 4.400000000000000000000000000000e+01
9.500000000000000000000000000000e+01 4.400000000000000000000000000000e+01 8.518400000000000000000000000000e+04 4.500000000000000000000000000000e+01
9.700000000000000000000000000000e+01 2.800000000000000000000000000000e+01 2.195200000000000000000000000000e+04 4.600000000000000000000000000000e+01
1.000000000000000000000000000000e+02 3.350000000000000000000000000000e+02 3.759537500000000000000000000000e+07 4.700000000000000000000000000000e+01
1.010000000000000000000000000000e+02 1.190000000000000000000000000000e+02 1.685159000000000000000000000000e+06 4.800000000000000000000000000000e+01
1.030000000000000000000000000000e+02 1.000000000000000000000000000000e+01 1.000000000000000000000000000000e+03 4.900000000000000000000000000000e+01
1.040000000000000000000000000000e+02 4.900000000000000000000000000000e+01 1.176490000000000000000000000000e+05 5.000000000000000000000000000000e+01
1.060000000000000000000000000000e+02 2.030000000000000000000000000000e+02 8.365427000000000000000000000000e+06 5.100000000000000000000000000000e+01
1.070000000000000000000000000000e+02 5.000000000000000000000000000000e+01 1.250000000000000000000000000000e+05 5.200000000000000000000000000000e+01
1.090000000000000000000000000000e+02 3.170000000000000000000000000000e+02 3.185501300000000000000000000000e+07 5.300000000000000000000000000000e+01
1.110000000000000000000000000000e+02 1.460000000000000000000000000000e+02 3.112136000000000000000000000000e+06 5.400000000000000000000000000000e+01
1.120000000000000000000000000000e+02 2.000000000000000000000000000000e+00 8.000000000000000000000000000000e+00 5.500000000000000000000000000000e+01
1.130000000000000000000000000000e+02 3.090000000000000000000000000000e+02 2.950362900000000000000000000000e+07 5.600000000000000000000000000000e+01
1.140000000000000000000000000000e+02 4.800000000000000000000000000000e+01 1.105920000000000000000000000000e+05 5.700000000000000000000000000000e+01
1.150000000000000000000000000000e+02 5.700000000000000000000000000000e+01 1.851930000000000000000000000000e+05 5.800000000000000000000000000000e+01
1.160000000000000000000000000000e+02 2.700000000000000000000000000000e+01 1.968300000000000000000000000000e+04 5.900000000000000000000000000000e+01
1.180000000000000000000000000000e+02 5.800000000000000000000000000000e+01 1.951120000000000000000000000000e+05 6.000000000000000000000000000000e+01
1.190000000000000000000000000000e+02 1.730000000000000000000000000000e+02 5.177717000000000000000000000000e+06 6.100000000000000000000000000000e+01
1.220000000000000000000000000000e+02 2.000000000000000000000000000000e+01 8.000000000000000000000000000000e+03 6.200000000000000000000000000000e+01
1.230000000000000000000000000000e+02 7.800000000000000000000000000000e+01 4.745520000000000000000000000000e+05 6.300000000000000000000000000000e+01
1.240000000000000000000000000000e+02 1.220000000000000000000000000000e+02 1.815848000000000000000000000000e+06 6.400000000000000000000000000000e+01
1.260000000000000000000000000000e+02 2.800000000000000000000000000000e+02 2.195200000000000000000000000000e+07 6.500000000000000000000000000000e+01
1.270000000000000000000000000000e+02 1.650000000000000000000000000000e+02 4.492125000000000000000000000000e+06 6.600000000000000000000000000000e+01
1.300000000000000000000000000000e+02 6.000000000000000000000000000000e+00 2.160000000000000000000000000000e+02 6.700000000000000000000000000000e+01
1.320000000000000000000000000000e+02 3.970000000000000000000000000000e+02 6.257077300000000000000000000000e+07 6.800000000000000000000000000000e+01
1.330000000000000000000000000000e+02 1.640000000000000000000000000000e+02 4.410944000000000000000000000000e+06 6.900000000000000000000000000000e+01
1.340000000000000000000000000000e+02 1.700000000000000000000000000000e+02 4.913000000000000000000000000000e+06 7.000000000000000000000000000000e+01
1.380000000000000000000000000000e+02 2.200000000000000000000000000000e+01 1.064800000000000000000000000000e+04 7.100000000000000000000000000000e+01
1.390000000000000000000000000000e+02 1.160000000000000000000000000000e+02 1.560896000000000000000000000000e+06 7.200000000000000000000000000000e+01
1.410000000000000000000000000000e+02 2.220000000000000000000000000000e+02 1.094104800000000000000000000000e+07 7.300000000000000000000000000000e+01
1.420000000000000000000000000000e+02 2.360000000000000000000000000000e+02 1.314425600000000000000000000000e+07 7.400000000000000000000000000000e+01
1.460000000000000000000000000000e+02 9.200000000000000000000000000000e+01 7.786880000000000000000000000000e+05 7.500000000000000000000000000000e+01
1.470000000000000000000000000000e+02 2.300000000000000000000000000000e+01 1.216700000000000000000000000000e+04 7.600000000000000000000000000000e+01
1.480000000000000000000000000000e+02 1.500000000000000000000000000000e+02 3.375000000000000000000000000000e+06 7.700000000000000000000000000000e+01
1.490000000000000000000000000000e+02 9.000000000000000000000000000000e+00 7.290000000000000000000000000000e+02 7.800000000000000000000000000000e+01
1.500000000000000000000000000000e+02 4.700000000000000000000000000000e+01 1.038230000000000000000000000000e+05 7.900000000000000000000000000000e+01
1.520000000000000000000000000000e+02 8.900000000000000000000000000000e+01 7.049690000000000000000000000000e+05 8.000000000000000000000000000000e+01
1.530000000000000000000000000000e+02 1.200000000000000000000000000000e+02 1.728000000000000000000000000000e+06 8.100000000000000000000000000000e+01
1.540000000000000000000000000000e+02 2.910000000000000000000000000000e+02 2.464217100000000000000000000000e+07 8.200000000000000000000000000000e+01
1.560000000000000000000000000000e+02 4.100000000000000000000000000000e+01 6.892100000000000000000000000000e+04 8.300000000000000000000000000000e+01
1.590000000000000000000000000000e+02 4.600000000000000000000000000000e+01 9.733600000000000000000000000000e+04 8.400000000000000000000000000000e+01
1.650000000000000000000000000000e+02 6.300000000000000000000000000000e+01 2.500470000000000000000000000000e+05 8.500000000000000000000000000000e+01
1.660000000000000000000000000000e+02 5.000000000000000000000000000000e+00 1.250000000000000000000000000000e+02 8.600000000000000000000000000000e+01
1.710000000000000000000000000000e+02 1.700000000000000000000000000000e+02 4.913000000000000000000000000000e+06 8.700000000000000000000000000000e+01
1.730000000000000000000000000000e+02 6.100000000000000000000000000000e+01 2.269810000000000000000000000000e+05 8.800000000000000000000000000000e+01
1.810000000000000000000000000000e+02 1.420000000000000000000000000000e+02 2.863288000000000000000000000000e+06 8.900000000000000000000000000000e+01
1.820000000000000000000000000000e+02 2.000000000000000000000000000000e+00 8.000000000000000000000000000000e+00 9.000000000000000000000000000000e+01
1.830000000000000000000000000000e+02 2.350000000000000000000000000000e+02 1.297787500000000000000000000000e+07 9.100000000000000000000000000000e+01
1.850000000000000000000000000000e+02 3.300000000000000000000000000000e+01 3.593700000000000000000000000000e+04 9.200000000000000000000000000000e+01
1.900000000000000000000000000000e+02 3.100000000000000000000000000000e+01 2.979100000000000000000000000000e+04 9.300000000000000000000000000000e+01
1.910000000000000000000000000000e+02 2.530000000000000000000000000000e+02 1.619427700000000000000000000000e+07 9.400000000000000000000000000000e+01
1.930000000000000000000000000000e+02 3.600000000000000000000000000000e+01 4.665600000000000000000000000000e+04 9.500000000000000000000000000000e+01
1.940000000000000000000000000000e+02 1.600000000000000000000000000000e+01 4.096000000000000000000000000000e+03 9.600000000000000000000000000000e+01
1.960000000000000000000000000000e+02 6.500000000000000000000000000000e+01 2.746250000000000000000000000000e+05 9.700000000000000000000000000000e+01
1.980000000000000000000000000000e+02 9.800000000000000000000000000000e+01 9.411920000000000000000000000000e+05 9.800000000000000000000000000000e+01
2.010000000000000000000000000000e+02 1.900000000000000000000000000000e+01 6.859000000000000000000000000000e+03 9.900000000000000000000000000000e+01
