1.000000000000000000000000000000e+00 7.500000000000000000000000000000e+01 4.218750000000000000000000000000e+05 0.000000000000000000000000000000e+00
2.000000000000000000000000000000e+00 3.800000000000000000000000000000e+01 5.487200000000000000000000000000e+04 1.000000000000000000000000000000e+00
3.000000000000000000000000000000e+00 4.800000000000000000000000000000e+01 1.105920000000000000000000000000e+05 2.000000000000000000000000000000e+00
1.300000000000000000000000000000e+01 6.900000000000000000000000000000e+01 3.285090000000000000000000000000e+05 3.000000000000000000000000000000e+00
1.500000000000000000000000000000e+01 6.100000000000000000000000000000e+01 2.269810000000000000000000000000e+05 4.000000000000000000000000000000e+00
1.700000000000000000000000000000e+01 9.600000000000000000000000000000e+01 8.847360000000000000000000000000e+05 5.000000000000000000000000000000e+00
1.900000000000000000000000000000e+01 3.440000000000000000000000000000e+02 4.070758400000000000000000000000e+07 6.000000000000000000000000000000e+00
2.100000000000000000000000000000e+01 2.200000000000000000000000000000e+01 1.064800000000000000000000000000e+04 7.000000000000000000000000000000e+00
2.300000000000000000000000000000e+01 1.490000000000000000000000000000e+02 3.307949000000000000000000000000e+06 8.000000000000000000000000000000e+00
2.500000000000000000000000000000e+01 4.400000000000000000000000000000e+01 8.518400000000000000000000000000e+04 9.000000000000000000000000000000e+00
2.700000000000000000000000000000e+01 6.900000000000000000000000000000e+01 3.285090000000000000000000000000e+05 1.000000000000000000000000000000e+01
2.900000000000000000000000000000e+01 1.120000000000000000000000000000e+02 1.404928000000000000000000000000e+06 1.100000000000000000000000000000e+01
3.000000000000000000000000000000e+01 1.510000000000000000000000000000e+02 3.442951000000000000000000000000e+06 1.200000000000000000000000000000e+01
3.200000000000000000000000000000e+01 2.120000000000000000000000000000e+02 9.528128000000000000000000000000e+06 1.300000000000000000000000000000e+01
3.300000000000000000000000000000e+01 2.230000000000000000000000000000e+02 1.108956700000000000000000000000e+07 1.400000000000000000000000000000e+01
3.400000000000000000000000000000e+01 4.100000000000000000000000000000e+01 6.892100000000000000000000000000e+04 1.500000000000000000000000000000e+01
3.600000000000000000000000000000e+01 1.100000000000000000000000000000e+01 1.331000000000000000000000000000e+03 1.600000000000000000000000000000e+01
4.000000000000000000000000000000e+01 1.320000000000000000000000000000e+02 2.299968000000000000000000000000e+06 1.700000000000000000000000000000e+01
4.100000000000000000000000000000e+01 1.990000000000000000000000000000e+02 7.880599000000000000000000000000e+06 1.800000000000000000000000000000e+01
4.300000000000000000000000000000e+01 3.600000000000000000000000000000e+01 4.665600000000000000000000000000e+04 1.900000000000000000000000000000e+01
4.400000000000000000000000000000e+01 4.710000000000000000000000000000e+02 1.044871110000000000000000000000e+08 2.000000000000000000000000000000e+01
4.800000000000000000000000000000e+01 2.900000000000000000000000000000e+01 2.438900000000000000000000000000e+04 2.100000000000000000000000000000e+01
4.900000000000000000000000000000e+01 1.670000000000000000000000000000e+02 4.657463000000000000000000000000e+06 2.200000000000000000000000000000e+01
5.000000000000000000000000000000e+01 2.550000000000000000000000000000e+02 1.658137500000000000000000000000e+07 2.300000000000000000000000000000e+01
5.100000000000000000000000000000e+01 5.100000000000000000000000000000e+01 1.326510000000000000000000000000e+05 2.400000000000000000000000000000e+01
5.200000000000000000000000000000e+01 2.000000000000000000000000000000e+01 8.000000000000000000000000000000e+03 2.500000000000000000000000000000e+01
5.400000000000000000000000000000e+01 1.410000000000000000000000000000e+02 2.803221000000000000000000000000e+06 2.600000000000000000000000000000e+01
5.500000000000000000000000000000e+01 8.000000000000000000000000000000e+01 5.120000000000000000000000000000e+05 2.700000000000000000000000000000e+01
5.800000000000000000000000000000e+01 2.100000000000000000000000000000e+01 9.261000000000000000000000000000e+03 2.800000000000000000000000000000e+01
6.000000000000000000000000000000e+01 2.700000000000000000000000000000e+01 1.968300000000000000000000000000e+04 2.900000000000000000000000000000e+01
6.400000000000000000000000000000e+01 1.400000000000000000000000000000e+01 2.744000000000000000000000000000e+03 3.000000000000000000000000000000e+01
6.500000000000000000000000000000e+01 2.310000000000000000000000000000e+02 1.232639100000000000000000000000e+07 3.100000000000000000000000000000e+01
6.600000000000000000000000000000e+01 5.400000000000000000000000000000e+01 1.574640000000000000000000000000e+05 3.200000000000000000000000000000e+01
6.900000000000000000000000000000e+01 1.270000000000000000000000000000e+02 2.048383000000000000000000000000e+06 3.300000000000000000000000000000e+01
7.000000000000000000000000000000e+01 2.420000000000000000000000000000e+02 1.417248800000000000000000000000e+07 3.400000000000000000000000000000e+01
7.100000000000000000000000000000e+01 1.980000000000000000000000000000e+02 7.762392000000000000000000000000e+06 3.500000000000000000000000000000e+01
7.300000000000000000000000000000e+01 1.180000000000000000000000000000e+02 1.643032000000000000000000000000e+06 3.600000000000000000000000000000e+01
7.400000000000000000000000000000e+01 2.300000000000000000000000000000e+01 1.216700000000000000000000000000e+04 3.700000000000000000000000000000e+01
7.600000000000000000000000000000e+01 2.850000000000000000000000000000e+02 2.314912500000000000000000000000e+07 3.800000000000000000000000000000e+01
7.800000000000000000000000000000e+01 2.300000000000000000000000000000e+01 1.216700000000000000000000000000e+04 3.900000000000000000000000000000e+01
7.900000000000000000000000000000e+01 5.100000000000000000000000000000e+01 1.326510000000000000000000000000e+05 4.000000000000000000000000000000e+01
8.000000000000000000000000000000e+01 1.000000000000000000000000000000e+00 1.000000000000000000000000000000e+00 4.100000000000000000000000000000e+01
8.100000000000000000000000000000e+01 2.600000000000000000000000000000e+01 1.757600000000000000000000000000e+04 4.200000000000000000000000000000e+01
8.400000000000000000000000000000e+01 2.410000000000000000000000000000e+02 1.399752100000000000000000000000e+07 4.300000000000000000000000000000e+01
9.000000000000000000000000000000e+01 2.800000000000000000000000000000e+01 2.195200000000000000000000000000e+04 4.400000000000000000000000000000e+01
9.800000000000000000000000000000e+01 1.890000000000000000000000000000e+02 6.751269000000000000000000000000e+06 4.500000000000000000000000000000e+01
1.000000000000000000000000000000e+02 1.850000000000000000000000000000e+02 6.331625000000000000000000000000e+06 4.600000000000000000000000000000e+01
1.020000000000000000000000000000e+02 1.210000000000000000000000000000e+02 1.771561000000000000000000000000e+06 4.700000000000000000000000000000e+01
1.050000000000000000000000000000e+02 2.000000000000000000000000000000e+01 8.000000000000000000000000000000e+03 4.800000000000000000000000000000e+01
1.060000000000000000000000000000e+02 1.010000000000000000000000000000e+02 1.030301000000000000000000000000e+06 4.900000000000000000000000000000e+01
1.070000000000000000000000000000e+02 2.700000000000000000000000000000e+01 1.968300000000000000000000000000e+04 5.000000000000000000000000000000e+01
1.080000000000000000000000000000e+02 6.400000000000000000000000000000e+01 2.621440000000000000000000000000e+05 5.100000000000000000000000000000e+01
1.090000000000000000000000000000e+02 2.520000000000000000000000000000e+02 1.600300800000000000000000000000e+07 5.200000000000000000000000000000e+01
1.110000000000000000000000000000e+02 1.410000000000000000000000000000e+02 2.803221000000000000000000000000e+06 5.300000000000000000000000000000e+01
1.120000000000000000000000000000e+02 4.420000000000000000000000000000e+02 8.635088800000000000000000000000e+07 5.400000000000000000000000000000e+01
1.140000000000000000000000000000e+02 4.100000000000000000000000000000e+01 6.892100000000000000000000000000e+04 5.500000000000000000000000000000e+01
1.220000000000000000000000000000e+02 7.000000000000000000000000000000e+00 3.430000000000000000000000000000e+02 5.600000000000000000000000000000e+01
1.240000000000000000000000000000e+02 1.100000000000000000000000000000e+01 1.331000000000000000000000000000e+03 5.700000000000000000000000000000e+01
1.260000000000000000000000000000e+02 4.600000000000000000000000000000e+01 9.733600000000000000000000000000e+04 5.800000000000000000000000000000e+01
1.270000000000000000000000000000e+02 3.800000000000000000000000000000e+01 5.487200000000000000000000000000e+04 5.900000000000000000000000000000e+01
1.300000000000000000000000000000e+02 1.100000000000000000000000000000e+01 1.331000000000000000000000000000e+03 6.000000000000000000000000000000e+01
1.310000000000000000000000000000e+02 2.480000000000000000000000000000e+02 1.525299200000000000000000000000e+07 6.100000000000000000000000000000e+01
1.340000000000000000000000000000e+02 8.900000000000000000000000000000e+01 7.049690000000000000000000000000e+05 6.200000000000000000000000000000e+01
1.360000000000000000000000000000e+02 3.000000000000000000000000000000e+00 2.700000000000000000000000000000e+01 6.300000000000000000000000000000e+01
1.370000000000000000000000000000e+02 3.900000000000000000000000000000e+01 5.931900000000000000000000000000e+04 6.400000000000000000000000000000e+01
1.380000000000000000000000000000e+02 7.300000000000000000000000000000e+01 3.890170000000000000000000000000e+05 6.500000000000000000000000000000e+01
1.430000000000000000000000000000e+02 4.800000000000000000000000000000e+01 1.105920000000000000000000000000e+05 6.600000000000000000000000000000e+01
1.460000000000000000000000000000e+02 1.740000000000000000000000000000e+02 5.268024000000000000000000000000e+06 6.700000000000000000000000000000e+01
1.480000000000000000000000000000e+02 1.390000000000000000000000000000e+02 2.685619000000000000000000000000e+06 6.800000000000000000000000000000e+01
1.500000000000000000000000000000e+02 2.390000000000000000000000000000e+02 1.365191900000000000000000000000e+07 6.900000000000000000000000000000e+01
1.510000000000000000000000000000e+02 4.700000000000000000000000000000e+01 1.038230000000000000000000000000e+05 7.000000000000000000000000000000e+01
1.520000000000000000000000000000e+02 8.300000000000000000000000000000e+01 5.717870000000000000000000000000e+05 7.100000000000000000000000000000e+01
1.530000000000000000000000000000e+02 7.700000000000000000000000000000e+01 4.565330000000000000000000000000e+05 7.200000000000000000000000000000e+01
1.560000000000000000000000000000e+02 2.860000000000000000000000000000e+02 2.339365600000000000000000000000e+07 7.300000000000000000000000000000e+01
1.620000000000000000000000000000e+02 3.000000000000000000000000000000e+01 2.700000000000000000000000000000e+04 7.400000000000000000000000000000e+01
1.650000000000000000000000000000e+02 1.100000000000000000000000000000e+01 1.331000000000000000000000000000e+03 7.500000000000000000000000000000e+01
1.660000000000000000000000000000e+02 7.000000000000000000000000000000e+00 3.430000000000000000000000000000e+02 7.600000000000000000000000000000e+01
1.670000000000000000000000000000e+02 9.300000000000000000000000000000e+01 8.043570000000000000000000000000e+05 7.700000000000000000000000000000e+01
1.710000000000000000000000000000e+02 1.100000000000000000000000000000e+01 1.331000000000000000000000000000e+03 7.800000000000000000000000000000e+01
1.720000000000000000000000000000e+02 4.100000000000000000000000000000e+01 6.892100000000000000000000000000e+04 7.900000000000000000000000000000e+01
1.740000000000000000000000000000e+02 4.230000000000000000000000000000e+02 7.568696700000000000000000000000e+07 8.000000000000000000000000000000e+01
1.750000000000000000000000000000e+02 2.230000000000000000000000000000e+02 1.108956700000000000000000000000e+07 8.100000000000000000000000000000e+01
1.780000000000000000000000000000e+02 1.900000000000000000000000000000e+01 6.859000000000000000000000000000e+03 8.200000000000000000000000000000e+01
1.820000000000000000000000000000e+02 5.300000000000000000000000000000e+01 1.488770000000000000000000000000e+05 8.300000000000000000000000000000e+01
1.840000000000000000000000000000e+02 3.300000000000000000000000000000e+01 3.593700000000000000000000000000e+04 8.400000000000000000000000000000e+01
1.860000000000000000000000000000e+02 1.110000000000000000000000000000e+02 1.367631000000000000000000000000e+06 8.500000000000000000000000000000e+01
1.880000000000000000000000000000e+02 1.000000000000000000000000000000e+00 1.000000000000000000000000000000e+00 8.600000000000000000000000000000e+01
1.890000000000000000000000000000e+02 1.700000000000000000000000000000e+01 4.913000000000000000000000000000e+03 8.700000000000000000000000000000e+01
1.910000000000000000000000000000e+02 3.700000000000000000000000000000e+01 5.065300000000000000000000000000e+04 8.800000000000000000000000000000e+01
1.920000000000000000000000000000e+02 7.800000000000000000000000000000e+01 4.745520000000000000000000000000e+05 8.900000000000000000000000000000e+01
1.930000000000000000000000000000e+02 1.100000000000000000000000000000e+01 1.331000000000000000000000000000e+03 9.000000000000000000000000000000e+01
1.970000000000000000000000000000e+02 8.000000000000000000000000000000e+00 5.120000000000000000000000000000e+02 9.100000000000000000000000000000e+01
2.000000000000000000000000000000e+02 4.900000000000000000000000000000e+01 1.176490000000000000000000000000e+05 9.200000000000000000000000000000e+01
2.010000000000000000000000000000e+02 2.500000000000000000000000000000e+01 1.562500000000000000000000000000e+04 9.300000000000000000000000000000e+01
2.020000000000000000000000000000e+02 1.600000000000000000000000000000e+01 4.096000000000000000000000000000e+03 9.400000000000000000000000000000e+01
2.030000000000000000000000000000e+02 6.400000000000000000000000000000e+01 2.621440000000000000000000000000e+05 9.500000000000000000000000000000e+01
2.060000000000000000000000000000e+02 9.100000000000000000000000000000e+01 7.535710000000000000000000000000e+05 9.600000000000000000000000000000e+01
2.070000000000000000000000000000e+02 9.000000000000000000000000000000e+00 7.290000000000000000000000000000e+02 9.700000000000000000000000000000e+01
2.080000000000000000000000000000e+02 3.000000000000000000000000000000e+00 2.700000000000000000000000000000e+01 9.800000000000000000000000000000e+01
2.090000000000000000000000000000e+02 1.570000000000000000000000000000e+02 3.869893000000000000000000000000e+06 9.900000000000000000000000000000e+01
