0.000000000000000000000000000000e+00 3.080000000000000000000000000000e+02 2.921811200000000000000000000000e+07 0.000000000000000000000000000000e+00
3.000000000000000000000000000000e+00 1.600000000000000000000000000000e+02 4.096000000000000000000000000000e+06 1.000000000000000000000000000000e+00
5.000000000000000000000000000000e+00 1.560000000000000000000000000000e+02 3.796416000000000000000000000000e+06 2.000000000000000000000000000000e+00
6.000000000000000000000000000000e+00 5.400000000000000000000000000000e+01 1.574640000000000000000000000000e+05 3.000000000000000000000000000000e+00
1.300000000000000000000000000000e+01 1.120000000000000000000000000000e+02 1.404928000000000000000000000000e+06 4.000000000000000000000000000000e+00
1.400000000000000000000000000000e+01 3.300000000000000000000000000000e+01 3.593700000000000000000000000000e+04 5.000000000000000000000000000000e+00
1.500000000000000000000000000000e+01 9.000000000000000000000000000000e+00 7.290000000000000000000000000000e+02 6.000000000000000000000000000000e+00
1.600000000000000000000000000000e+01 4.900000000000000000000000000000e+01 1.176490000000000000000000000000e+05 7.000000000000000000000000000000e+00
2.000000000000000000000000000000e+01 2.300000000000000000000000000000e+01 1.216700000000000000000000000000e+04 8.000000000000000000000000000000e+00
2.100000000000000000000000000000e+01 1.100000000000000000000000000000e+01 1.331000000000000000000000000000e+03 9.000000000000000000000000000000e+00
2.200000000000000000000000000000e+01 6.100000000000000000000000000000e+01 2.269810000000000000000000000000e+05 1.000000000000000000000000000000e+01
2.300000000000000000000000000000e+01 1.270000000000000000000000000000e+02 2.048383000000000000000000000000e+06 1.100000000000000000000000000000e+01
2.400000000000000000000000000000e+01 6.000000000000000000000000000000e+00 2.160000000000000000000000000000e+02 1.200000000000000000000000000000e+01
2.500000000000000000000000000000e+01 1.290000000000000000000000000000e+02 2.146689000000000000000000000000e+06 1.300000000000000000000000000000e+01
2.600000000000000000000000000000e+01 7.500000000000000000000000000000e+01 4.218750000000000000000000000000e+05 1.400000000000000000000000000000e+01
2.800000000000000000000000000000e+01 2.500000000000000000000000000000e+01 1.562500000000000000000000000000e+04 1.500000000000000000000000000000e+01
3.100000000000000000000000000000e+01 6.300000000000000000000000000000e+01 2.500470000000000000000000000000e+05 1.600000000000000000000000000000e+01
3.200000000000000000000000000000e+01 5.200000000000000000000000000000e+02 1.406080000000000000000000000000e+08 1.700000000000000000000000000000e+01
3.400000000000000000000000000000e+01 9.900000000000000000000000000000e+01 9.702990000000000000000000000000e+05 1.800000000000000000000000000000e+01
3.600000000000000000000000000000e+01 1.700000000000000000000000000000e+01 4.913000000000000000000000000000e+03 1.900000000000000000000000000000e+01
3.700000000000000000000000000000e+01 9.400000000000000000000000000000e+01 8.305840000000000000000000000000e+05 2.000000000000000000000000000000e+01
4.000000000000000000000000000000e+01 2.920000000000000000000000000000e+02 2.489708800000000000000000000000e+07 2.100000000000000000000000000000e+01
4.100000000000000000000000000000e+01 6.600000000000000000000000000000e+01 2.874960000000000000000000000000e+05 2.200000000000000000000000000000e+01
4.200000000000000000000000000000e+01 6.500000000000000000000000000000e+01 2.746250000000000000000000000000e+05 2.300000000000000000000000000000e+01
4.500000000000000000000000000000e+01 4.430000000000000000000000000000e+02 8.693830700000000000000000000000e+07 2.400000000000000000000000000000e+01
4.600000000000000000000000000000e+01 9.800000000000000000000000000000e+01 9.411920000000000000000000000000e+05 2.500000000000000000000000000000e+01
5.000000000000000000000000000000e+01 5.100000000000000000000000000000e+01 1.326510000000000000000000000000e+05 2.600000000000000000000000000000e+01
5.200000000000000000000000000000e+01 1.890000000000000000000000000000e+02 6.751269000000000000000000000000e+06 2.700000000000000000000000000000e+01
5.400000000000000000000000000000e+01 5.500000000000000000000000000000e+01 1.663750000000000000000000000000e+05 2.800000000000000000000000000000e+01
5.600000000000000000000000000000e+01 1.250000000000000000000000000000e+02 1.953125000000000000000000000000e+06 2.900000000000000000000000000000e+01
5.900000000000000000000000000000e+01 7.900000000000000000000000000000e+01 4.930390000000000000000000000000e+05 3.000000000000000000000000000000e+01
6.100000000000000000000000000000e+01 1.900000000000000000000000000000e+01 6.859000000000000000000000000000e+03 3.100000000000000000000000000000e+01
6.200000000000000000000000000000e+01 9.900000000000000000000000000000e+01 9.702990000000000000000000000000e+05 3.200000000000000000000000000000e+01
6.300000000000000000000000000000e+01 2.900000000000000000000000000000e+01 2.438900000000000000000000000000e+04 3.300000000000000000000000000000e+01
6.800000000000000000000000000000e+01 4.900000000000000000000000000000e+01 1.176490000000000000000000000000e+05 3.400000000000000000000000000000e+01
6.900000000000000000000000000000e+01 3.200000000000000000000000000000e+01 3.276800000000000000000000000000e+04 3.500000000000000000000000000000e+01
7.000000000000000000000000000000e+01 3.080000000000000000000000000000e+02 2.921811200000000000000000000000e+07 3.600000000000000000000000000000e+01
7.200000000000000000000000000000e+01 2.900000000000000000000000000000e+02 2.438900000000000000000000000000e+07 3.700000000000000000000000000000e+01
7.300000000000000000000000000000e+01 2.800000000000000000000000000000e+01 2.195200000000000000000000000000e+04 3.800000000000000000000000000000e+01
7.400000000000000000000000000000e+01 1.860000000000000000000000000000e+02 6.434856000000000000000000000000e+06 3.900000000000000000000000000000e+01
7.500000000000000000000000000000e+01 9.800000000000000000000000000000e+01 9.411920000000000000000000000000e+05 4.000000000000000000000000000000e+01
7.700000000000000000000000000000e+01 4.050000000000000000000000000000e+02 6.643012500000000000000000000000e+07 4.100000000000000000000000000000e+01
8.100000000000000000000000000000e+01 1.180000000000000000000000000000e+02 1.643032000000000000000000000000e+06 4.200000000000000000000000000000e+01
8.600000000000000000000000000000e+01 7.000000000000000000000000000000e+01 3.430000000000000000000000000000e+05 4.300000000000000000000000000000e+01
8.700000000000000000000000000000e+01 1.400000000000000000000000000000e+01 2.744000000000000000000000000000e+03 4.400000000000000000000000000000e+01
9.000000000000000000000000000000e+01 8.700000000000000000000000000000e+01 6.585030000000000000000000000000e+05 4.500000000000000000000000000000e+01
9.100000000000000000000000000000e+01 6.200000000000000000000000000000e+01 2.383280000000000000000000000000e+05 4.600000000000000000000000000000e+01
9.200000000000000000000000000000e+01 1.500000000000000000000000000000e+01 3.375000000000000000000000000000e+03 4.700000000000000000000000000000e+01
9.300000000000000000000000000000e+01 3.080000000000000000000000000000e+02 2.921811200000000000000000000000e+07 4.800000000000000000000000000000e+01
9.700000000000000000000000000000e+01 9.100000000000000000000000000000e+01 7.535710000000000000000000000000e+05 4.900000000000000000000000000000e+01
9.900000000000000000000000000000e+01 1.700000000000000000000000000000e+02 4.913000000000000000000000000000e+06 5.000000000000000000000000000000e+01
1.000000000000000000000000000000e+02 1.090000000000000000000000000000e+02 1.295029000000000000000000000000e+06 5.100000000000000000000000000000e+01
1.010000000000000000000000000000e+02 2.900000000000000000000000000000e+01 2.438900000000000000000000000000e+04 5.200000000000000000000000000000e+01
1.060000000000000000000000000000e+02 4.100000000000000000000000000000e+01 6.892100000000000000000000000000e+04 5.300000000000000000000000000000e+01
1.090000000000000000000000000000e+02 1.430000000000000000000000000000e+02 2.924207000000000000000000000000e+06 5.400000000000000000000000000000e+01
1.110000000000000000000000000000e+02 2.250000000000000000000000000000e+02 1.139062500000000000000000000000e+07 5.500000000000000000000000000000e+01
1.160000000000000000000000000000e+02 6.300000000000000000000000000000e+01 2.500470000000000000000000000000e+05 5.600000000000000000000000000000e+01
1.180000000000000000000000000000e+02 8.100000000000000000000000000000e+01 5.314410000000000000000000000000e+05 5.700000000000000000000000000000e+01
1.190000000000000000000000000000e+02 1.400000000000000000000000000000e+01 2.744000000000000000000000000000e+03 5.800000000000000000000000000000e+01
1.210000000000000000000000000000e+02 1.430000000000000000000000000000e+02 2.924207000000000000000000000000e+06 5.900000000000000000000000000000e+01
1.230000000000000000000000000000e+02 3.200000000000000000000000000000e+01 3.276800000000000000000000000000e+04 6.000000000000000000000000000000e+01
1.240000000000000000000000000000e+02 2.900000000000000000000000000000e+01 2.438900000000000000000000000000e+04 6.100000000000000000000000000000e+01
1.260000000000000000000000000000e+02 3.000000000000000000000000000000e+01 2.700000000000000000000000000000e+04 6.200000000000000000000000000000e+01
1.270000000000000000000000000000e+02 1.500000000000000000000000000000e+01 3.375000000000000000000000000000e+03 6.300000000000000000000000000000e+01
1.280000000000000000000000000000e+02 1.810000000000000000000000000000e+02 5.929741000000000000000000000000e+06 6.400000000000000000000000000000e+01
1.300000000000000000000000000000e+02 1.900000000000000000000000000000e+02 6.859000000000000000000000000000e+06 6.500000000000000000000000000000e+01
1.310000000000000000000000000000e+02 1.110000000000000000000000000000e+02 1.367631000000000000000000000000e+06 6.600000000000000000000000000000e+01
1.330000000000000000000000000000e+02 7.300000000000000000000000000000e+01 3.890170000000000000000000000000e+05 6.700000000000000000000000000000e+01
1.380000000000000000000000000000e+02 9.600000000000000000000000000000e+01 8.847360000000000000000000000000e+05 6.800000000000000000000000000000e+01
1.400000000000000000000000000000e+02 3.600000000000000000000000000000e+01 4.665600000000000000000000000000e+04 6.900000000000000000000000000000e+01
1.410000000000000000000000000000e+02 3.600000000000000000000000000000e+01 4.665600000000000000000000000000e+04 7.000000000000000000000000000000e+01
1.430000000000000000000000000000e+02 2.320000000000000000000000000000e+02 1.248716800000000000000000000000e+07 7.100000000000000000000000000000e+01
1.450000000000000000000000000000e+02 1.500000000000000000000000000000e+01 3.375000000000000000000000000000e+03 7.200000000000000000000000000000e+01
1.470000000000000000000000000000e+02 5.700000000000000000000000000000e+01 1.851930000000000000000000000000e+05 7.300000000000000000000000000000e+01
1.540000000000000000000000000000e+02 5.400000000000000000000000000000e+01 1.574640000000000000000000000000e+05 7.400000000000000000000000000000e+01
1.560000000000000000000000000000e+02 5.600000000000000000000000000000e+01 1.756160000000000000000000000000e+05 7.500000000000000000000000000000e+01
1.580000000000000000000000000000e+02 2.310000000000000000000000000000e+02 1.232639100000000000000000000000e+07 7.600000000000000000000000000000e+01
1.590000000000000000000000000000e+02 2.670000000000000000000000000000e+02 1.903416300000000000000000000000e+07 7.700000000000000000000000000000e+01
1.610000000000000000000000000000e+02 1.670000000000000000000000000000e+02 4.657463000000000000000000000000e+06 7.800000000000000000000000000000e+01
1.670000000000000000000000000000e+02 3.800000000000000000000000000000e+01 5.487200000000000000000000000000e+04 7.900000000000000000000000000000e+01
1.680000000000000000000000000000e+02 4.570000000000000000000000000000e+02 9.544399300000000000000000000000e+07 8.000000000000000000000000000000e+01
1.690000000000000000000000000000e+02 3.600000000000000000000000000000e+01 4.665600000000000000000000000000e+04 8.100000000000000000000000000000e+01
1.700000000000000000000000000000e+02 1.000000000000000000000000000000e+02 1.000000000000000000000000000000e+06 8.200000000000000000000000000000e+01
1.710000000000000000000000000000e+02 1.900000000000000000000000000000e+01 6.859000000000000000000000000000e+03 8.300000000000000000000000000000e+01
1.730000000000000000000000000000e+02 7.400000000000000000000000000000e+01 4.052240000000000000000000000000e+05 8.400000000000000000000000000000e+01
1.760000000000000000000000000000e+02 1.060000000000000000000000000000e+02 1.191016000000000000000000000000e+06 8.500000000000000000000000000000e+01
1.780000000000000000000000000000e+02 1.200000000000000000000000000000e+01 1.728000000000000000000000000000e+03 8.600000000000000000000000000000e+01
1.800000000000000000000000000000e+02 2.600000000000000000000000000000e+01 1.757600000000000000000000000000e+04 8.700000000000000000000000000000e+01
1.810000000000000000000000000000e+02 3.590000000000000000000000000000e+02 4.626827900000000000000000000000e+07 8.800000000000000000000000000000e+01
1.820000000000000000000000000000e+02 3.330000000000000000000000000000e+02 3.692603700000000000000000000000e+07 8.900000000000000000000000000000e+01
1.850000000000000000000000000000e+02 2.800000000000000000000000000000e+01 2.195200000000000000000000000000e+04 9.000000000000000000000000000000e+01
1.890000000000000000000000000000e+02 1.200000000000000000000000000000e+01 1.728000000000000000000000000000e+03 9.100000000000000000000000000000e+01
1.920000000000000000000000000000e+02 4.400000000000000000000000000000e+01 8.518400000000000000000000000000e+04 9.200000000000000000000000000000e+01
1.950000000000000000000000000000e+02 5.000000000000000000000000000000e+00 1.250000000000000000000000000000e+02 9.300000000000000000000000000000e+01
2.000000000000000000000000000000e+02 4.040000000000000000000000000000e+02 6.593926400000000000000000000000e+07 9.400000000000000000000000000000e+01
2.010000000000000000000000000000e+02 4.700000000000000000000000000000e+01 1.038230000000000000000000000000e+05 9.500000000000000000000000000000e+01
2.020000000000000000000000000000e+02 1.000000000000000000000000000000e+01 1.000000000000000000000000000000e+03 9.600000000000000000000000000000e+01
2.030000000000000000000000000000e+02 2.200000000000000000000000000000e+02 1.064800000000000000000000000000e+07 9.700000000000000000000000000000e+01
2.040000000000000000000000000000e+02 2.500000000000000000000000000000e+01 1.562500000000000000000000000000e+04 9.800000000000000000000000000000e+01
2.060000000000000000000000000000e+02 4.000000000000000000000000000000e+00 6.400000000000000000000000000000e+01 9.900000000000000000000000000000e+01
