5.000000000000000000000000000000e+00 1.140000000000000000000000000000e+02 1.481544000000000000000000000000e+06 0.000000000000000000000000000000e+00
6.000000000000000000000000000000e+00 1.280000000000000000000000000000e+02 2.097152000000000000000000000000e+06 1.000000000000000000000000000000e+00
1.000000000000000000000000000000e+01 3.000000000000000000000000000000e+00 2.700000000000000000000000000000e+01 2.000000000000000000000000000000e+00
1.400000000000000000000000000000e+01 1.740000000000000000000000000000e+02 5.268024000000000000000000000000e+06 3.000000000000000000000000000000e+00
1.700000000000000000000000000000e+01 8.500000000000000000000000000000e+01 6.141250000000000000000000000000e+05 4.000000000000000000000000000000e+00
1.800000000000000000000000000000e+01 5.900000000000000000000000000000e+01 2.053790000000000000000000000000e+05 5.000000000000000000000000000000e+00
1.900000000000000000000000000000e+01 1.500000000000000000000000000000e+02 3.375000000000000000000000000000e+06 6.000000000000000000000000000000e+00
2.200000000000000000000000000000e+01 7.800000000000000000000000000000e+01 4.745520000000000000000000000000e+05 7.000000000000000000000000000000e+00
2.400000000000000000000000000000e+01 2.500000000000000000000000000000e+01 1.562500000000000000000000000000e+04 8.000000000000000000000000000000e+00
2.600000000000000000000000000000e+01 3.350000000000000000000000000000e+02 3.759537500000000000000000000000e+07 9.000000000000000000000000000000e+00
2.700000000000000000000000000000e+01 6.200000000000000000000000000000e+01 2.383280000000000000000000000000e+05 1.000000000000000000000000000000e+01
3.000000000000000000000000000000e+01 1.560000000000000000000000000000e+02 3.796416000000000000000000000000e+06 1.100000000000000000000000000000e+01
3.200000000000000000000000000000e+01 4.200000000000000000000000000000e+01 7.408800000000000000000000000000e+04 1.200000000000000000000000000000e+01
3.300000000000000000000000000000e+01 7.000000000000000000000000000000e+00 3.430000000000000000000000000000e+02 1.300000000000000000000000000000e+01
3.500000000000000000000000000000e+01 1.170000000000000000000000000000e+02 1.601613000000000000000000000000e+06 1.400000000000000000000000000000e+01
3.800000000000000000000000000000e+01 1.140000000000000000000000000000e+02 1.481544000000000000000000000000e+06 1.500000000000000000000000000000e+01
4.000000000000000000000000000000e+01 2.000000000000000000000000000000e+01 8.000000000000000000000000000000e+03 1.600000000000000000000000000000e+01
4.100000000000000000000000000000e+01 2.040000000000000000000000000000e+02 8.489664000000000000000000000000e+06 1.700000000000000000000000000000e+01
4.200000000000000000000000000000e+01 1.940000000000000000000000000000e+02 7.301384000000000000000000000000e+06 1.800000000000000000000000000000e+01
4.300000000000000000000000000000e+01 3.800000000000000000000000000000e+01 5.487200000000000000000000000000e+04 1.900000000000000000000000000000e+01
5.000000000000000000000000000000e+01 1.810000000000000000000000000000e+02 5.929741000000000000000000000000e+06 2.000000000000000000000000000000e+01
5.100000000000000000000000000000e+01 9.200000000000000000000000000000e+01 7.786880000000000000000000000000e+05 2.100000000000000000000000000000e+01
5.600000000000000000000000000000e+01 4.200000000000000000000000000000e+01 7.408800000000000000000000000000e+04 2.200000000000000000000000000000e+01
5.700000000000000000000000000000e+01 1.300000000000000000000000000000e+01 2.197000000000000000000000000000e+03 2.300000000000000000000000000000e+01
5.900000000000000000000000000000e+01 2.500000000000000000000000000000e+01 1.562500000000000000000000000000e+04 2.400000000000000000000000000000e+01
6.100000000000000000000000000000e+01 3.000000000000000000000000000000e+01 2.700000000000000000000000000000e+04 2.500000000000000000000000000000e+01
6.300000000000000000000000000000e+01 4.100000000000000000000000000000e+01 6.892100000000000000000000000000e+04 2.600000000000000000000000000000e+01
6.400000000000000000000000000000e+01 4.800000000000000000000000000000e+01 1.105920000000000000000000000000e+05 2.700000000000000000000000000000e+01
6.500000000000000000000000000000e+01 1.100000000000000000000000000000e+02 1.331000000000000000000000000000e+06 2.800000000000000000000000000000e+01
6.600000000000000000000000000000e+01 2.950000000000000000000000000000e+02 2.567237500000000000000000000000e+07 2.900000000000000000000000000000e+01
6.900000000000000000000000000000e+01 7.000000000000000000000000000000e+00 3.430000000000000000000000000000e+02 3.000000000000000000000000000000e+01
7.100000000000000000000000000000e+01 6.900000000000000000000000000000e+01 3.285090000000000000000000000000e+05 3.100000000000000000000000000000e+01
7.200000000000000000000000000000e+01 1.420000000000000000000000000000e+02 2.863288000000000000000000000000e+06 3.200000000000000000000000000000e+01
7.300000000000000000000000000000e+01 1.370000000000000000000000000000e+02 2.571353000000000000000000000000e+06 3.300000000000000000000000000000e+01
7.400000000000000000000000000000e+01 7.300000000000000000000000000000e+01 3.890170000000000000000000000000e+05 3.400000000000000000000000000000e+01
7.500000000000000000000000000000e+01 6.500000000000000000000000000000e+01 2.746250000000000000000000000000e+05 3.500000000000000000000000000000e+01
7.600000000000000000000000000000e+01 1.110000000000000000000000000000e+02 1.367631000000000000000000000000e+06 3.600000000000000000000000000000e+01
7.700000000000000000000000000000e+01 1.640000000000000000000000000000e+02 4.410944000000000000000000000000e+06 3.700000000000000000000000000000e+01
7.800000000000000000000000000000e+01 1.950000000000000000000000000000e+02 7.414875000000000000000000000000e+06 3.800000000000000000000000000000e+01
8.100000000000000000000000000000e+01 1.770000000000000000000000000000e+02 5.545233000000000000000000000000e+06 3.900000000000000000000000000000e+01
8.300000000000000000000000000000e+01 1.330000000000000000000000000000e+02 2.352637000000000000000000000000e+06 4.000000000000000000000000000000e+01
8.400000000000000000000000000000e+01 5.700000000000000000000000000000e+01 1.851930000000000000000000000000e+05 4.100000000000000000000000000000e+01
8.700000000000000000000000000000e+01 6.100000000000000000000000000000e+01 2.269810000000000000000000000000e+05 4.200000000000000000000000000000e+01
8.800000000000000000000000000000e+01 8.800000000000000000000000000000e+01 6.814720000000000000000000000000e+05 4.300000000000000000000000000000e+01
9.000000000000000000000000000000e+01 8.700000000000000000000000000000e+01 6.585030000000000000000000000000e+05 4.400000000000000000000000000000e+01
9.400000000000000000000000000000e+01 9.100000000000000000000000000000e+01 7.535710000000000000000000000000e+05 4.500000000000000000000000000000e+01
9.700000000000000000000000000000e+01 4.000000000000000000000000000000e+01 6.400000000000000000000000000000e+04 4.600000000000000000000000000000e+01
9.800000000000000000000000000000e+01 3.250000000000000000000000000000e+02 3.432812500000000000000000000000e+07 4.700000000000000000000000000000e+01
1.000000000000000000000000000000e+02 6.400000000000000000000000000000e+01 2.621440000000000000000000000000e+05 4.800000000000000000000000000000e+01
1.010000000000000000000000000000e+02 1.440000000000000000000000000000e+02 2.985984000000000000000000000000e+06 4.900000000000000000000000000000e+01
1.050000000000000000000000000000e+02 4.100000000000000000000000000000e+01 6.892100000000000000000000000000e+04 5.000000000000000000000000000000e+01
1.070000000000000000000000000000e+02 1.400000000000000000000000000000e+02 2.744000000000000000000000000000e+06 5.100000000000000000000000000000e+01
1.080000000000000000000000000000e+02 3.010000000000000000000000000000e+02 2.727090100000000000000000000000e+07 5.200000000000000000000000000000e+01
1.170000000000000000000000000000e+02 7.100000000000000000000000000000e+01 3.579110000000000000000000000000e+05 5.300000000000000000000000000000e+01
1.190000000000000000000000000000e+02 8.600000000000000000000000000000e+01 6.360560000000000000000000000000e+05 5.400000000000000000000000000000e+01
1.200000000000000000000000000000e+02 1.800000000000000000000000000000e+01 5.832000000000000000000000000000e+03 5.500000000000000000000000000000e+01
1.210000000000000000000000000000e+02 5.500000000000000000000000000000e+01 1.663750000000000000000000000000e+05 5.600000000000000000000000000000e+01
1.240000000000000000000000000000e+02 5.800000000000000000000000000000e+01 1.951120000000000000000000000000e+05 5.700000000000000000000000000000e+01
1.250000000000000000000000000000e+02 2.900000000000000000000000000000e+01 2.438900000000000000000000000000e+04 5.800000000000000000000000000000e+01
1.260000000000000000000000000000e+02 9.000000000000000000000000000000e+00 7.290000000000000000000000000000e+02 5.900000000000000000000000000000e+01
1.290000000000000000000000000000e+02 3.770000000000000000000000000000e+02 5.358263300000000000000000000000e+07 6.000000000000000000000000000000e+01
1.340000000000000000000000000000e+02 5.900000000000000000000000000000e+01 2.053790000000000000000000000000e+05 6.100000000000000000000000000000e+01
1.350000000000000000000000000000e+02 1.230000000000000000000000000000e+02 1.860867000000000000000000000000e+06 6.200000000000000000000000000000e+01
1.390000000000000000000000000000e+02 1.750000000000000000000000000000e+02 5.359375000000000000000000000000e+06 6.300000000000000000000000000000e+01
1.450000000000000000000000000000e+02 8.000000000000000000000000000000e+00 5.120000000000000000000000000000e+02 6.400000000000000000000000000000e+01
1.500000000000000000000000000000e+02 1.080000000000000000000000000000e+02 1.259712000000000000000000000000e+06 6.500000000000000000000000000000e+01
1.520000000000000000000000000000e+02 2.730000000000000000000000000000e+02 2.034641700000000000000000000000e+07 6.600000000000000000000000000000e+01
1.540000000000000000000000000000e+02 9.000000000000000000000000000000e+01 7.290000000000000000000000000000e+05 6.700000000000000000000000000000e+01
1.550000000000000000000000000000e+02 5.200000000000000000000000000000e+01 1.406080000000000000000000000000e+05 6.800000000000000000000000000000e+01
1.610000000000000000000000000000e+02 1.420000000000000000000000000000e+02 2.863288000000000000000000000000e+06 6.900000000000000000000000000000e+01
1.640000000000000000000000000000e+02 4.230000000000000000000000000000e+02 7.568696700000000000000000000000e+07 7.000000000000000000000000000000e+01
1.690000000000000000000000000000e+02 1.590000000000000000000000000000e+02 4.019679000000000000000000000000e+06 7.100000000000000000000000000000e+01
1.700000000000000000000000000000e+02 8.000000000000000000000000000000e+01 5.120000000000000000000000000000e+05 7.200000000000000000000000000000e+01
1.720000000000000000000000000000e+02 6.500000000000000000000000000000e+01 2.746250000000000000000000000000e+05 7.300000000000000000000000000000e+01
1.730000000000000000000000000000e+02 3.360000000000000000000000000000e+02 3.793305600000000000000000000000e+07 7.400000000000000000000000000000e+01
1.760000000000000000000000000000e+02 2.400000000000000000000000000000e+01 1.382400000000000000000000000000e+04 7.500000000000000000000000000000e+01
1.800000000000000000000000000000e+02 4.700000000000000000000000000000e+01 1.038230000000000000000000000000e+05 7.600000000000000000000000000000e+01
1.820000000000000000000000000000e+02 2.030000000000000000000000000000e+02 8.365427000000000000000000000000e+06 7.700000000000000000000000000000e+01
1.850000000000000000000000000000e+02 3.110000000000000000000000000000e+02 3.008023100000000000000000000000e+07 7.800000000000000000000000000000e+01
1.890000000000000000000000000000e+02 1.310000000000000000000000000000e+02 2.248091000000000000000000000000e+06 7.900000000000000000000000000000e+01
1.900000000000000000000000000000e+02 8.100000000000000000000000000000e+01 5.314410000000000000000000000000e+05 8.000000000000000000000000000000e+01
1.910000000000000000000000000000e+02 8.100000000000000000000000000000e+01 5.314410000000000000000000000000e+05 8.100000000000000000000000000000e+01
1.930000000000000000000000000000e+02 3.500000000000000000000000000000e+01 4.287500000000000000000000000000e+04 8.200000000000000000000000000000e+01
1.950000000000000000000000000000e+02 6.500000000000000000000000000000e+01 2.746250000000000000000000000000e+05 8.300000000000000000000000000000e+01
1.960000000000000000000000000000e+02 1.900000000000000000000000000000e+01 6.859000000000000000000000000000e+03 8.400000000000000000000000000000e+01
1.990000000000000000000000000000e+02 2.170000000000000000000000000000e+02 1.021831300000000000000000000000e+07 8.500000000000000000000000000000e+01
2.010000000000000000000000000000e+02 7.900000000000000000000000000000e+01 4.930390000000000000000000000000e+05 8.600000000000000000000000000000e+01
2.030000000000000000000000000000e+02 6.200000000000000000000000000000e+01 2.383280000000000000000000000000e+05 8.700000000000000000000000000000e+01
2.050000000000000000000000000000e+02 2.400000000000000000000000000000e+01 1.382400000000000000000000000000e+04 8.800000000000000000000000000000e+01
2.100000000000000000000000000000e+02 7.600000000000000000000000000000e+01 4.389760000000000000000000000000e+05 8.900000000000000000000000000000e+01
2.130000000000000000000000000000e+02 5.200000000000000000000000000000e+01 1.406080000000000000000000000000e+05 9.000000000000000000000000000000e+01
2.150000000000000000000000000000e+02 2.810000000000000000000000000000e+02 2.218804100000000000000000000000e+07 9.100000000000000000000000000000e+01
2.200000000000000000000000000000e+02 4.000000000000000000000000000000e+00 6.400000000000000000000000000000e+01 9.200000000000000000000000000000e+01
2.210000000000000000000000000000e+02 2.800000000000000000000000000000e+01 2.195200000000000000000000000000e+04 9.300000000000000000000000000000e+01
2.220000000000000000000000000000e+02 4.100000000000000000000000000000e+01 6.892100000000000000000000000000e+04 9.400000000000000000000000000000e+01
2.230000000000000000000000000000e+02 2.730000000000000000000000000000e+02 2.034641700000000000000000000000e+07 9.500000000000000000000000000000e+01
2.240000000000000000000000000000e+02 9.000000000000000000000000000000e+01 7.290000000000000000000000000000e+05 9.600000000000000000000000000000e+01
2.260000000000000000000000000000e+02 5.100000000000000000000000000000e+01 1.326510000000000000000000000000e+05 9.700000000000000000000000000000e+01
2.300000000000000000000000000000e+02 2.260000000000000000000000000000e+02 1.154317600000000000000000000000e+07 9.800000000000000000000000000000e+01
2.320000000000000000000000000000e+02 4.600000000000000000000000000000e+01 9.733600000000000000000000000000e+04 9.900000000000000000000000000000e+01
