2.000000000000000000000000000000e+00 2.150000000000000000000000000000e+02 9.938375000000000000000000000000e+06 0.000000000000000000000000000000e+00
4.000000000000000000000000000000e+00 1.410000000000000000000000000000e+02 2.803221000000000000000000000000e+06 1.000000000000000000000000000000e+00
6.000000000000000000000000000000e+00 1.180000000000000000000000000000e+02 1.643032000000000000000000000000e+06 2.000000000000000000000000000000e+00
1.100000000000000000000000000000e+01 1.170000000000000000000000000000e+02 1.601613000000000000000000000000e+06 3.000000000000000000000000000000e+00
1.200000000000000000000000000000e+01 1.240000000000000000000000000000e+02 1.906624000000000000000000000000e+06 4.000000000000000000000000000000e+00
1.500000000000000000000000000000e+01 4.000000000000000000000000000000e+00 6.400000000000000000000000000000e+01 5.000000000000000000000000000000e+00
1.600000000000000000000000000000e+01 9.000000000000000000000000000000e+00 7.290000000000000000000000000000e+02 6.000000000000000000000000000000e+00
1.800000000000000000000000000000e+01 9.000000000000000000000000000000e+00 7.290000000000000000000000000000e+02 7.000000000000000000000000000000e+00
1.900000000000000000000000000000e+01 2.310000000000000000000000000000e+02 1.232639100000000000000000000000e+07 8.000000000000000000000000000000e+00
2.100000000000000000000000000000e+01 3.800000000000000000000000000000e+01 5.487200000000000000000000000000e+04 9.000000000000000000000000000000e+00
2.300000000000000000000000000000e+01 3.000000000000000000000000000000e+01 2.700000000000000000000000000000e+04 1.000000000000000000000000000000e+01
2.700000000000000000000000000000e+01 1.170000000000000000000000000000e+02 1.601613000000000000000000000000e+06 1.100000000000000000000000000000e+01
2.800000000000000000000000000000e+01 1.220000000000000000000000000000e+02 1.815848000000000000000000000000e+06 1.200000000000000000000000000000e+01
2.900000000000000000000000000000e+01 1.750000000000000000000000000000e+02 5.359375000000000000000000000000e+06 1.300000000000000000000000000000e+01
3.000000000000000000000000000000e+01 4.850000000000000000000000000000e+02 1.140841250000000000000000000000e+08 1.400000000000000000000000000000e+01
3.200000000000000000000000000000e+01 1.620000000000000000000000000000e+02 4.251528000000000000000000000000e+06 1.500000000000000000000000000000e+01
3.300000000000000000000000000000e+01 5.700000000000000000000000000000e+01 1.851930000000000000000000000000e+05 1.600000000000000000000000000000e+01
3.500000000000000000000000000000e+01 2.400000000000000000000000000000e+01 1.382400000000000000000000000000e+04 1.700000000000000000000000000000e+01
3.600000000000000000000000000000e+01 2.800000000000000000000000000000e+01 2.195200000000000000000000000000e+04 1.800000000000000000000000000000e+01
3.800000000000000000000000000000e+01 6.400000000000000000000000000000e+01 2.621440000000000000000000000000e+05 1.900000000000000000000000000000e+01
3.900000000000000000000000000000e+01 9.600000000000000000000000000000e+01 8.847360000000000000000000000000e+05 2.000000000000000000000000000000e+01
4.000000000000000000000000000000e+01 9.700000000000000000000000000000e+01 9.126730000000000000000000000000e+05 2.100000000000000000000000000000e+01
4.100000000000000000000000000000e+01 8.800000000000000000000000000000e+01 6.814720000000000000000000000000e+05 2.200000000000000000000000000000e+01
4.300000000000000000000000000000e+01 2.700000000000000000000000000000e+01 1.968300000000000000000000000000e+04 2.300000000000000000000000000000e+01
4.500000000000000000000000000000e+01 1.200000000000000000000000000000e+02 1.728000000000000000000000000000e+06 2.400000000000000000000000000000e+01
4.800000000000000000000000000000e+01 1.340000000000000000000000000000e+02 2.406104000000000000000000000000e+06 2.500000000000000000000000000000e+01
4.900000000000000000000000000000e+01 5.200000000000000000000000000000e+01 1.406080000000000000000000000000e+05 2.600000000000000000000000000000e+01
5.200000000000000000000000000000e+01 8.700000000000000000000000000000e+01 6.585030000000000000000000000000e+05 2.700000000000000000000000000000e+01
5.700000000000000000000000000000e+01 5.300000000000000000000000000000e+01 1.488770000000000000000000000000e+05 2.800000000000000000000000000000e+01
5.800000000000000000000000000000e+01 4.900000000000000000000000000000e+01 1.176490000000000000000000000000e+05 2.900000000000000000000000000000e+01
6.000000000000000000000000000000e+01 3.300000000000000000000000000000e+01 3.593700000000000000000000000000e+04 3.000000000000000000000000000000e+01
6.100000000000000000000000000000e+01 6.500000000000000000000000000000e+01 2.746250000000000000000000000000e+05 3.100000000000000000000000000000e+01
6.200000000000000000000000000000e+01 2.390000000000000000000000000000e+02 1.365191900000000000000000000000e+07 3.200000000000000000000000000000e+01
6.800000000000000000000000000000e+01 6.000000000000000000000000000000e+00 2.160000000000000000000000000000e+02 3.300000000000000000000000000000e+01
6.900000000000000000000000000000e+01 6.400000000000000000000000000000e+01 2.621440000000000000000000000000e+05 3.400000000000000000000000000000e+01
7.200000000000000000000000000000e+01 4.600000000000000000000000000000e+01 9.733600000000000000000000000000e+04 3.500000000000000000000000000000e+01
7.400000000000000000000000000000e+01 1.150000000000000000000000000000e+02 1.520875000000000000000000000000e+06 3.600000000000000000000000000000e+01
7.700000000000000000000000000000e+01 1.730000000000000000000000000000e+02 5.177717000000000000000000000000e+06 3.700000000000000000000000000000e+01
7.900000000000000000000000000000e+01 7.000000000000000000000000000000e+00 3.430000000000000000000000000000e+02 3.800000000000000000000000000000e+01
8.000000000000000000000000000000e+01 1.580000000000000000000000000000e+02 3.944312000000000000000000000000e+06 3.900000000000000000000000000000e+01
8.100000000000000000000000000000e+01 6.400000000000000000000000000000e+01 2.621440000000000000000000000000e+05 4.000000000000000000000000000000e+01
8.300000000000000000000000000000e+01 1.180000000000000000000000000000e+02 1.643032000000000000000000000000e+06 4.100000000000000000000000000000e+01
8.400000000000000000000000000000e+01 1.100000000000000000000000000000e+01 1.331000000000000000000000000000e+03 4.200000000000000000000000000000e+01
8.600000000000000000000000000000e+01 3.060000000000000000000000000000e+02 2.865261600000000000000000000000e+07 4.300000000000000000000000000000e+01
8.700000000000000000000000000000e+01 2.030000000000000000000000000000e+02 8.365427000000000000000000000000e+06 4.400000000000000000000000000000e+01
8.800000000000000000000000000000e+01 1.550000000000000000000000000000e+02 3.723875000000000000000000000000e+06 4.500000000000000000000000000000e+01
9.200000000000000000000000000000e+01 8.000000000000000000000000000000e+00 5.120000000000000000000000000000e+02 4.600000000000000000000000000000e+01
9.700000000000000000000000000000e+01 4.000000000000000000000000000000e+00 6.400000000000000000000000000000e+01 4.700000000000000000000000000000e+01
9.800000000000000000000000000000e+01 4.100000000000000000000000000000e+01 6.892100000000000000000000000000e+04 4.800000000000000000000000000000e+01
1.000000000000000000000000000000e+02 9.000000000000000000000000000000e+00 7.290000000000000000000000000000e+02 4.900000000000000000000000000000e+01
1.010000000000000000000000000000e+02 4.800000000000000000000000000000e+01 1.105920000000000000000000000000e+05 5.000000000000000000000000000000e+01
1.070000000000000000000000000000e+02 2.700000000000000000000000000000e+01 1.968300000000000000000000000000e+04 5.100000000000000000000000000000e+01
1.080000000000000000000000000000e+02 9.000000000000000000000000000000e+00 7.290000000000000000000000000000e+02 5.200000000000000000000000000000e+01
1.090000000000000000000000000000e+02 4.300000000000000000000000000000e+01 7.950700000000000000000000000000e+04 5.300000000000000000000000000000e+01
1.120000000000000000000000000000e+02 4.000000000000000000000000000000e+01 6.400000000000000000000000000000e+04 5.400000000000000000000000000000e+01
1.160000000000000000000000000000e+02 5.390000000000000000000000000000e+02 1.565908190000000000000000000000e+08 5.500000000000000000000000000000e+01
1.170000000000000000000000000000e+02 3.000000000000000000000000000000e+00 2.700000000000000000000000000000e+01 5.600000000000000000000000000000e+01
1.190000000000000000000000000000e+02 9.100000000000000000000000000000e+01 7.535710000000000000000000000000e+05 5.700000000000000000000000000000e+01
1.200000000000000000000000000000e+02 2.700000000000000000000000000000e+01 1.968300000000000000000000000000e+04 5.800000000000000000000000000000e+01
1.210000000000000000000000000000e+02 1.240000000000000000000000000000e+02 1.906624000000000000000000000000e+06 5.900000000000000000000000000000e+01
1.220000000000000000000000000000e+02 7.200000000000000000000000000000e+01 3.732480000000000000000000000000e+05 6.000000000000000000000000000000e+01
1.240000000000000000000000000000e+02 1.300000000000000000000000000000e+01 2.197000000000000000000000000000e+03 6.100000000000000000000000000000e+01
1.270000000000000000000000000000e+02 4.900000000000000000000000000000e+01 1.176490000000000000000000000000e+05 6.200000000000000000000000000000e+01
1.280000000000000000000000000000e+02 1.900000000000000000000000000000e+01 6.859000000000000000000000000000e+03 6.300000000000000000000000000000e+01
1.320000000000000000000000000000e+02 2.400000000000000000000000000000e+01 1.382400000000000000000000000000e+04 6.400000000000000000000000000000e+01
1.330000000000000000000000000000e+02 6.300000000000000000000000000000e+01 2.500470000000000000000000000000e+05 6.500000000000000000000000000000e+01
1.360000000000000000000000000000e+02 2.620000000000000000000000000000e+02 1.798472800000000000000000000000e+07 6.600000000000000000000000000000e+01
1.370000000000000000000000000000e+02 1.700000000000000000000000000000e+01 4.913000000000000000000000000000e+03 6.700000000000000000000000000000e+01
1.390000000000000000000000000000e+02 1.140000000000000000000000000000e+02 1.481544000000000000000000000000e+06 6.800000000000000000000000000000e+01
1.400000000000000000000000000000e+02 9.000000000000000000000000000000e+01 7.290000000000000000000000000000e+05 6.900000000000000000000000000000e+01
1.430000000000000000000000000000e+02 8.700000000000000000000000000000e+01 6.585030000000000000000000000000e+05 7.000000000000000000000000000000e+01
1.480000000000000000000000000000e+02 1.240000000000000000000000000000e+02 1.906624000000000000000000000000e+06 7.100000000000000000000000000000e+01
1.490000000000000000000000000000e+02 1.300000000000000000000000000000e+02 2.197000000000000000000000000000e+06 7.200000000000000000000000000000e+01
1.510000000000000000000000000000e+02 4.300000000000000000000000000000e+02 7.950700000000000000000000000000e+07 7.300000000000000000000000000000e+01
1.550000000000000000000000000000e+02 1.490000000000000000000000000000e+02 3.307949000000000000000000000000e+06 7.400000000000000000000000000000e+01
1.590000000000000000000000000000e+02 1.520000000000000000000000000000e+02 3.511808000000000000000000000000e+06 7.500000000000000000000000000000e+01
1.620000000000000000000000000000e+02 9.000000000000000000000000000000e+00 7.290000000000000000000000000000e+02 7.600000000000000000000000000000e+01
1.640000000000000000000000000000e+02 1.680000000000000000000000000000e+02 4.741632000000000000000000000000e+06 7.700000000000000000000000000000e+01
1.650000000000000000000000000000e+02 8.000000000000000000000000000000e+01 5.120000000000000000000000000000e+05 7.800000000000000000000000000000e+01
1.680000000000000000000000000000e+02 4.080000000000000000000000000000e+02 6.791731200000000000000000000000e+07 7.900000000000000000000000000000e+01
1.700000000000000000000000000000e+02 1.700000000000000000000000000000e+02 4.913000000000000000000000000000e+06 8.000000000000000000000000000000e+01
1.710000000000000000000000000000e+02 4.500000000000000000000000000000e+01 9.112500000000000000000000000000e+04 8.100000000000000000000000000000e+01
1.740000000000000000000000000000e+02 9.400000000000000000000000000000e+01 8.305840000000000000000000000000e+05 8.200000000000000000000000000000e+01
1.750000000000000000000000000000e+02 4.000000000000000000000000000000e+00 6.400000000000000000000000000000e+01 8.300000000000000000000000000000e+01
1.770000000000000000000000000000e+02 1.600000000000000000000000000000e+01 4.096000000000000000000000000000e+03 8.400000000000000000000000000000e+01
1.810000000000000000000000000000e+02 1.500000000000000000000000000000e+01 3.375000000000000000000000000000e+03 8.500000000000000000000000000000e+01
1.820000000000000000000000000000e+02 1.120000000000000000000000000000e+02 1.404928000000000000000000000000e+06 8.600000000000000000000000000000e+01
1.840000000000000000000000000000e+02 1.780000000000000000000000000000e+02 5.639752000000000000000000000000e+06 8.700000000000000000000000000000e+01
1.850000000000000000000000000000e+02 2.790000000000000000000000000000e+02 2.171763900000000000000000000000e+07 8.800000000000000000000000000000e+01
1.860000000000000000000000000000e+02 3.680000000000000000000000000000e+02 4.983603200000000000000000000000e+07 8.900000000000000000000000000000e+01
1.880000000000000000000000000000e+02 1.800000000000000000000000000000e+01 5.832000000000000000000000000000e+03 9.000000000000000000000000000000e+01
1.890000000000000000000000000000e+02 3.330000000000000000000000000000e+02 3.692603700000000000000000000000e+07 9.100000000000000000000000000000e+01
1.900000000000000000000000000000e+02 1.000000000000000000000000000000e+00 1.000000000000000000000000000000e+00 9.200000000000000000000000000000e+01
1.910000000000000000000000000000e+02 3.540000000000000000000000000000e+02 4.436186400000000000000000000000e+07 9.300000000000000000000000000000e+01
1.920000000000000000000000000000e+02 1.090000000000000000000000000000e+02 1.295029000000000000000000000000e+06 9.400000000000000000000000000000e+01
1.930000000000000000000000000000e+02 2.300000000000000000000000000000e+01 1.216700000000000000000000000000e+04 9.500000000000000000000000000000e+01
1.950000000000000000000000000000e+02 1.040000000000000000000000000000e+02 1.124864000000000000000000000000e+06 9.600000000000000000000000000000e+01
1.970000000000000000000000000000e+02 8.800000000000000000000000000000e+01 6.814720000000000000000000000000e+05 9.700000000000000000000000000000e+01
2.010000000000000000000000000000e+02 1.900000000000000000000000000000e+01 6.859000000000000000000000000000e+03 9.800000000000000000000000000000e+01
2.020000000000000000000000000000e+02 1.970000000000000000000000000000e+02 7.645373000000000000000000000000e+06 9.900000000000000000000000000000e+01
