0.000000000000000000000000000000e+00 1.890000000000000000000000000000e+02 6.751269000000000000000000000000e+06 0.000000000000000000000000000000e+00
4.000000000000000000000000000000e+00 1.330000000000000000000000000000e+02 2.352637000000000000000000000000e+06 1.000000000000000000000000000000e+00
6.000000000000000000000000000000e+00 2.600000000000000000000000000000e+01 1.757600000000000000000000000000e+04 2.000000000000000000000000000000e+00
1.100000000000000000000000000000e+01 1.200000000000000000000000000000e+01 1.728000000000000000000000000000e+03 3.000000000000000000000000000000e+00
1.300000000000000000000000000000e+01 1.340000000000000000000000000000e+02 2.406104000000000000000000000000e+06 4.000000000000000000000000000000e+00
1.800000000000000000000000000000e+01 1.730000000000000000000000000000e+02 5.177717000000000000000000000000e+06 5.000000000000000000000000000000e+00
1.900000000000000000000000000000e+01 1.070000000000000000000000000000e+02 1.225043000000000000000000000000e+06 6.000000000000000000000000000000e+00
2.100000000000000000000000000000e+01 1.400000000000000000000000000000e+01 2.744000000000000000000000000000e+03 7.000000000000000000000000000000e+00
2.500000000000000000000000000000e+01 6.400000000000000000000000000000e+01 2.621440000000000000000000000000e+05 8.000000000000000000000000000000e+00
2.800000000000000000000000000000e+01 2.950000000000000000000000000000e+02 2.567237500000000000000000000000e+07 9.000000000000000000000000000000e+00
2.900000000000000000000000000000e+01 5.000000000000000000000000000000e+00 1.250000000000000000000000000000e+02 1.000000000000000000000000000000e+01
3.100000000000000000000000000000e+01 2.820000000000000000000000000000e+02 2.242576800000000000000000000000e+07 1.100000000000000000000000000000e+01
3.300000000000000000000000000000e+01 5.000000000000000000000000000000e+00 1.250000000000000000000000000000e+02 1.200000000000000000000000000000e+01
3.500000000000000000000000000000e+01 1.620000000000000000000000000000e+02 4.251528000000000000000000000000e+06 1.300000000000000000000000000000e+01
3.600000000000000000000000000000e+01 8.000000000000000000000000000000e+00 5.120000000000000000000000000000e+02 1.400000000000000000000000000000e+01
3.700000000000000000000000000000e+01 2.600000000000000000000000000000e+01 1.757600000000000000000000000000e+04 1.500000000000000000000000000000e+01
3.800000000000000000000000000000e+01 1.000000000000000000000000000000e+00 1.000000000000000000000000000000e+00 1.600000000000000000000000000000e+01
3.900000000000000000000000000000e+01 1.400000000000000000000000000000e+01 2.744000000000000000000000000000e+03 1.700000000000000000000000000000e+01
4.100000000000000000000000000000e+01 7.400000000000000000000000000000e+01 4.052240000000000000000000000000e+05 1.800000000000000000000000000000e+01
4.200000000000000000000000000000e+01 3.300000000000000000000000000000e+01 3.593700000000000000000000000000e+04 1.900000000000000000000000000000e+01
4.300000000000000000000000000000e+01 5.300000000000000000000000000000e+01 1.488770000000000000000000000000e+05 2.000000000000000000000000000000e+01
4.400000000000000000000000000000e+01 1.650000000000000000000000000000e+02 4.492125000000000000000000000000e+06 2.100000000000000000000000000000e+01
4.600000000000000000000000000000e+01 1.240000000000000000000000000000e+02 1.906624000000000000000000000000e+06 2.200000000000000000000000000000e+01
4.700000000000000000000000000000e+01 1.160000000000000000000000000000e+02 1.560896000000000000000000000000e+06 2.300000000000000000000000000000e+01
4.800000000000000000000000000000e+01 6.800000000000000000000000000000e+01 3.144320000000000000000000000000e+05 2.400000000000000000000000000000e+01
4.900000000000000000000000000000e+01 3.500000000000000000000000000000e+01 4.287500000000000000000000000000e+04 2.500000000000000000000000000000e+01
5.000000000000000000000000000000e+01 5.600000000000000000000000000000e+01 1.756160000000000000000000000000e+05 2.600000000000000000000000000000e+01
5.100000000000000000000000000000e+01 5.100000000000000000000000000000e+01 1.326510000000000000000000000000e+05 2.700000000000000000000000000000e+01
5.200000000000000000000000000000e+01 5.600000000000000000000000000000e+01 1.756160000000000000000000000000e+05 2.800000000000000000000000000000e+01
5.500000000000000000000000000000e+01 1.900000000000000000000000000000e+01 6.859000000000000000000000000000e+03 2.900000000000000000000000000000e+01
5.800000000000000000000000000000e+01 2.800000000000000000000000000000e+01 2.195200000000000000000000000000e+04 3.000000000000000000000000000000e+01
5.900000000000000000000000000000e+01 1.880000000000000000000000000000e+02 6.644672000000000000000000000000e+06 3.100000000000000000000000000000e+01
6.000000000000000000000000000000e+01 1.800000000000000000000000000000e+01 5.832000000000000000000000000000e+03 3.200000000000000000000000000000e+01
6.600000000000000000000000000000e+01 2.400000000000000000000000000000e+01 1.382400000000000000000000000000e+04 3.300000000000000000000000000000e+01
7.000000000000000000000000000000e+01 4.200000000000000000000000000000e+01 7.408800000000000000000000000000e+04 3.400000000000000000000000000000e+01
7.100000000000000000000000000000e+01 2.900000000000000000000000000000e+01 2.438900000000000000000000000000e+04 3.500000000000000000000000000000e+01
7.400000000000000000000000000000e+01 1.470000000000000000000000000000e+02 3.176523000000000000000000000000e+06 3.600000000000000000000000000000e+01
7.800000000000000000000000000000e+01 2.340000000000000000000000000000e+02 1.281290400000000000000000000000e+07 3.700000000000000000000000000000e+01
8.200000000000000000000000000000e+01 1.970000000000000000000000000000e+02 7.645373000000000000000000000000e+06 3.800000000000000000000000000000e+01
8.300000000000000000000000000000e+01 4.300000000000000000000000000000e+01 7.950700000000000000000000000000e+04 3.900000000000000000000000000000e+01
8.400000000000000000000000000000e+01 6.100000000000000000000000000000e+01 2.269810000000000000000000000000e+05 4.000000000000000000000000000000e+01
8.900000000000000000000000000000e+01 2.290000000000000000000000000000e+02 1.200898900000000000000000000000e+07 4.100000000000000000000000000000e+01
9.100000000000000000000000000000e+01 1.870000000000000000000000000000e+02 6.539203000000000000000000000000e+06 4.200000000000000000000000000000e+01
9.200000000000000000000000000000e+01 1.490000000000000000000000000000e+02 3.307949000000000000000000000000e+06 4.300000000000000000000000000000e+01
9.300000000000000000000000000000e+01 2.620000000000000000000000000000e+02 1.798472800000000000000000000000e+07 4.400000000000000000000000000000e+01
9.400000000000000000000000000000e+01 7.600000000000000000000000000000e+01 4.389760000000000000000000000000e+05 4.500000000000000000000000000000e+01
9.600000000000000000000000000000e+01 2.800000000000000000000000000000e+01 2.195200000000000000000000000000e+04 4.600000000000000000000000000000e+01
9.700000000000000000000000000000e+01 7.000000000000000000000000000000e+01 3.430000000000000000000000000000e+05 4.700000000000000000000000000000e+01
9.800000000000000000000000000000e+01 1.600000000000000000000000000000e+01 4.096000000000000000000000000000e+03 4.800000000000000000000000000000e+01
1.000000000000000000000000000000e+02 1.700000000000000000000000000000e+02 4.913000000000000000000000000000e+06 4.900000000000000000000000000000e+01
1.020000000000000000000000000000e+02 3.800000000000000000000000000000e+01 5.487200000000000000000000000000e+04 5.000000000000000000000000000000e+01
1.040000000000000000000000000000e+02 2.000000000000000000000000000000e+01 8.000000000000000000000000000000e+03 5.100000000000000000000000000000e+01
1.080000000000000000000000000000e+02 2.700000000000000000000000000000e+01 1.968300000000000000000000000000e+04 5.200000000000000000000000000000e+01
1.090000000000000000000000000000e+02 1.090000000000000000000000000000e+02 1.295029000000000000000000000000e+06 5.300000000000000000000000000000e+01
1.100000000000000000000000000000e+02 1.070000000000000000000000000000e+02 1.225043000000000000000000000000e+06 5.400000000000000000000000000000e+01
1.130000000000000000000000000000e+02 2.100000000000000000000000000000e+01 9.261000000000000000000000000000e+03 5.500000000000000000000000000000e+01
1.160000000000000000000000000000e+02 8.200000000000000000000000000000e+01 5.513680000000000000000000000000e+05 5.600000000000000000000000000000e+01
1.170000000000000000000000000000e+02 1.600000000000000000000000000000e+01 4.096000000000000000000000000000e+03 5.700000000000000000000000000000e+01
1.190000000000000000000000000000e+02 7.700000000000000000000000000000e+01 4.565330000000000000000000000000e+05 5.800000000000000000000000000000e+01
1.200000000000000000000000000000e+02 2.350000000000000000000000000000e+02 1.297787500000000000000000000000e+07 5.900000000000000000000000000000e+01
1.210000000000000000000000000000e+02 3.350000000000000000000000000000e+02 3.759537500000000000000000000000e+07 6.000000000000000000000000000000e+01
1.230000000000000000000000000000e+02 2.520000000000000000000000000000e+02 1.600300800000000000000000000000e+07 6.100000000000000000000000000000e+01
1.250000000000000000000000000000e+02 1.120000000000000000000000000000e+02 1.404928000000000000000000000000e+06 6.200000000000000000000000000000e+01
1.260000000000000000000000000000e+02 2.300000000000000000000000000000e+01 1.216700000000000000000000000000e+04 6.300000000000000000000000000000e+01
1.270000000000000000000000000000e+02 4.500000000000000000000000000000e+01 9.112500000000000000000000000000e+04 6.400000000000000000000000000000e+01
1.300000000000000000000000000000e+02 2.100000000000000000000000000000e+01 9.261000000000000000000000000000e+03 6.500000000000000000000000000000e+01
1.310000000000000000000000000000e+02 1.510000000000000000000000000000e+02 3.442951000000000000000000000000e+06 6.600000000000000000000000000000e+01
1.320000000000000000000000000000e+02 3.920000000000000000000000000000e+02 6.023628800000000000000000000000e+07 6.700000000000000000000000000000e+01
1.330000000000000000000000000000e+02 4.100000000000000000000000000000e+01 6.892100000000000000000000000000e+04 6.800000000000000000000000000000e+01
1.340000000000000000000000000000e+02 1.010000000000000000000000000000e+02 1.030301000000000000000000000000e+06 6.900000000000000000000000000000e+01
1.350000000000000000000000000000e+02 1.050000000000000000000000000000e+02 1.157625000000000000000000000000e+06 7.000000000000000000000000000000e+01
1.360000000000000000000000000000e+02 3.050000000000000000000000000000e+02 2.837262500000000000000000000000e+07 7.100000000000000000000000000000e+01
1.370000000000000000000000000000e+02 1.800000000000000000000000000000e+02 5.832000000000000000000000000000e+06 7.200000000000000000000000000000e+01
1.380000000000000000000000000000e+02 4.700000000000000000000000000000e+01 1.038230000000000000000000000000e+05 7.300000000000000000000000000000e+01
1.390000000000000000000000000000e+02 1.210000000000000000000000000000e+02 1.771561000000000000000000000000e+06 7.400000000000000000000000000000e+01
1.430000000000000000000000000000e+02 6.000000000000000000000000000000e+00 2.160000000000000000000000000000e+02 7.500000000000000000000000000000e+01
1.440000000000000000000000000000e+02 1.800000000000000000000000000000e+02 5.832000000000000000000000000000e+06 7.600000000000000000000000000000e+01
1.490000000000000000000000000000e+02 4.200000000000000000000000000000e+01 7.408800000000000000000000000000e+04 7.700000000000000000000000000000e+01
1.500000000000000000000000000000e+02 2.600000000000000000000000000000e+01 1.757600000000000000000000000000e+04 7.800000000000000000000000000000e+01
1.520000000000000000000000000000e+02 1.840000000000000000000000000000e+02 6.229504000000000000000000000000e+06 7.900000000000000000000000000000e+01
1.530000000000000000000000000000e+02 6.800000000000000000000000000000e+01 3.144320000000000000000000000000e+05 8.000000000000000000000000000000e+01
1.540000000000000000000000000000e+02 6.000000000000000000000000000000e+00 2.160000000000000000000000000000e+02 8.100000000000000000000000000000e+01
1.550000000000000000000000000000e+02 1.100000000000000000000000000000e+01 1.331000000000000000000000000000e+03 8.200000000000000000000000000000e+01
1.580000000000000000000000000000e+02 4.700000000000000000000000000000e+01 1.038230000000000000000000000000e+05 8.300000000000000000000000000000e+01
1.600000000000000000000000000000e+02 4.100000000000000000000000000000e+01 6.892100000000000000000000000000e+04 8.400000000000000000000000000000e+01
1.610000000000000000000000000000e+02 1.100000000000000000000000000000e+02 1.331000000000000000000000000000e+06 8.500000000000000000000000000000e+01
1.620000000000000000000000000000e+02 4.100000000000000000000000000000e+01 6.892100000000000000000000000000e+04 8.600000000000000000000000000000e+01
1.640000000000000000000000000000e+02 1.510000000000000000000000000000e+02 3.442951000000000000000000000000e+06 8.700000000000000000000000000000e+01
1.710000000000000000000000000000e+02 4.000000000000000000000000000000e+01 6.400000000000000000000000000000e+04 8.800000000000000000000000000000e+01
1.720000000000000000000000000000e+02 1.200000000000000000000000000000e+01 1.728000000000000000000000000000e+03 8.900000000000000000000000000000e+01
1.730000000000000000000000000000e+02 3.500000000000000000000000000000e+01 4.287500000000000000000000000000e+04 9.000000000000000000000000000000e+01
1.740000000000000000000000000000e+02 8.400000000000000000000000000000e+01 5.927040000000000000000000000000e+05 9.100000000000000000000000000000e+01
1.780000000000000000000000000000e+02 6.000000000000000000000000000000e+01 2.160000000000000000000000000000e+05 9.200000000000000000000000000000e+01
1.800000000000000000000000000000e+02 1.010000000000000000000000000000e+02 1.030301000000000000000000000000e+06 9.300000000000000000000000000000e+01
1.820000000000000000000000000000e+02 9.000000000000000000000000000000e+00 7.290000000000000000000000000000e+02 9.400000000000000000000000000000e+01
1.830000000000000000000000000000e+02 1.600000000000000000000000000000e+01 4.096000000000000000000000000000e+03 9.500000000000000000000000000000e+01
1.840000000000000000000000000000e+02 6.100000000000000000000000000000e+01 2.269810000000000000000000000000e+05 9.600000000000000000000000000000e+01
1.870000000000000000000000000000e+02 6.000000000000000000000000000000e+00 2.160000000000000000000000000000e+02 9.700000000000000000000000000000e+01
1.910000000000000000000000000000e+02 1.040000000000000000000000000000e+02 1.124864000000000000000000000000e+06 9.800000000000000000000000000000e+01
1.920000000000000000000000000000e+02 1.730000000000000000000000000000e+02 5.177717000000000000000000000000e+06 9.900000000000000000000000000000e+01
