2.200000000000000000000000000000e+01 1.100000000000000000000000000000e+01 1.210000000000000000000000000000e+02 0.000000000000000000000000000000e+00
2.500000000000000000000000000000e+01 1.000000000000000000000000000000e+00 1.000000000000000000000000000000e+00 1.000000000000000000000000000000e+00
4.400000000000000000000000000000e+01 1.100000000000000000000000000000e+01 1.210000000000000000000000000000e+02 2.000000000000000000000000000000e+00
6.900000000000000000000000000000e+01 4.000000000000000000000000000000e+00 1.600000000000000000000000000000e+01 3.000000000000000000000000000000e+00
7.400000000000000000000000000000e+01 1.000000000000000000000000000000e+00 1.000000000000000000000000000000e+00 4.000000000000000000000000000000e+00
1.400000000000000000000000000000e+02 2.000000000000000000000000000000e+00 4.000000000000000000000000000000e+00 5.000000000000000000000000000000e+00
1.880000000000000000000000000000e+02 5.000000000000000000000000000000e+00 2.500000000000000000000000000000e+01 6.000000000000000000000000000000e+00
1.930000000000000000000000000000e+02 6.000000000000000000000000000000e+00 3.600000000000000000000000000000e+01 7.000000000000000000000000000000e+00
2.260000000000000000000000000000e+02 2.400000000000000000000000000000e+01 5.760000000000000000000000000000e+02 8.000000000000000000000000000000e+00
2.520000000000000000000000000000e+02 1.000000000000000000000000000000e+00 1.000000000000000000000000000000e+00 9.000000000000000000000000000000e+00
2.750000000000000000000000000000e+02 3.800000000000000000000000000000e+01 1.444000000000000000000000000000e+03 1.000000000000000000000000000000e+01
2.990000000000000000000000000000e+02 8.000000000000000000000000000000e+00 6.400000000000000000000000000000e+01 1.100000000000000000000000000000e+01
3.350000000000000000000000000000e+02 4.000000000000000000000000000000e+00 1.600000000000000000000000000000e+01 1.200000000000000000000000000000e+01
3.450000000000000000000000000000e+02 5.000000000000000000000000000000e+01 2.500000000000000000000000000000e+03 1.300000000000000000000000000000e+01
3.550000000000000000000000000000e+02 1.000000000000000000000000000000e+01 1.000000000000000000000000000000e+02 1.400000000000000000000000000000e+01
3.700000000000000000000000000000e+02 2.000000000000000000000000000000e+00 4.000000000000000000000000000000e+00 1.500000000000000000000000000000e+01
3.800000000000000000000000000000e+02 6.000000000000000000000000000000e+00 3.600000000000000000000000000000e+01 1.600000000000000000000000000000e+01
4.230000000000000000000000000000e+02 9.000000000000000000000000000000e+00 8.100000000000000000000000000000e+01 1.700000000000000000000000000000e+01
4.470000000000000000000000000000e+02 1.700000000000000000000000000000e+01 2.890000000000000000000000000000e+02 1.800000000000000000000000000000e+01
4.610000000000000000000000000000e+02 7.000000000000000000000000000000e+00 4.900000000000000000000000000000e+01 1.900000000000000000000000000000e+01
4.800000000000000000000000000000e+02 1.500000000000000000000000000000e+01 2.250000000000000000000000000000e+02 2.000000000000000000000000000000e+01
4.880000000000000000000000000000e+02 3.000000000000000000000000000000e+01 9.000000000000000000000000000000e+02 2.100000000000000000000000000000e+01
5.350000000000000000000000000000e+02 8.000000000000000000000000000000e+00 6.400000000000000000000000000000e+01 2.200000000000000000000000000000e+01
5.360000000000000000000000000000e+02 5.000000000000000000000000000000e+00 2.500000000000000000000000000000e+01 2.300000000000000000000000000000e+01
5.380000000000000000000000000000e+02 6.000000000000000000000000000000e+00 3.600000000000000000000000000000e+01 2.400000000000000000000000000000e+01
6.020000000000000000000000000000e+02 7.400000000000000000000000000000e+01 5.476000000000000000000000000000e+03 2.500000000000000000000000000000e+01
6.320000000000000000000000000000e+02 2.000000000000000000000000000000e+00 4.000000000000000000000000000000e+00 2.600000000000000000000000000000e+01
6.400000000000000000000000000000e+02 1.000000000000000000000000000000e+00 1.000000000000000000000000000000e+00 2.700000000000000000000000000000e+01
6.450000000000000000000000000000e+02 4.600000000000000000000000000000e+01 2.116000000000000000000000000000e+03 2.800000000000000000000000000000e+01
6.520000000000000000000000000000e+02 7.000000000000000000000000000000e+00 4.900000000000000000000000000000e+01 2.900000000000000000000000000000e+01
6.530000000000000000000000000000e+02 8.000000000000000000000000000000e+00 6.400000000000000000000000000000e+01 3.000000000000000000000000000000e+01
6.770000000000000000000000000000e+02 2.000000000000000000000000000000e+01 4.000000000000000000000000000000e+02 3.100000000000000000000000000000e+01
7.010000000000000000000000000000e+02 6.000000000000000000000000000000e+00 3.600000000000000000000000000000e+01 3.200000000000000000000000000000e+01
7.070000000000000000000000000000e+02 6.000000000000000000000000000000e+00 3.600000000000000000000000000000e+01 3.300000000000000000000000000000e+01
7.250000000000000000000000000000e+02 1.000000000000000000000000000000e+00 1.000000000000000000000000000000e+00 3.400000000000000000000000000000e+01
7.360000000000000000000000000000e+02 1.200000000000000000000000000000e+01 1.440000000000000000000000000000e+02 3.500000000000000000000000000000e+01
7.480000000000000000000000000000e+02 3.800000000000000000000000000000e+01 1.444000000000000000000000000000e+03 3.600000000000000000000000000000e+01
7.550000000000000000000000000000e+02 1.500000000000000000000000000000e+01 2.250000000000000000000000000000e+02 3.700000000000000000000000000000e+01
7.840000000000000000000000000000e+02 1.900000000000000000000000000000e+01 3.610000000000000000000000000000e+02 3.800000000000000000000000000000e+01
7.970000000000000000000000000000e+02 1.000000000000000000000000000000e+00 1.000000000000000000000000000000e+00 3.900000000000000000000000000000e+01
8.030000000000000000000000000000e+02 2.000000000000000000000000000000e+00 4.000000000000000000000000000000e+00 4.000000000000000000000000000000e+01
8.360000000000000000000000000000e+02 8.000000000000000000000000000000e+00 6.400000000000000000000000000000e+01 4.100000000000000000000000000000e+01
8.610000000000000000000000000000e+02 5.000000000000000000000000000000e+00 2.500000000000000000000000000000e+01 4.200000000000000000000000000000e+01
8.650000000000000000000000000000e+02 3.000000000000000000000000000000e+00 9.000000000000000000000000000000e+00 4.300000000000000000000000000000e+01
8.710000000000000000000000000000e+02 2.000000000000000000000000000000e+00 4.000000000000000000000000000000e+00 4.400000000000000000000000000000e+01
8.830000000000000000000000000000e+02 3.500000000000000000000000000000e+01 1.225000000000000000000000000000e+03 4.500000000000000000000000000000e+01
9.690000000000000000000000000000e+02 7.000000000000000000000000000000e+00 4.900000000000000000000000000000e+01 4.600000000000000000000000000000e+01
9.950000000000000000000000000000e+02 1.000000000000000000000000000000e+00 1.000000000000000000000000000000e+00 4.700000000000000000000000000000e+01
1.036000000000000000000000000000e+03 4.500000000000000000000000000000e+01 2.025000000000000000000000000000e+03 4.800000000000000000000000000000e+01
1.041000000000000000000000000000e+03 1.400000000000000000000000000000e+01 1.960000000000000000000000000000e+02 4.900000000000000000000000000000e+01
1.047000000000000000000000000000e+03 1.100000000000000000000000000000e+01 1.210000000000000000000000000000e+02 5.000000000000000000000000000000e+01
1.054000000000000000000000000000e+03 1.300000000000000000000000000000e+01 1.690000000000000000000000000000e+02 5.100000000000000000000000000000e+01
1.076000000000000000000000000000e+03 3.000000000000000000000000000000e+00 9.000000000000000000000000000000e+00 5.200000000000000000000000000000e+01
1.091000000000000000000000000000e+03 1.000000000000000000000000000000e+01 1.000000000000000000000000000000e+02 5.300000000000000000000000000000e+01
1.093000000000000000000000000000e+03 1.000000000000000000000000000000e+00 1.000000000000000000000000000000e+00 5.400000000000000000000000000000e+01
1.098000000000000000000000000000e+03 5.000000000000000000000000000000e+00 2.500000000000000000000000000000e+01 5.500000000000000000000000000000e+01
1.126000000000000000000000000000e+03 6.000000000000000000000000000000e+00 3.600000000000000000000000000000e+01 5.600000000000000000000000000000e+01
1.154000000000000000000000000000e+03 2.800000000000000000000000000000e+01 7.840000000000000000000000000000e+02 5.700000000000000000000000000000e+01
1.161000000000000000000000000000e+03 1.400000000000000000000000000000e+01 1.960000000000000000000000000000e+02 5.800000000000000000000000000000e+01
1.166000000000000000000000000000e+03 3.000000000000000000000000000000e+00 9.000000000000000000000000000000e+00 5.900000000000000000000000000000e+01
1.180000000000000000000000000000e+03 4.000000000000000000000000000000e+00 1.600000000000000000000000000000e+01 6.000000000000000000000000000000e+01
1.183000000000000000000000000000e+03 1.800000000000000000000000000000e+01 3.240000000000000000000000000000e+02 6.100000000000000000000000000000e+01
1.191000000000000000000000000000e+03 1.500000000000000000000000000000e+01 2.250000000000000000000000000000e+02 6.200000000000000000000000000000e+01
1.199000000000000000000000000000e+03 3.100000000000000000000000000000e+01 9.610000000000000000000000000000e+02 6.300000000000000000000000000000e+01
1.230000000000000000000000000000e+03 2.100000000000000000000000000000e+01 4.410000000000000000000000000000e+02 6.400000000000000000000000000000e+01
1.264000000000000000000000000000e+03 9.000000000000000000000000000000e+00 8.100000000000000000000000000000e+01 6.500000000000000000000000000000e+01
1.290000000000000000000000000000e+03 2.000000000000000000000000000000e+00 4.000000000000000000000000000000e+00 6.600000000000000000000000000000e+01
1.308000000000000000000000000000e+03 7.000000000000000000000000000000e+00 4.900000000000000000000000000000e+01 6.700000000000000000000000000000e+01
1.325000000000000000000000000000e+03 9.000000000000000000000000000000e+00 8.100000000000000000000000000000e+01 6.800000000000000000000000000000e+01
1.368000000000000000000000000000e+03 8.000000000000000000000000000000e+00 6.400000000000000000000000000000e+01 6.900000000000000000000000000000e+01
1.376000000000000000000000000000e+03 1.000000000000000000000000000000e+00 1.000000000000000000000000000000e+00 7.000000000000000000000000000000e+01
1.405000000000000000000000000000e+03 8.000000000000000000000000000000e+00 6.400000000000000000000000000000e+01 7.100000000000000000000000000000e+01
1.422000000000000000000000000000e+03 5.000000000000000000000000000000e+00 2.500000000000000000000000000000e+01 7.200000000000000000000000000000e+01
1.424000000000000000000000000000e+03 4.100000000000000000000000000000e+01 1.681000000000000000000000000000e+03 7.300000000000000000000000000000e+01
1.428000000000000000000000000000e+03 1.000000000000000000000000000000e+00 1.000000000000000000000000000000e+00 7.400000000000000000000000000000e+01
1.482000000000000000000000000000e+03 3.300000000000000000000000000000e+01 1.089000000000000000000000000000e+03 7.500000000000000000000000000000e+01
1.496000000000000000000000000000e+03 1.400000000000000000000000000000e+01 1.960000000000000000000000000000e+02 7.600000000000000000000000000000e+01
1.524000000000000000000000000000e+03 2.000000000000000000000000000000e+01 4.000000000000000000000000000000e+02 7.700000000000000000000000000000e+01
1.584000000000000000000000000000e+03 1.000000000000000000000000000000e+00 1.000000000000000000000000000000e+00 7.800000000000000000000000000000e+01
1.586000000000000000000000000000e+03 4.400000000000000000000000000000e+01 1.936000000000000000000000000000e+03 7.900000000000000000000000000000e+01
1.593000000000000000000000000000e+03 1.200000000000000000000000000000e+01 1.440000000000000000000000000000e+02 8.000000000000000000000000000000e+01
1.600000000000000000000000000000e+03 2.000000000000000000000000000000e+00 4.000000000000000000000000000000e+00 8.100000000000000000000000000000e+01
1.604000000000000000000000000000e+03 1.300000000000000000000000000000e+01 1.690000000000000000000000000000e+02 8.200000000000000000000000000000e+01
1.634000000000000000000000000000e+03 1.000000000000000000000000000000e+00 1.000000000000000000000000000000e+00 8.300000000000000000000000000000e+01
1.649000000000000000000000000000e+03 2.000000000000000000000000000000e+00 4.000000000000000000000000000000e+00 8.400000000000000000000000000000e+01
1.673000000000000000000000000000e+03 2.000000000000000000000000000000e+00 4.000000000000000000000000000000e+00 8.500000000000000000000000000000e+01
1.712000000000000000000000000000e+03 1.200000000000000000000000000000e+01 1.440000000000000000000000000000e+02 8.600000000000000000000000000000e+01
1.756000000000000000000000000000e+03 2.000000000000000000000000000000e+01 4.000000000000000000000000000000e+02 8.700000000000000000000000000000e+01
1.757000000000000000000000000000e+03 2.500000000000000000000000000000e+01 6.250000000000000000000000000000e+02 8.800000000000000000000000000000e+01
1.797000000000000000000000000000e+03 6.000000000000000000000000000000e+00 3.600000000000000000000000000000e+01 8.900000000000000000000000000000e+01
1.828000000000000000000000000000e+03 5.000000000000000000000000000000e+00 2.500000000000000000000000000000e+01 9.000000000000000000000000000000e+01
1.850000000000000000000000000000e+03 1.000000000000000000000000000000e+00 1.000000000000000000000000000000e+00 9.100000000000000000000000000000e+01
1.854000000000000000000000000000e+03 2.000000000000000000000000000000e+00 4.000000000000000000000000000000e+00 9.200000000000000000000000000000e+01
1.905000000000000000000000000000e+03 5.000000000000000000000000000000e+00 2.500000000000000000000000000000e+01 9.300000000000000000000000000000e+01
1.937000000000000000000000000000e+03 1.200000000000000000000000000000e+01 1.440000000000000000000000000000e+02 9.400000000000000000000000000000e+01
1.977000000000000000000000000000e+03 1.100000000000000000000000000000e+01 1.210000000000000000000000000000e+02 9.500000000000000000000000000000e+01
1.978000000000000000000000000000e+03 4.000000000000000000000000000000e+00 1.600000000000000000000000000000e+01 9.600000000000000000000000000000e+01
1.992000000000000000000000000000e+03 1.600000000000000000000000000000e+01 2.560000000000000000000000000000e+02 9.700000000000000000000000000000e+01
1.998000000000000000000000000000e+03 1.500000000000000000000000000000e+01 2.250000000000000000000000000000e+02 9.800000000000000000000000000000e+01
1.999000000000000000000000000000e+03 6.000000000000000000000000000000e+00 3.600000000000000000000000000000e+01 9.900000000000000000000000000000e+01
2.012000000000000000000000000000e+03 5.000000000000000000000000000000e+00 2.500000000000000000000000000000e+01 1.000000000000000000000000000000e+02
2.039000000000000000000000000000e+03 1.000000000000000000000000000000e+00 1.000000000000000000000000000000e+00 1.010000000000000000000000000000e+02
2.049000000000000000000000000000e+03 3.000000000000000000000000000000e+00 9.000000000000000000000000000000e+00 1.020000000000000000000000000000e+02
2.074000000000000000000000000000e+03 4.000000000000000000000000000000e+00 1.600000000000000000000000000000e+01 1.030000000000000000000000000000e+02
2.092000000000000000000000000000e+03 1.300000000000000000000000000000e+01 1.690000000000000000000000000000e+02 1.040000000000000000000000000000e+02
2.095000000000000000000000000000e+03 1.000000000000000000000000000000e+00 1.000000000000000000000000000000e+00 1.050000000000000000000000000000e+02
2.119000000000000000000000000000e+03 8.000000000000000000000000000000e+00 6.400000000000000000000000000000e+01 1.060000000000000000000000000000e+02
2.127000000000000000000000000000e+03 5.000000000000000000000000000000e+00 2.500000000000000000000000000000e+01 1.070000000000000000000000000000e+02
2.140000000000000000000000000000e+03 5.000000000000000000000000000000e+00 2.500000000000000000000000000000e+01 1.080000000000000000000000000000e+02
2.146000000000000000000000000000e+03 7.000000000000000000000000000000e+00 4.900000000000000000000000000000e+01 1.090000000000000000000000000000e+02
2.171000000000000000000000000000e+03 1.200000000000000000000000000000e+01 1.440000000000000000000000000000e+02 1.100000000000000000000000000000e+02
2.174000000000000000000000000000e+03 4.000000000000000000000000000000e+00 1.600000000000000000000000000000e+01 1.110000000000000000000000000000e+02
2.198000000000000000000000000000e+03 5.000000000000000000000000000000e+00 2.500000000000000000000000000000e+01 1.120000000000000000000000000000e+02
2.201000000000000000000000000000e+03 1.700000000000000000000000000000e+01 2.890000000000000000000000000000e+02 1.130000000000000000000000000000e+02
2.226000000000000000000000000000e+03 2.300000000000000000000000000000e+01 5.290000000000000000000000000000e+02 1.140000000000000000000000000000e+02
2.233000000000000000000000000000e+03 1.800000000000000000000000000000e+01 3.240000000000000000000000000000e+02 1.150000000000000000000000000000e+02
2.241000000000000000000000000000e+03 1.100000000000000000000000000000e+01 1.210000000000000000000000000000e+02 1.160000000000000000000000000000e+02
2.246000000000000000000000000000e+03 1.000000000000000000000000000000e+00 1.000000000000000000000000000000e+00 1.170000000000000000000000000000e+02
2.248000000000000000000000000000e+03 1.000000000000000000000000000000e+00 1.000000000000000000000000000000e+00 1.180000000000000000000000000000e+02
2.279000000000000000000000000000e+03 2.200000000000000000000000000000e+01 4.840000000000000000000000000000e+02 1.190000000000000000000000000000e+02
2.289000000000000000000000000000e+03 3.200000000000000000000000000000e+01 1.024000000000000000000000000000e+03 1.200000000000000000000000000000e+02
2.313000000000000000000000000000e+03 2.000000000000000000000000000000e+00 4.000000000000000000000000000000e+00 1.210000000000000000000000000000e+02
2.316000000000000000000000000000e+03 5.000000000000000000000000000000e+00 2.500000000000000000000000000000e+01 1.220000000000000000000000000000e+02
2.327000000000000000000000000000e+03 2.300000000000000000000000000000e+01 5.290000000000000000000000000000e+02 1.230000000000000000000000000000e+02
2.385000000000000000000000000000e+03 1.300000000000000000000000000000e+01 1.690000000000000000000000000000e+02 1.240000000000000000000000000000e+02
2.453000000000000000000000000000e+03 1.600000000000000000000000000000e+01 2.560000000000000000000000000000e+02 1.250000000000000000000000000000e+02
2.462000000000000000000000000000e+03 7.000000000000000000000000000000e+00 4.900000000000000000000000000000e+01 1.260000000000000000000000000000e+02
2.468000000000000000000000000000e+03 1.400000000000000000000000000000e+01 1.960000000000000000000000000000e+02 1.270000000000000000000000000000e+02
2.481000000000000000000000000000e+03 6.000000000000000000000000000000e+00 3.600000000000000000000000000000e+01 1.280000000000000000000000000000e+02
2.501000000000000000000000000000e+03 5.000000000000000000000000000000e+00 2.500000000000000000000000000000e+01 1.290000000000000000000000000000e+02
2.512000000000000000000000000000e+03 2.400000000000000000000000000000e+01 5.760000000000000000000000000000e+02 1.300000000000000000000000000000e+02
2.513000000000000000000000000000e+03 2.100000000000000000000000000000e+01 4.410000000000000000000000000000e+02 1.310000000000000000000000000000e+02
2.517000000000000000000000000000e+03 8.000000000000000000000000000000e+00 6.400000000000000000000000000000e+01 1.320000000000000000000000000000e+02
2.585000000000000000000000000000e+03 4.000000000000000000000000000000e+00 1.600000000000000000000000000000e+01 1.330000000000000000000000000000e+02
2.596000000000000000000000000000e+03 1.300000000000000000000000000000e+01 1.690000000000000000000000000000e+02 1.340000000000000000000000000000e+02
2.641000000000000000000000000000e+03 3.400000000000000000000000000000e+01 1.156000000000000000000000000000e+03 1.350000000000000000000000000000e+02
2.654000000000000000000000000000e+03 2.000000000000000000000000000000e+00 4.000000000000000000000000000000e+00 1.360000000000000000000000000000e+02
2.680000000000000000000000000000e+03 3.000000000000000000000000000000e+00 9.000000000000000000000000000000e+00 1.370000000000000000000000000000e+02
2.687000000000000000000000000000e+03 1.000000000000000000000000000000e+00 1.000000000000000000000000000000e+00 1.380000000000000000000000000000e+02
2.689000000000000000000000000000e+03 4.000000000000000000000000000000e+00 1.600000000000000000000000000000e+01 1.390000000000000000000000000000e+02
2.754000000000000000000000000000e+03 1.100000000000000000000000000000e+01 1.210000000000000000000000000000e+02 1.400000000000000000000000000000e+02
2.758000000000000000000000000000e+03 1.900000000000000000000000000000e+01 3.610000000000000000000000000000e+02 1.410000000000000000000000000000e+02
2.771000000000000000000000000000e+03 8.000000000000000000000000000000e+00 6.400000000000000000000000000000e+01 1.420000000000000000000000000000e+02
2.793000000000000000000000000000e+03 3.800000000000000000000000000000e+01 1.444000000000000000000000000000e+03 1.430000000000000000000000000000e+02
2.828000000000000000000000000000e+03 2.600000000000000000000000000000e+01 6.760000000000000000000000000000e+02 1.440000000000000000000000000000e+02
2.842000000000000000000000000000e+03 5.000000000000000000000000000000e+00 2.500000000000000000000000000000e+01 1.450000000000000000000000000000e+02
2.855000000000000000000000000000e+03 1.900000000000000000000000000000e+01 3.610000000000000000000000000000e+02 1.460000000000000000000000000000e+02
2.862000000000000000000000000000e+03 6.000000000000000000000000000000e+00 3.600000000000000000000000000000e+01 1.470000000000000000000000000000e+02
2.867000000000000000000000000000e+03 2.200000000000000000000000000000e+01 4.840000000000000000000000000000e+02 1.480000000000000000000000000000e+02
2.874000000000000000000000000000e+03 1.800000000000000000000000000000e+01 3.240000000000000000000000000000e+02 1.490000000000000000000000000000e+02
2.910000000000000000000000000000e+03 1.400000000000000000000000000000e+01 1.960000000000000000000000000000e+02 1.500000000000000000000000000000e+02
2.919000000000000000000000000000e+03 9.000000000000000000000000000000e+00 8.100000000000000000000000000000e+01 1.510000000000000000000000000000e+02
2.925000000000000000000000000000e+03 9.000000000000000000000000000000e+00 8.100000000000000000000000000000e+01 1.520000000000000000000000000000e+02
2.954000000000000000000000000000e+03 8.000000000000000000000000000000e+00 6.400000000000000000000000000000e+01 1.530000000000000000000000000000e+02
2.961000000000000000000000000000e+03 1.000000000000000000000000000000e+00 1.000000000000000000000000000000e+00 1.540000000000000000000000000000e+02
3.008000000000000000000000000000e+03 1.000000000000000000000000000000e+01 1.000000000000000000000000000000e+02 1.550000000000000000000000000000e+02
3.029000000000000000000000000000e+03 2.000000000000000000000000000000e+01 4.000000000000000000000000000000e+02 1.560000000000000000000000000000e+02
3.070000000000000000000000000000e+03 2.000000000000000000000000000000e+01 4.000000000000000000000000000000e+02 1.570000000000000000000000000000e+02
3.084000000000000000000000000000e+03 1.200000000000000000000000000000e+01 1.440000000000000000000000000000e+02 1.580000000000000000000000000000e+02
3.090000000000000000000000000000e+03 1.700000000000000000000000000000e+01 2.890000000000000000000000000000e+02 1.590000000000000000000000000000e+02
3.166000000000000000000000000000e+03 3.000000000000000000000000000000e+00 9.000000000000000000000000000000e+00 1.600000000000000000000000000000e+02
3.168000000000000000000000000000e+03 1.600000000000000000000000000000e+01 2.560000000000000000000000000000e+02 1.610000000000000000000000000000e+02
3.197000000000000000000000000000e+03 2.500000000000000000000000000000e+01 6.250000000000000000000000000000e+02 1.620000000000000000000000000000e+02
3.231000000000000000000000000000e+03 2.000000000000000000000000000000e+00 4.000000000000000000000000000000e+00 1.630000000000000000000000000000e+02
3.285000000000000000000000000000e+03 3.000000000000000000000000000000e+00 9.000000000000000000000000000000e+00 1.640000000000000000000000000000e+02
3.290000000000000000000000000000e+03 2.000000000000000000000000000000e+00 4.000000000000000000000000000000e+00 1.650000000000000000000000000000e+02
3.292000000000000000000000000000e+03 3.000000000000000000000000000000e+00 9.000000000000000000000000000000e+00 1.660000000000000000000000000000e+02
3.304000000000000000000000000000e+03 1.300000000000000000000000000000e+01 1.690000000000000000000000000000e+02 1.670000000000000000000000000000e+02
3.334000000000000000000000000000e+03 4.000000000000000000000000000000e+00 1.600000000000000000000000000000e+01 1.680000000000000000000000000000e+02
3.357000000000000000000000000000e+03 2.200000000000000000000000000000e+01 4.840000000000000000000000000000e+02 1.690000000000000000000000000000e+02
3.443000000000000000000000000000e+03 6.000000000000000000000000000000e+00 3.600000000000000000000000000000e+01 1.700000000000000000000000000000e+02
3.446000000000000000000000000000e+03 1.400000000000000000000000000000e+01 1.960000000000000000000000000000e+02 1.710000000000000000000000000000e+02
3.479000000000000000000000000000e+03 1.300000000000000000000000000000e+01 1.690000000000000000000000000000e+02 1.720000000000000000000000000000e+02
3.492000000000000000000000000000e+03 1.300000000000000000000000000000e+01 1.690000000000000000000000000000e+02 1.730000000000000000000000000000e+02
3.497000000000000000000000000000e+03 7.000000000000000000000000000000e+00 4.900000000000000000000000000000e+01 1.740000000000000000000000000000e+02
3.519000000000000000000000000000e+03 5.000000000000000000000000000000e+00 2.500000000000000000000000000000e+01 1.750000000000000000000000000000e+02
3.540000000000000000000000000000e+03 1.000000000000000000000000000000e+00 1.000000000000000000000000000000e+00 1.760000000000000000000000000000e+02
3.575000000000000000000000000000e+03 5.000000000000000000000000000000e+00 2.500000000000000000000000000000e+01 1.770000000000000000000000000000e+02
3.591000000000000000000000000000e+03 1.000000000000000000000000000000e+00 1.000000000000000000000000000000e+00 1.780000000000000000000000000000e+02
3.633000000000000000000000000000e+03 1.700000000000000000000000000000e+01 2.890000000000000000000000000000e+02 1.790000000000000000000000000000e+02
3.650000000000000000000000000000e+03 2.200000000000000000000000000000e+01 4.840000000000000000000000000000e+02 1.800000000000000000000000000000e+02
3.684000000000000000000000000000e+03 6.000000000000000000000000000000e+00 3.600000000000000000000000000000e+01 1.810000000000000000000000000000e+02
3.688000000000000000000000000000e+03 1.000000000000000000000000000000e+00 1.000000000000000000000000000000e+00 1.820000000000000000000000000000e+02
3.695000000000000000000000000000e+03 1.600000000000000000000000000000e+01 2.560000000000000000000000000000e+02 1.830000000000000000000000000000e+02
3.704000000000000000000000000000e+03 1.700000000000000000000000000000e+01 2.890000000000000000000000000000e+02 1.840000000000000000000000000000e+02
3.710000000000000000000000000000e+03 1.200000000000000000000000000000e+01 1.440000000000000000000000000000e+02 1.850000000000000000000000000000e+02
3.714000000000000000000000000000e+03 1.000000000000000000000000000000e+00 1.000000000000000000000000000000e+00 1.860000000000000000000000000000e+02
3.722000000000000000000000000000e+03 5.000000000000000000000000000000e+00 2.500000000000000000000000000000e+01 1.870000000000000000000000000000e+02
3.773000000000000000000000000000e+03 6.000000000000000000000000000000e+00 3.600000000000000000000000000000e+01 1.880000000000000000000000000000e+02
3.780000000000000000000000000000e+03 1.800000000000000000000000000000e+01 3.240000000000000000000000000000e+02 1.890000000000000000000000000000e+02
3.788000000000000000000000000000e+03 2.000000000000000000000000000000e+01 4.000000000000000000000000000000e+02 1.900000000000000000000000000000e+02
3.792000000000000000000000000000e+03 4.000000000000000000000000000000e+00 1.600000000000000000000000000000e+01 1.910000000000000000000000000000e+02
3.797000000000000000000000000000e+03 1.000000000000000000000000000000e+00 1.000000000000000000000000000000e+00 1.920000000000000000000000000000e+02
3.809000000000000000000000000000e+03 4.000000000000000000000000000000e+01 1.600000000000000000000000000000e+03 1.930000000000000000000000000000e+02
3.849000000000000000000000000000e+03 8.000000000000000000000000000000e+00 6.400000000000000000000000000000e+01 1.940000000000000000000000000000e+02
3.886000000000000000000000000000e+03 4.000000000000000000000000000000e+00 1.600000000000000000000000000000e+01 1.950000000000000000000000000000e+02
3.914000000000000000000000000000e+03 1.100000000000000000000000000000e+01 1.210000000000000000000000000000e+02 1.960000000000000000000000000000e+02
3.941000000000000000000000000000e+03 1.100000000000000000000000000000e+01 1.210000000000000000000000000000e+02 1.970000000000000000000000000000e+02
3.953000000000000000000000000000e+03 1.000000000000000000000000000000e+00 1.000000000000000000000000000000e+00 1.980000000000000000000000000000e+02
3.962000000000000000000000000000e+03 1.400000000000000000000000000000e+01 1.960000000000000000000000000000e+02 1.990000000000000000000000000000e+02
3.987000000000000000000000000000e+03 2.000000000000000000000000000000e+01 4.000000000000000000000000000000e+02 2.000000000000000000000000000000e+02
4.020000000000000000000000000000e+03 1.000000000000000000000000000000e+00 1.000000000000000000000000000000e+00 2.010000000000000000000000000000e+02
4.024000000000000000000000000000e+03 1.000000000000000000000000000000e+01 1.000000000000000000000000000000e+02 2.020000000000000000000000000000e+02
4.029000000000000000000000000000e+03 2.000000000000000000000000000000e+00 4.000000000000000000000000000000e+00 2.030000000000000000000000000000e+02
4.073000000000000000000000000000e+03 8.000000000000000000000000000000e+00 6.400000000000000000000000000000e+01 2.040000000000000000000000000000e+02
4.087000000000000000000000000000e+03 1.200000000000000000000000000000e+01 1.440000000000000000000000000000e+02 2.050000000000000000000000000000e+02
4.117000000000000000000000000000e+03 4.000000000000000000000000000000e+00 1.600000000000000000000000000000e+01 2.060000000000000000000000000000e+02
4.163000000000000000000000000000e+03 5.000000000000000000000000000000e+00 2.500000000000000000000000000000e+01 2.070000000000000000000000000000e+02
4.167000000000000000000000000000e+03 6.000000000000000000000000000000e+00 3.600000000000000000000000000000e+01 2.080000000000000000000000000000e+02
4.169000000000000000000000000000e+03 3.100000000000000000000000000000e+01 9.610000000000000000000000000000e+02 2.090000000000000000000000000000e+02
4.175000000000000000000000000000e+03 9.000000000000000000000000000000e+00 8.100000000000000000000000000000e+01 2.100000000000000000000000000000e+02
4.234000000000000000000000000000e+03 7.000000000000000000000000000000e+00 4.900000000000000000000000000000e+01 2.110000000000000000000000000000e+02
4.251000000000000000000000000000e+03 2.000000000000000000000000000000e+00 4.000000000000000000000000000000e+00 2.120000000000000000000000000000e+02
4.255000000000000000000000000000e+03 1.000000000000000000000000000000e+00 1.000000000000000000000000000000e+00 2.130000000000000000000000000000e+02
4.265000000000000000000000000000e+03 2.600000000000000000000000000000e+01 6.760000000000000000000000000000e+02 2.140000000000000000000000000000e+02
4.286000000000000000000000000000e+03 2.000000000000000000000000000000e+00 4.000000000000000000000000000000e+00 2.150000000000000000000000000000e+02
4.335000000000000000000000000000e+03 1.200000000000000000000000000000e+01 1.440000000000000000000000000000e+02 2.160000000000000000000000000000e+02
4.338000000000000000000000000000e+03 1.100000000000000000000000000000e+01 1.210000000000000000000000000000e+02 2.170000000000000000000000000000e+02
4.359000000000000000000000000000e+03 5.000000000000000000000000000000e+00 2.500000000000000000000000000000e+01 2.180000000000000000000000000000e+02
4.361000000000000000000000000000e+03 4.700000000000000000000000000000e+01 2.209000000000000000000000000000e+03 2.190000000000000000000000000000e+02
4.362000000000000000000000000000e+03 7.000000000000000000000000000000e+00 4.900000000000000000000000000000e+01 2.200000000000000000000000000000e+02
4.415000000000000000000000000000e+03 1.300000000000000000000000000000e+01 1.690000000000000000000000000000e+02 2.210000000000000000000000000000e+02
4.454000000000000000000000000000e+03 1.100000000000000000000000000000e+01 1.210000000000000000000000000000e+02 2.220000000000000000000000000000e+02
4.456000000000000000000000000000e+03 1.300000000000000000000000000000e+01 1.690000000000000000000000000000e+02 2.230000000000000000000000000000e+02
4.475000000000000000000000000000e+03 1.000000000000000000000000000000e+00 1.000000000000000000000000000000e+00 2.240000000000000000000000000000e+02
4.480000000000000000000000000000e+03 2.000000000000000000000000000000e+00 4.000000000000000000000000000000e+00 2.250000000000000000000000000000e+02
4.497000000000000000000000000000e+03 6.000000000000000000000000000000e+00 3.600000000000000000000000000000e+01 2.260000000000000000000000000000e+02
4.518000000000000000000000000000e+03 1.300000000000000000000000000000e+01 1.690000000000000000000000000000e+02 2.270000000000000000000000000000e+02
4.530000000000000000000000000000e+03 1.100000000000000000000000000000e+01 1.210000000000000000000000000000e+02 2.280000000000000000000000000000e+02
4.546000000000000000000000000000e+03 8.000000000000000000000000000000e+00 6.400000000000000000000000000000e+01 2.290000000000000000000000000000e+02
4.553000000000000000000000000000e+03 1.700000000000000000000000000000e+01 2.890000000000000000000000000000e+02 2.300000000000000000000000000000e+02
4.557000000000000000000000000000e+03 1.900000000000000000000000000000e+01 3.610000000000000000000000000000e+02 2.310000000000000000000000000000e+02
4.662000000000000000000000000000e+03 3.400000000000000000000000000000e+01 1.156000000000000000000000000000e+03 2.320000000000000000000000000000e+02
4.679000000000000000000000000000e+03 2.200000000000000000000000000000e+01 4.840000000000000000000000000000e+02 2.330000000000000000000000000000e+02
4.688000000000000000000000000000e+03 1.800000000000000000000000000000e+01 3.240000000000000000000000000000e+02 2.340000000000000000000000000000e+02
4.693000000000000000000000000000e+03 3.000000000000000000000000000000e+00 9.000000000000000000000000000000e+00 2.350000000000000000000000000000e+02
4.700000000000000000000000000000e+03 3.300000000000000000000000000000e+01 1.089000000000000000000000000000e+03 2.360000000000000000000000000000e+02
4.734000000000000000000000000000e+03 3.600000000000000000000000000000e+01 1.296000000000000000000000000000e+03 2.370000000000000000000000000000e+02
4.735000000000000000000000000000e+03 2.300000000000000000000000000000e+01 5.290000000000000000000000000000e+02 2.380000000000000000000000000000e+02
4.737000000000000000000000000000e+03 6.000000000000000000000000000000e+00 3.600000000000000000000000000000e+01 2.390000000000000000000000000000e+02
4.797000000000000000000000000000e+03 1.000000000000000000000000000000e+00 1.000000000000000000000000000000e+00 2.400000000000000000000000000000e+02
4.803000000000000000000000000000e+03 2.000000000000000000000000000000e+00 4.000000000000000000000000000000e+00 2.410000000000000000000000000000e+02
4.808000000000000000000000000000e+03 2.800000000000000000000000000000e+01 7.840000000000000000000000000000e+02 2.420000000000000000000000000000e+02
4.821000000000000000000000000000e+03 3.000000000000000000000000000000e+00 9.000000000000000000000000000000e+00 2.430000000000000000000000000000e+02
4.832000000000000000000000000000e+03 3.000000000000000000000000000000e+00 9.000000000000000000000000000000e+00 2.440000000000000000000000000000e+02
4.849000000000000000000000000000e+03 2.000000000000000000000000000000e+00 4.000000000000000000000000000000e+00 2.450000000000000000000000000000e+02
4.853000000000000000000000000000e+03 1.800000000000000000000000000000e+01 3.240000000000000000000000000000e+02 2.460000000000000000000000000000e+02
4.876000000000000000000000000000e+03 1.400000000000000000000000000000e+01 1.960000000000000000000000000000e+02 2.470000000000000000000000000000e+02
4.877000000000000000000000000000e+03 2.000000000000000000000000000000e+00 4.000000000000000000000000000000e+00 2.480000000000000000000000000000e+02
4.886000000000000000000000000000e+03 1.000000000000000000000000000000e+00 1.000000000000000000000000000000e+00 2.490000000000000000000000000000e+02
4.896000000000000000000000000000e+03 6.000000000000000000000000000000e+00 3.600000000000000000000000000000e+01 2.500000000000000000000000000000e+02
4.911000000000000000000000000000e+03 9.000000000000000000000000000000e+00 8.100000000000000000000000000000e+01 2.510000000000000000000000000000e+02
4.930000000000000000000000000000e+03 6.000000000000000000000000000000e+00 3.600000000000000000000000000000e+01 2.520000000000000000000000000000e+02
4.960000000000000000000000000000e+03 1.000000000000000000000000000000e+00 1.000000000000000000000000000000e+00 2.530000000000000000000000000000e+02
4.967000000000000000000000000000e+03 3.000000000000000000000000000000e+00 9.000000000000000000000000000000e+00 2.540000000000000000000000000000e+02
4.973000000000000000000000000000e+03 1.000000000000000000000000000000e+01 1.000000000000000000000000000000e+02 2.550000000000000000000000000000e+02
4.979000000000000000000000000000e+03 8.000000000000000000000000000000e+00 6.400000000000000000000000000000e+01 2.560000000000000000000000000000e+02
4.981000000000000000000000000000e+03 2.700000000000000000000000000000e+01 7.290000000000000000000000000000e+02 2.570000000000000000000000000000e+02
4.983000000000000000000000000000e+03 3.000000000000000000000000000000e+00 9.000000000000000000000000000000e+00 2.580000000000000000000000000000e+02
4.996000000000000000000000000000e+03 3.000000000000000000000000000000e+00 9.000000000000000000000000000000e+00 2.590000000000000000000000000000e+02
5.037000000000000000000000000000e+03 2.000000000000000000000000000000e+00 4.000000000000000000000000000000e+00 2.600000000000000000000000000000e+02
5.062000000000000000000000000000e+03 1.900000000000000000000000000000e+01 3.610000000000000000000000000000e+02 2.610000000000000000000000000000e+02
5.075000000000000000000000000000e+03 1.300000000000000000000000000000e+01 1.690000000000000000000000000000e+02 2.620000000000000000000000000000e+02
5.078000000000000000000000000000e+03 7.000000000000000000000000000000e+00 4.900000000000000000000000000000e+01 2.630000000000000000000000000000e+02
5.079000000000000000000000000000e+03 1.100000000000000000000000000000e+01 1.210000000000000000000000000000e+02 2.640000000000000000000000000000e+02
5.090000000000000000000000000000e+03 2.000000000000000000000000000000e+00 4.000000000000000000000000000000e+00 2.650000000000000000000000000000e+02
5.103000000000000000000000000000e+03 1.000000000000000000000000000000e+00 1.000000000000000000000000000000e+00 2.660000000000000000000000000000e+02
5.104000000000000000000000000000e+03 2.000000000000000000000000000000e+01 4.000000000000000000000000000000e+02 2.670000000000000000000000000000e+02
5.116000000000000000000000000000e+03 2.200000000000000000000000000000e+01 4.840000000000000000000000000000e+02 2.680000000000000000000000000000e+02
5.120000000000000000000000000000e+03 7.000000000000000000000000000000e+00 4.900000000000000000000000000000e+01 2.690000000000000000000000000000e+02
5.125000000000000000000000000000e+03 2.200000000000000000000000000000e+01 4.840000000000000000000000000000e+02 2.700000000000000000000000000000e+02
5.145000000000000000000000000000e+03 3.000000000000000000000000000000e+00 9.000000000000000000000000000000e+00 2.710000000000000000000000000000e+02
5.171000000000000000000000000000e+03 2.000000000000000000000000000000e+00 4.000000000000000000000000000000e+00 2.720000000000000000000000000000e+02
5.178000000000000000000000000000e+03 5.000000000000000000000000000000e+00 2.500000000000000000000000000000e+01 2.730000000000000000000000000000e+02
5.195000000000000000000000000000e+03 1.200000000000000000000000000000e+01 1.440000000000000000000000000000e+02 2.740000000000000000000000000000e+02
5.207000000000000000000000000000e+03 1.000000000000000000000000000000e+01 1.000000000000000000000000000000e+02 2.750000000000000000000000000000e+02
5.209000000000000000000000000000e+03 1.600000000000000000000000000000e+01 2.560000000000000000000000000000e+02 2.760000000000000000000000000000e+02
5.220000000000000000000000000000e+03 6.000000000000000000000000000000e+00 3.600000000000000000000000000000e+01 2.770000000000000000000000000000e+02
5.280000000000000000000000000000e+03 4.000000000000000000000000000000e+00 1.600000000000000000000000000000e+01 2.780000000000000000000000000000e+02
5.317000000000000000000000000000e+03 1.700000000000000000000000000000e+01 2.890000000000000000000000000000e+02 2.790000000000000000000000000000e+02
5.350000000000000000000000000000e+03 5.000000000000000000000000000000e+00 2.500000000000000000000000000000e+01 2.800000000000000000000000000000e+02
5.361000000000000000000000000000e+03 5.000000000000000000000000000000e+00 2.500000000000000000000000000000e+01 2.810000000000000000000000000000e+02
5.408000000000000000000000000000e+03 5.000000000000000000000000000000e+00 2.500000000000000000000000000000e+01 2.820000000000000000000000000000e+02
5.467000000000000000000000000000e+03 1.700000000000000000000000000000e+01 2.890000000000000000000000000000e+02 2.830000000000000000000000000000e+02
5.489000000000000000000000000000e+03 2.000000000000000000000000000000e+00 4.000000000000000000000000000000e+00 2.840000000000000000000000000000e+02
5.493000000000000000000000000000e+03 1.000000000000000000000000000000e+00 1.000000000000000000000000000000e+00 2.850000000000000000000000000000e+02
5.495000000000000000000000000000e+03 2.500000000000000000000000000000e+01 6.250000000000000000000000000000e+02 2.860000000000000000000000000000e+02
5.501000000000000000000000000000e+03 8.000000000000000000000000000000e+00 6.400000000000000000000000000000e+01 2.870000000000000000000000000000e+02
5.518000000000000000000000000000e+03 1.000000000000000000000000000000e+01 1.000000000000000000000000000000e+02 2.880000000000000000000000000000e+02
5.524000000000000000000000000000e+03 6.000000000000000000000000000000e+00 3.600000000000000000000000000000e+01 2.890000000000000000000000000000e+02
5.546000000000000000000000000000e+03 9.000000000000000000000000000000e+00 8.100000000000000000000000000000e+01 2.900000000000000000000000000000e+02
5.567000000000000000000000000000e+03 1.600000000000000000000000000000e+01 2.560000000000000000000000000000e+02 2.910000000000000000000000000000e+02
5.604000000000000000000000000000e+03 1.600000000000000000000000000000e+01 2.560000000000000000000000000000e+02 2.920000000000000000000000000000e+02
5.653000000000000000000000000000e+03 3.100000000000000000000000000000e+01 9.610000000000000000000000000000e+02 2.930000000000000000000000000000e+02
5.680000000000000000000000000000e+03 4.000000000000000000000000000000e+00 1.600000000000000000000000000000e+01 2.940000000000000000000000000000e+02
5.682000000000000000000000000000e+03 8.000000000000000000000000000000e+00 6.400000000000000000000000000000e+01 2.950000000000000000000000000000e+02
5.692000000000000000000000000000e+03 2.800000000000000000000000000000e+01 7.840000000000000000000000000000e+02 2.960000000000000000000000000000e+02
5.702000000000000000000000000000e+03 2.000000000000000000000000000000e+00 4.000000000000000000000000000000e+00 2.970000000000000000000000000000e+02
5.730000000000000000000000000000e+03 1.700000000000000000000000000000e+01 2.890000000000000000000000000000e+02 2.980000000000000000000000000000e+02
5.731000000000000000000000000000e+03 1.100000000000000000000000000000e+01 1.210000000000000000000000000000e+02 2.990000000000000000000000000000e+02
5.733000000000000000000000000000e+03 1.400000000000000000000000000000e+01 1.960000000000000000000000000000e+02 3.000000000000000000000000000000e+02
5.750000000000000000000000000000e+03 1.400000000000000000000000000000e+01 1.960000000000000000000000000000e+02 3.010000000000000000000000000000e+02
5.778000000000000000000000000000e+03 2.900000000000000000000000000000e+01 8.410000000000000000000000000000e+02 3.020000000000000000000000000000e+02
5.788000000000000000000000000000e+03 1.000000000000000000000000000000e+00 1.000000000000000000000000000000e+00 3.030000000000000000000000000000e+02
5.798000000000000000000000000000e+03 5.000000000000000000000000000000e+00 2.500000000000000000000000000000e+01 3.040000000000000000000000000000e+02
5.805000000000000000000000000000e+03 9.000000000000000000000000000000e+00 8.100000000000000000000000000000e+01 3.050000000000000000000000000000e+02
5.811000000000000000000000000000e+03 2.000000000000000000000000000000e+00 4.000000000000000000000000000000e+00 3.060000000000000000000000000000e+02
5.820000000000000000000000000000e+03 3.200000000000000000000000000000e+01 1.024000000000000000000000000000e+03 3.070000000000000000000000000000e+02
5.829000000000000000000000000000e+03 5.000000000000000000000000000000e+00 2.500000000000000000000000000000e+01 3.080000000000000000000000000000e+02
5.835000000000000000000000000000e+03 3.000000000000000000000000000000e+00 9.000000000000000000000000000000e+00 3.090000000000000000000000000000e+02
5.844000000000000000000000000000e+03 7.000000000000000000000000000000e+00 4.900000000000000000000000000000e+01 3.100000000000000000000000000000e+02
5.868000000000000000000000000000e+03 1.000000000000000000000000000000e+00 1.000000000000000000000000000000e+00 3.110000000000000000000000000000e+02
5.879000000000000000000000000000e+03 1.800000000000000000000000000000e+01 3.240000000000000000000000000000e+02 3.120000000000000000000000000000e+02
5.888000000000000000000000000000e+03 6.000000000000000000000000000000e+00 3.600000000000000000000000000000e+01 3.130000000000000000000000000000e+02
5.905000000000000000000000000000e+03 1.000000000000000000000000000000e+01 1.000000000000000000000000000000e+02 3.140000000000000000000000000000e+02
5.908000000000000000000000000000e+03 1.300000000000000000000000000000e+01 1.690000000000000000000000000000e+02 3.150000000000000000000000000000e+02
5.938000000000000000000000000000e+03 1.900000000000000000000000000000e+01 3.610000000000000000000000000000e+02 3.160000000000000000000000000000e+02
5.978000000000000000000000000000e+03 2.000000000000000000000000000000e+00 4.000000000000000000000000000000e+00 3.170000000000000000000000000000e+02
6.018000000000000000000000000000e+03 9.000000000000000000000000000000e+00 8.100000000000000000000000000000e+01 3.180000000000000000000000000000e+02
6.032000000000000000000000000000e+03 2.000000000000000000000000000000e+01 4.000000000000000000000000000000e+02 3.190000000000000000000000000000e+02
6.059000000000000000000000000000e+03 2.900000000000000000000000000000e+01 8.410000000000000000000000000000e+02 3.200000000000000000000000000000e+02
6.084000000000000000000000000000e+03 6.000000000000000000000000000000e+00 3.600000000000000000000000000000e+01 3.210000000000000000000000000000e+02
6.102000000000000000000000000000e+03 1.500000000000000000000000000000e+01 2.250000000000000000000000000000e+02 3.220000000000000000000000000000e+02
6.104000000000000000000000000000e+03 8.000000000000000000000000000000e+00 6.400000000000000000000000000000e+01 3.230000000000000000000000000000e+02
6.106000000000000000000000000000e+03 2.500000000000000000000000000000e+01 6.250000000000000000000000000000e+02 3.240000000000000000000000000000e+02
6.122000000000000000000000000000e+03 1.100000000000000000000000000000e+01 1.210000000000000000000000000000e+02 3.250000000000000000000000000000e+02
6.135000000000000000000000000000e+03 8.000000000000000000000000000000e+00 6.400000000000000000000000000000e+01 3.260000000000000000000000000000e+02
6.148000000000000000000000000000e+03 1.000000000000000000000000000000e+00 1.000000000000000000000000000000e+00 3.270000000000000000000000000000e+02
6.157000000000000000000000000000e+03 7.000000000000000000000000000000e+00 4.900000000000000000000000000000e+01 3.280000000000000000000000000000e+02
6.166000000000000000000000000000e+03 1.000000000000000000000000000000e+00 1.000000000000000000000000000000e+00 3.290000000000000000000000000000e+02
6.171000000000000000000000000000e+03 1.800000000000000000000000000000e+01 3.240000000000000000000000000000e+02 3.300000000000000000000000000000e+02
6.179000000000000000000000000000e+03 5.000000000000000000000000000000e+00 2.500000000000000000000000000000e+01 3.310000000000000000000000000000e+02
6.188000000000000000000000000000e+03 7.000000000000000000000000000000e+00 4.900000000000000000000000000000e+01 3.320000000000000000000000000000e+02
6.231000000000000000000000000000e+03 4.000000000000000000000000000000e+00 1.600000000000000000000000000000e+01 3.330000000000000000000000000000e+02
6.238000000000000000000000000000e+03 3.600000000000000000000000000000e+01 1.296000000000000000000000000000e+03 3.340000000000000000000000000000e+02
6.243000000000000000000000000000e+03 5.000000000000000000000000000000e+00 2.500000000000000000000000000000e+01 3.350000000000000000000000000000e+02
6.248000000000000000000000000000e+03 2.200000000000000000000000000000e+01 4.840000000000000000000000000000e+02 3.360000000000000000000000000000e+02
6.270000000000000000000000000000e+03 2.000000000000000000000000000000e+00 4.000000000000000000000000000000e+00 3.370000000000000000000000000000e+02
6.272000000000000000000000000000e+03 8.000000000000000000000000000000e+00 6.400000000000000000000000000000e+01 3.380000000000000000000000000000e+02
6.300000000000000000000000000000e+03 1.700000000000000000000000000000e+01 2.890000000000000000000000000000e+02 3.390000000000000000000000000000e+02
6.344000000000000000000000000000e+03 4.000000000000000000000000000000e+00 1.600000000000000000000000000000e+01 3.400000000000000000000000000000e+02
6.357000000000000000000000000000e+03 1.400000000000000000000000000000e+01 1.960000000000000000000000000000e+02 3.410000000000000000000000000000e+02
6.358000000000000000000000000000e+03 1.900000000000000000000000000000e+01 3.610000000000000000000000000000e+02 3.420000000000000000000000000000e+02
6.406000000000000000000000000000e+03 1.600000000000000000000000000000e+01 2.560000000000000000000000000000e+02 3.430000000000000000000000000000e+02
6.407000000000000000000000000000e+03 2.000000000000000000000000000000e+00 4.000000000000000000000000000000e+00 3.440000000000000000000000000000e+02
6.459000000000000000000000000000e+03 5.000000000000000000000000000000e+00 2.500000000000000000000000000000e+01 3.450000000000000000000000000000e+02
6.509000000000000000000000000000e+03 1.700000000000000000000000000000e+01 2.890000000000000000000000000000e+02 3.460000000000000000000000000000e+02
6.534000000000000000000000000000e+03 2.100000000000000000000000000000e+01 4.410000000000000000000000000000e+02 3.470000000000000000000000000000e+02
6.546000000000000000000000000000e+03 2.900000000000000000000000000000e+01 8.410000000000000000000000000000e+02 3.480000000000000000000000000000e+02
6.559000000000000000000000000000e+03 7.000000000000000000000000000000e+00 4.900000000000000000000000000000e+01 3.490000000000000000000000000000e+02
6.562000000000000000000000000000e+03 1.000000000000000000000000000000e+00 1.000000000000000000000000000000e+00 3.500000000000000000000000000000e+02
6.564000000000000000000000000000e+03 1.200000000000000000000000000000e+01 1.440000000000000000000000000000e+02 3.510000000000000000000000000000e+02
6.566000000000000000000000000000e+03 7.000000000000000000000000000000e+00 4.900000000000000000000000000000e+01 3.520000000000000000000000000000e+02
6.576000000000000000000000000000e+03 7.000000000000000000000000000000e+00 4.900000000000000000000000000000e+01 3.530000000000000000000000000000e+02
6.578000000000000000000000000000e+03 1.600000000000000000000000000000e+01 2.560000000000000000000000000000e+02 3.540000000000000000000000000000e+02
6.596000000000000000000000000000e+03 1.200000000000000000000000000000e+01 1.440000000000000000000000000000e+02 3.550000000000000000000000000000e+02
6.600000000000000000000000000000e+03 2.000000000000000000000000000000e+00 4.000000000000000000000000000000e+00 3.560000000000000000000000000000e+02
6.632000000000000000000000000000e+03 4.000000000000000000000000000000e+00 1.600000000000000000000000000000e+01 3.570000000000000000000000000000e+02
6.640000000000000000000000000000e+03 5.000000000000000000000000000000e+00 2.500000000000000000000000000000e+01 3.580000000000000000000000000000e+02
6.650000000000000000000000000000e+03 9.000000000000000000000000000000e+00 8.100000000000000000000000000000e+01 3.590000000000000000000000000000e+02
6.651000000000000000000000000000e+03 8.000000000000000000000000000000e+00 6.400000000000000000000000000000e+01 3.600000000000000000000000000000e+02
6.658000000000000000000000000000e+03 1.000000000000000000000000000000e+00 1.000000000000000000000000000000e+00 3.610000000000000000000000000000e+02
6.659000000000000000000000000000e+03 3.000000000000000000000000000000e+00 9.000000000000000000000000000000e+00 3.620000000000000000000000000000e+02
6.719000000000000000000000000000e+03 3.100000000000000000000000000000e+01 9.610000000000000000000000000000e+02 3.630000000000000000000000000000e+02
6.728000000000000000000000000000e+03 1.600000000000000000000000000000e+01 2.560000000000000000000000000000e+02 3.640000000000000000000000000000e+02
6.736000000000000000000000000000e+03 1.600000000000000000000000000000e+01 2.560000000000000000000000000000e+02 3.650000000000000000000000000000e+02
6.769000000000000000000000000000e+03 3.200000000000000000000000000000e+01 1.024000000000000000000000000000e+03 3.660000000000000000000000000000e+02
6.771000000000000000000000000000e+03 8.000000000000000000000000000000e+00 6.400000000000000000000000000000e+01 3.670000000000000000000000000000e+02
6.775000000000000000000000000000e+03 2.100000000000000000000000000000e+01 4.410000000000000000000000000000e+02 3.680000000000000000000000000000e+02
6.789000000000000000000000000000e+03 5.000000000000000000000000000000e+00 2.500000000000000000000000000000e+01 3.690000000000000000000000000000e+02
6.792000000000000000000000000000e+03 2.000000000000000000000000000000e+00 4.000000000000000000000000000000e+00 3.700000000000000000000000000000e+02
6.797000000000000000000000000000e+03 2.000000000000000000000000000000e+00 4.000000000000000000000000000000e+00 3.710000000000000000000000000000e+02
6.799000000000000000000000000000e+03 1.000000000000000000000000000000e+00 1.000000000000000000000000000000e+00 3.720000000000000000000000000000e+02
6.800000000000000000000000000000e+03 1.000000000000000000000000000000e+00 1.000000000000000000000000000000e+00 3.730000000000000000000000000000e+02
6.812000000000000000000000000000e+03 4.400000000000000000000000000000e+01 1.936000000000000000000000000000e+03 3.740000000000000000000000000000e+02
6.813000000000000000000000000000e+03 1.200000000000000000000000000000e+01 1.440000000000000000000000000000e+02 3.750000000000000000000000000000e+02
6.850000000000000000000000000000e+03 1.000000000000000000000000000000e+00 1.000000000000000000000000000000e+00 3.760000000000000000000000000000e+02
6.865000000000000000000000000000e+03 5.000000000000000000000000000000e+00 2.500000000000000000000000000000e+01 3.770000000000000000000000000000e+02
6.866000000000000000000000000000e+03 8.000000000000000000000000000000e+00 6.400000000000000000000000000000e+01 3.780000000000000000000000000000e+02
6.876000000000000000000000000000e+03 4.000000000000000000000000000000e+00 1.600000000000000000000000000000e+01 3.790000000000000000000000000000e+02
6.890000000000000000000000000000e+03 1.300000000000000000000000000000e+01 1.690000000000000000000000000000e+02 3.800000000000000000000000000000e+02
6.895000000000000000000000000000e+03 8.000000000000000000000000000000e+00 6.400000000000000000000000000000e+01 3.810000000000000000000000000000e+02
6.921000000000000000000000000000e+03 4.000000000000000000000000000000e+00 1.600000000000000000000000000000e+01 3.820000000000000000000000000000e+02
6.930000000000000000000000000000e+03 7.000000000000000000000000000000e+00 4.900000000000000000000000000000e+01 3.830000000000000000000000000000e+02
6.939000000000000000000000000000e+03 6.000000000000000000000000000000e+00 3.600000000000000000000000000000e+01 3.840000000000000000000000000000e+02
6.950000000000000000000000000000e+03 1.000000000000000000000000000000e+00 1.000000000000000000000000000000e+00 3.850000000000000000000000000000e+02
6.962000000000000000000000000000e+03 1.000000000000000000000000000000e+01 1.000000000000000000000000000000e+02 3.860000000000000000000000000000e+02
7.001000000000000000000000000000e+03 1.100000000000000000000000000000e+01 1.210000000000000000000000000000e+02 3.870000000000000000000000000000e+02
7.016000000000000000000000000000e+03 1.000000000000000000000000000000e+00 1.000000000000000000000000000000e+00 3.880000000000000000000000000000e+02
7.021000000000000000000000000000e+03 2.000000000000000000000000000000e+00 4.000000000000000000000000000000e+00 3.890000000000000000000000000000e+02
7.039000000000000000000000000000e+03 1.000000000000000000000000000000e+00 1.000000000000000000000000000000e+00 3.900000000000000000000000000000e+02
7.046000000000000000000000000000e+03 3.000000000000000000000000000000e+00 9.000000000000000000000000000000e+00 3.910000000000000000000000000000e+02
7.080000000000000000000000000000e+03 2.100000000000000000000000000000e+01 4.410000000000000000000000000000e+02 3.920000000000000000000000000000e+02
7.085000000000000000000000000000e+03 1.000000000000000000000000000000e+00 1.000000000000000000000000000000e+00 3.930000000000000000000000000000e+02
7.099000000000000000000000000000e+03 5.000000000000000000000000000000e+00 2.500000000000000000000000000000e+01 3.940000000000000000000000000000e+02
7.139000000000000000000000000000e+03 1.200000000000000000000000000000e+01 1.440000000000000000000000000000e+02 3.950000000000000000000000000000e+02
7.234000000000000000000000000000e+03 2.000000000000000000000000000000e+00 4.000000000000000000000000000000e+00 3.960000000000000000000000000000e+02
7.251000000000000000000000000000e+03 3.000000000000000000000000000000e+00 9.000000000000000000000000000000e+00 3.970000000000000000000000000000e+02
7.282000000000000000000000000000e+03 2.000000000000000000000000000000e+01 4.000000000000000000000000000000e+02 3.980000000000000000000000000000e+02
7.295000000000000000000000000000e+03 6.000000000000000000000000000000e+00 3.600000000000000000000000000000e+01 3.990000000000000000000000000000e+02
