8.000000000000000000000000000000e+00 3.000000000000000000000000000000e+00 9.000000000000000000000000000000e+00 0.000000000000000000000000000000e+00
1.100000000000000000000000000000e+01 1.000000000000000000000000000000e+00 1.000000000000000000000000000000e+00 1.000000000000000000000000000000e+00
2.500000000000000000000000000000e+01 1.900000000000000000000000000000e+01 3.610000000000000000000000000000e+02 2.000000000000000000000000000000e+00
5.800000000000000000000000000000e+01 3.900000000000000000000000000000e+01 1.521000000000000000000000000000e+03 3.000000000000000000000000000000e+00
8.400000000000000000000000000000e+01 2.000000000000000000000000000000e+00 4.000000000000000000000000000000e+00 4.000000000000000000000000000000e+00
8.800000000000000000000000000000e+01 3.000000000000000000000000000000e+01 9.000000000000000000000000000000e+02 5.000000000000000000000000000000e+00
1.210000000000000000000000000000e+02 1.200000000000000000000000000000e+01 1.440000000000000000000000000000e+02 6.000000000000000000000000000000e+00
1.230000000000000000000000000000e+02 2.400000000000000000000000000000e+01 5.760000000000000000000000000000e+02 7.000000000000000000000000000000e+00
1.320000000000000000000000000000e+02 3.000000000000000000000000000000e+01 9.000000000000000000000000000000e+02 8.000000000000000000000000000000e+00
1.440000000000000000000000000000e+02 2.800000000000000000000000000000e+01 7.840000000000000000000000000000e+02 9.000000000000000000000000000000e+00
1.580000000000000000000000000000e+02 1.400000000000000000000000000000e+01 1.960000000000000000000000000000e+02 1.000000000000000000000000000000e+01
1.760000000000000000000000000000e+02 2.000000000000000000000000000000e+00 4.000000000000000000000000000000e+00 1.100000000000000000000000000000e+01
1.770000000000000000000000000000e+02 1.000000000000000000000000000000e+00 1.000000000000000000000000000000e+00 1.200000000000000000000000000000e+01
2.220000000000000000000000000000e+02 1.000000000000000000000000000000e+00 1.000000000000000000000000000000e+00 1.300000000000000000000000000000e+01
2.300000000000000000000000000000e+02 1.500000000000000000000000000000e+01 2.250000000000000000000000000000e+02 1.400000000000000000000000000000e+01
2.480000000000000000000000000000e+02 5.000000000000000000000000000000e+00 2.500000000000000000000000000000e+01 1.500000000000000000000000000000e+01
2.740000000000000000000000000000e+02 2.500000000000000000000000000000e+01 6.250000000000000000000000000000e+02 1.600000000000000000000000000000e+01
2.780000000000000000000000000000e+02 2.000000000000000000000000000000e+00 4.000000000000000000000000000000e+00 1.700000000000000000000000000000e+01
3.210000000000000000000000000000e+02 6.000000000000000000000000000000e+00 3.600000000000000000000000000000e+01 1.800000000000000000000000000000e+01
3.380000000000000000000000000000e+02 1.400000000000000000000000000000e+01 1.960000000000000000000000000000e+02 1.900000000000000000000000000000e+01
3.410000000000000000000000000000e+02 5.000000000000000000000000000000e+00 2.500000000000000000000000000000e+01 2.000000000000000000000000000000e+01
3.540000000000000000000000000000e+02 2.100000000000000000000000000000e+01 4.410000000000000000000000000000e+02 2.100000000000000000000000000000e+01
3.780000000000000000000000000000e+02 1.200000000000000000000000000000e+01 1.440000000000000000000000000000e+02 2.200000000000000000000000000000e+01
3.970000000000000000000000000000e+02 1.500000000000000000000000000000e+01 2.250000000000000000000000000000e+02 2.300000000000000000000000000000e+01
4.020000000000000000000000000000e+02 1.500000000000000000000000000000e+01 2.250000000000000000000000000000e+02 2.400000000000000000000000000000e+01
4.280000000000000000000000000000e+02 9.000000000000000000000000000000e+00 8.100000000000000000000000000000e+01 2.500000000000000000000000000000e+01
4.360000000000000000000000000000e+02 3.000000000000000000000000000000e+00 9.000000000000000000000000000000e+00 2.600000000000000000000000000000e+01
4.390000000000000000000000000000e+02 1.700000000000000000000000000000e+01 2.890000000000000000000000000000e+02 2.700000000000000000000000000000e+01
4.530000000000000000000000000000e+02 3.800000000000000000000000000000e+01 1.444000000000000000000000000000e+03 2.800000000000000000000000000000e+01
4.540000000000000000000000000000e+02 1.700000000000000000000000000000e+01 2.890000000000000000000000000000e+02 2.900000000000000000000000000000e+01
4.570000000000000000000000000000e+02 6.000000000000000000000000000000e+01 3.600000000000000000000000000000e+03 3.000000000000000000000000000000e+01
4.770000000000000000000000000000e+02 8.000000000000000000000000000000e+00 6.400000000000000000000000000000e+01 3.100000000000000000000000000000e+01
4.960000000000000000000000000000e+02 1.200000000000000000000000000000e+01 1.440000000000000000000000000000e+02 3.200000000000000000000000000000e+01
5.040000000000000000000000000000e+02 2.000000000000000000000000000000e+00 4.000000000000000000000000000000e+00 3.300000000000000000000000000000e+01
5.090000000000000000000000000000e+02 3.000000000000000000000000000000e+00 9.000000000000000000000000000000e+00 3.400000000000000000000000000000e+01
5.640000000000000000000000000000e+02 1.100000000000000000000000000000e+01 1.210000000000000000000000000000e+02 3.500000000000000000000000000000e+01
5.970000000000000000000000000000e+02 4.200000000000000000000000000000e+01 1.764000000000000000000000000000e+03 3.600000000000000000000000000000e+01
6.290000000000000000000000000000e+02 2.400000000000000000000000000000e+01 5.760000000000000000000000000000e+02 3.700000000000000000000000000000e+01
7.010000000000000000000000000000e+02 7.000000000000000000000000000000e+00 4.900000000000000000000000000000e+01 3.800000000000000000000000000000e+01
7.040000000000000000000000000000e+02 6.000000000000000000000000000000e+00 3.600000000000000000000000000000e+01 3.900000000000000000000000000000e+01
7.140000000000000000000000000000e+02 1.000000000000000000000000000000e+00 1.000000000000000000000000000000e+00 4.000000000000000000000000000000e+01
7.240000000000000000000000000000e+02 1.700000000000000000000000000000e+01 2.890000000000000000000000000000e+02 4.100000000000000000000000000000e+01
7.420000000000000000000000000000e+02 1.000000000000000000000000000000e+00 1.000000000000000000000000000000e+00 4.200000000000000000000000000000e+01
7.670000000000000000000000000000e+02 3.000000000000000000000000000000e+00 9.000000000000000000000000000000e+00 4.300000000000000000000000000000e+01
7.720000000000000000000000000000e+02 1.100000000000000000000000000000e+01 1.210000000000000000000000000000e+02 4.400000000000000000000000000000e+01
7.870000000000000000000000000000e+02 3.100000000000000000000000000000e+01 9.610000000000000000000000000000e+02 4.500000000000000000000000000000e+01
7.900000000000000000000000000000e+02 1.000000000000000000000000000000e+01 1.000000000000000000000000000000e+02 4.600000000000000000000000000000e+01
8.110000000000000000000000000000e+02 2.800000000000000000000000000000e+01 7.840000000000000000000000000000e+02 4.700000000000000000000000000000e+01
8.290000000000000000000000000000e+02 6.000000000000000000000000000000e+00 3.600000000000000000000000000000e+01 4.800000000000000000000000000000e+01
8.540000000000000000000000000000e+02 1.000000000000000000000000000000e+00 1.000000000000000000000000000000e+00 4.900000000000000000000000000000e+01
8.860000000000000000000000000000e+02 5.000000000000000000000000000000e+00 2.500000000000000000000000000000e+01 5.000000000000000000000000000000e+01
8.910000000000000000000000000000e+02 1.200000000000000000000000000000e+01 1.440000000000000000000000000000e+02 5.100000000000000000000000000000e+01
9.200000000000000000000000000000e+02 1.000000000000000000000000000000e+00 1.000000000000000000000000000000e+00 5.200000000000000000000000000000e+01
9.310000000000000000000000000000e+02 6.000000000000000000000000000000e+00 3.600000000000000000000000000000e+01 5.300000000000000000000000000000e+01
9.370000000000000000000000000000e+02 5.000000000000000000000000000000e+00 2.500000000000000000000000000000e+01 5.400000000000000000000000000000e+01
9.630000000000000000000000000000e+02 3.000000000000000000000000000000e+00 9.000000000000000000000000000000e+00 5.500000000000000000000000000000e+01
9.790000000000000000000000000000e+02 3.200000000000000000000000000000e+01 1.024000000000000000000000000000e+03 5.600000000000000000000000000000e+01
9.980000000000000000000000000000e+02 2.000000000000000000000000000000e+00 4.000000000000000000000000000000e+00 5.700000000000000000000000000000e+01
1.039000000000000000000000000000e+03 1.300000000000000000000000000000e+01 1.690000000000000000000000000000e+02 5.800000000000000000000000000000e+01
1.048000000000000000000000000000e+03 1.900000000000000000000000000000e+01 3.610000000000000000000000000000e+02 5.900000000000000000000000000000e+01
1.056000000000000000000000000000e+03 2.600000000000000000000000000000e+01 6.760000000000000000000000000000e+02 6.000000000000000000000000000000e+01
1.073000000000000000000000000000e+03 1.200000000000000000000000000000e+01 1.440000000000000000000000000000e+02 6.100000000000000000000000000000e+01
1.121000000000000000000000000000e+03 8.000000000000000000000000000000e+00 6.400000000000000000000000000000e+01 6.200000000000000000000000000000e+01
1.133000000000000000000000000000e+03 1.000000000000000000000000000000e+01 1.000000000000000000000000000000e+02 6.300000000000000000000000000000e+01
1.188000000000000000000000000000e+03 6.000000000000000000000000000000e+00 3.600000000000000000000000000000e+01 6.400000000000000000000000000000e+01
1.207000000000000000000000000000e+03 1.400000000000000000000000000000e+01 1.960000000000000000000000000000e+02 6.500000000000000000000000000000e+01
1.259000000000000000000000000000e+03 8.000000000000000000000000000000e+00 6.400000000000000000000000000000e+01 6.600000000000000000000000000000e+01
1.273000000000000000000000000000e+03 7.000000000000000000000000000000e+00 4.900000000000000000000000000000e+01 6.700000000000000000000000000000e+01
1.289000000000000000000000000000e+03 4.000000000000000000000000000000e+00 1.600000000000000000000000000000e+01 6.800000000000000000000000000000e+01
1.360000000000000000000000000000e+03 3.000000000000000000000000000000e+00 9.000000000000000000000000000000e+00 6.900000000000000000000000000000e+01
1.392000000000000000000000000000e+03 5.000000000000000000000000000000e+00 2.500000000000000000000000000000e+01 7.000000000000000000000000000000e+01
1.398000000000000000000000000000e+03 1.100000000000000000000000000000e+01 1.210000000000000000000000000000e+02 7.100000000000000000000000000000e+01
1.400000000000000000000000000000e+03 5.000000000000000000000000000000e+00 2.500000000000000000000000000000e+01 7.200000000000000000000000000000e+01
1.406000000000000000000000000000e+03 1.200000000000000000000000000000e+01 1.440000000000000000000000000000e+02 7.300000000000000000000000000000e+01
1.407000000000000000000000000000e+03 2.600000000000000000000000000000e+01 6.760000000000000000000000000000e+02 7.400000000000000000000000000000e+01
1.444000000000000000000000000000e+03 1.000000000000000000000000000000e+01 1.000000000000000000000000000000e+02 7.500000000000000000000000000000e+01
1.474000000000000000000000000000e+03 4.000000000000000000000000000000e+00 1.600000000000000000000000000000e+01 7.600000000000000000000000000000e+01
1.494000000000000000000000000000e+03 1.000000000000000000000000000000e+00 1.000000000000000000000000000000e+00 7.700000000000000000000000000000e+01
1.530000000000000000000000000000e+03 1.600000000000000000000000000000e+01 2.560000000000000000000000000000e+02 7.800000000000000000000000000000e+01
1.541000000000000000000000000000e+03 1.300000000000000000000000000000e+01 1.690000000000000000000000000000e+02 7.900000000000000000000000000000e+01
1.583000000000000000000000000000e+03 3.000000000000000000000000000000e+00 9.000000000000000000000000000000e+00 8.000000000000000000000000000000e+01
1.594000000000000000000000000000e+03 2.000000000000000000000000000000e+00 4.000000000000000000000000000000e+00 8.100000000000000000000000000000e+01
1.610000000000000000000000000000e+03 9.000000000000000000000000000000e+00 8.100000000000000000000000000000e+01 8.200000000000000000000000000000e+01
1.688000000000000000000000000000e+03 1.900000000000000000000000000000e+01 3.610000000000000000000000000000e+02 8.300000000000000000000000000000e+01
1.694000000000000000000000000000e+03 1.100000000000000000000000000000e+01 1.210000000000000000000000000000e+02 8.400000000000000000000000000000e+01
1.712000000000000000000000000000e+03 1.600000000000000000000000000000e+01 2.560000000000000000000000000000e+02 8.500000000000000000000000000000e+01
1.718000000000000000000000000000e+03 4.000000000000000000000000000000e+00 1.600000000000000000000000000000e+01 8.600000000000000000000000000000e+01
1.733000000000000000000000000000e+03 1.700000000000000000000000000000e+01 2.890000000000000000000000000000e+02 8.700000000000000000000000000000e+01
1.740000000000000000000000000000e+03 4.000000000000000000000000000000e+00 1.600000000000000000000000000000e+01 8.800000000000000000000000000000e+01
1.784000000000000000000000000000e+03 3.000000000000000000000000000000e+01 9.000000000000000000000000000000e+02 8.900000000000000000000000000000e+01
1.793000000000000000000000000000e+03 9.000000000000000000000000000000e+00 8.100000000000000000000000000000e+01 9.000000000000000000000000000000e+01
1.801000000000000000000000000000e+03 5.000000000000000000000000000000e+00 2.500000000000000000000000000000e+01 9.100000000000000000000000000000e+01
1.812000000000000000000000000000e+03 2.800000000000000000000000000000e+01 7.840000000000000000000000000000e+02 9.200000000000000000000000000000e+01
1.820000000000000000000000000000e+03 1.800000000000000000000000000000e+01 3.240000000000000000000000000000e+02 9.300000000000000000000000000000e+01
1.843000000000000000000000000000e+03 6.500000000000000000000000000000e+01 4.225000000000000000000000000000e+03 9.400000000000000000000000000000e+01
1.846000000000000000000000000000e+03 3.000000000000000000000000000000e+01 9.000000000000000000000000000000e+02 9.500000000000000000000000000000e+01
1.855000000000000000000000000000e+03 2.600000000000000000000000000000e+01 6.760000000000000000000000000000e+02 9.600000000000000000000000000000e+01
1.857000000000000000000000000000e+03 5.000000000000000000000000000000e+00 2.500000000000000000000000000000e+01 9.700000000000000000000000000000e+01
1.886000000000000000000000000000e+03 2.000000000000000000000000000000e+00 4.000000000000000000000000000000e+00 9.800000000000000000000000000000e+01
1.940000000000000000000000000000e+03 1.900000000000000000000000000000e+01 3.610000000000000000000000000000e+02 9.900000000000000000000000000000e+01
1.947000000000000000000000000000e+03 1.300000000000000000000000000000e+01 1.690000000000000000000000000000e+02 1.000000000000000000000000000000e+02
1.981000000000000000000000000000e+03 8.000000000000000000000000000000e+00 6.400000000000000000000000000000e+01 1.010000000000000000000000000000e+02
2.020000000000000000000000000000e+03 4.000000000000000000000000000000e+00 1.600000000000000000000000000000e+01 1.020000000000000000000000000000e+02
2.028000000000000000000000000000e+03 2.000000000000000000000000000000e+00 4.000000000000000000000000000000e+00 1.030000000000000000000000000000e+02
2.064000000000000000000000000000e+03 3.000000000000000000000000000000e+00 9.000000000000000000000000000000e+00 1.040000000000000000000000000000e+02
2.079000000000000000000000000000e+03 3.000000000000000000000000000000e+01 9.000000000000000000000000000000e+02 1.050000000000000000000000000000e+02
2.135000000000000000000000000000e+03 2.000000000000000000000000000000e+00 4.000000000000000000000000000000e+00 1.060000000000000000000000000000e+02
2.139000000000000000000000000000e+03 6.000000000000000000000000000000e+00 3.600000000000000000000000000000e+01 1.070000000000000000000000000000e+02
2.150000000000000000000000000000e+03 5.000000000000000000000000000000e+00 2.500000000000000000000000000000e+01 1.080000000000000000000000000000e+02
2.153000000000000000000000000000e+03 1.200000000000000000000000000000e+01 1.440000000000000000000000000000e+02 1.090000000000000000000000000000e+02
2.172000000000000000000000000000e+03 2.000000000000000000000000000000e+00 4.000000000000000000000000000000e+00 1.100000000000000000000000000000e+02
2.205000000000000000000000000000e+03 1.000000000000000000000000000000e+00 1.000000000000000000000000000000e+00 1.110000000000000000000000000000e+02
2.239000000000000000000000000000e+03 1.000000000000000000000000000000e+01 1.000000000000000000000000000000e+02 1.120000000000000000000000000000e+02
2.248000000000000000000000000000e+03 9.000000000000000000000000000000e+00 8.100000000000000000000000000000e+01 1.130000000000000000000000000000e+02
2.264000000000000000000000000000e+03 4.000000000000000000000000000000e+00 1.600000000000000000000000000000e+01 1.140000000000000000000000000000e+02
2.283000000000000000000000000000e+03 6.000000000000000000000000000000e+00 3.600000000000000000000000000000e+01 1.150000000000000000000000000000e+02
2.312000000000000000000000000000e+03 1.000000000000000000000000000000e+00 1.000000000000000000000000000000e+00 1.160000000000000000000000000000e+02
2.324000000000000000000000000000e+03 4.000000000000000000000000000000e+00 1.600000000000000000000000000000e+01 1.170000000000000000000000000000e+02
2.331000000000000000000000000000e+03 2.100000000000000000000000000000e+01 4.410000000000000000000000000000e+02 1.180000000000000000000000000000e+02
2.359000000000000000000000000000e+03 1.100000000000000000000000000000e+01 1.210000000000000000000000000000e+02 1.190000000000000000000000000000e+02
2.380000000000000000000000000000e+03 1.300000000000000000000000000000e+01 1.690000000000000000000000000000e+02 1.200000000000000000000000000000e+02
2.429000000000000000000000000000e+03 1.800000000000000000000000000000e+01 3.240000000000000000000000000000e+02 1.210000000000000000000000000000e+02
2.439000000000000000000000000000e+03 1.700000000000000000000000000000e+01 2.890000000000000000000000000000e+02 1.220000000000000000000000000000e+02
2.455000000000000000000000000000e+03 1.600000000000000000000000000000e+01 2.560000000000000000000000000000e+02 1.230000000000000000000000000000e+02
2.471000000000000000000000000000e+03 5.000000000000000000000000000000e+00 2.500000000000000000000000000000e+01 1.240000000000000000000000000000e+02
2.477000000000000000000000000000e+03 2.500000000000000000000000000000e+01 6.250000000000000000000000000000e+02 1.250000000000000000000000000000e+02
2.490000000000000000000000000000e+03 6.000000000000000000000000000000e+00 3.600000000000000000000000000000e+01 1.260000000000000000000000000000e+02
2.497000000000000000000000000000e+03 1.400000000000000000000000000000e+01 1.960000000000000000000000000000e+02 1.270000000000000000000000000000e+02
2.504000000000000000000000000000e+03 2.000000000000000000000000000000e+00 4.000000000000000000000000000000e+00 1.280000000000000000000000000000e+02
2.531000000000000000000000000000e+03 8.000000000000000000000000000000e+00 6.400000000000000000000000000000e+01 1.290000000000000000000000000000e+02
2.569000000000000000000000000000e+03 3.000000000000000000000000000000e+00 9.000000000000000000000000000000e+00 1.300000000000000000000000000000e+02
2.592000000000000000000000000000e+03 6.000000000000000000000000000000e+00 3.600000000000000000000000000000e+01 1.310000000000000000000000000000e+02
2.596000000000000000000000000000e+03 1.000000000000000000000000000000e+00 1.000000000000000000000000000000e+00 1.320000000000000000000000000000e+02
2.599000000000000000000000000000e+03 7.000000000000000000000000000000e+00 4.900000000000000000000000000000e+01 1.330000000000000000000000000000e+02
2.623000000000000000000000000000e+03 4.000000000000000000000000000000e+00 1.600000000000000000000000000000e+01 1.340000000000000000000000000000e+02
2.674000000000000000000000000000e+03 7.000000000000000000000000000000e+00 4.900000000000000000000000000000e+01 1.350000000000000000000000000000e+02
2.721000000000000000000000000000e+03 1.100000000000000000000000000000e+01 1.210000000000000000000000000000e+02 1.360000000000000000000000000000e+02
2.725000000000000000000000000000e+03 2.800000000000000000000000000000e+01 7.840000000000000000000000000000e+02 1.370000000000000000000000000000e+02
2.778000000000000000000000000000e+03 1.000000000000000000000000000000e+00 1.000000000000000000000000000000e+00 1.380000000000000000000000000000e+02
2.787000000000000000000000000000e+03 1.500000000000000000000000000000e+01 2.250000000000000000000000000000e+02 1.390000000000000000000000000000e+02
2.792000000000000000000000000000e+03 5.000000000000000000000000000000e+00 2.500000000000000000000000000000e+01 1.400000000000000000000000000000e+02
2.804000000000000000000000000000e+03 1.000000000000000000000000000000e+00 1.000000000000000000000000000000e+00 1.410000000000000000000000000000e+02
2.846000000000000000000000000000e+03 4.000000000000000000000000000000e+01 1.600000000000000000000000000000e+03 1.420000000000000000000000000000e+02
2.848000000000000000000000000000e+03 7.000000000000000000000000000000e+00 4.900000000000000000000000000000e+01 1.430000000000000000000000000000e+02
2.867000000000000000000000000000e+03 9.000000000000000000000000000000e+00 8.100000000000000000000000000000e+01 1.440000000000000000000000000000e+02
2.876000000000000000000000000000e+03 2.000000000000000000000000000000e+00 4.000000000000000000000000000000e+00 1.450000000000000000000000000000e+02
2.957000000000000000000000000000e+03 1.700000000000000000000000000000e+01 2.890000000000000000000000000000e+02 1.460000000000000000000000000000e+02
2.972000000000000000000000000000e+03 5.000000000000000000000000000000e+00 2.500000000000000000000000000000e+01 1.470000000000000000000000000000e+02
3.010000000000000000000000000000e+03 2.000000000000000000000000000000e+00 4.000000000000000000000000000000e+00 1.480000000000000000000000000000e+02
3.052000000000000000000000000000e+03 3.600000000000000000000000000000e+01 1.296000000000000000000000000000e+03 1.490000000000000000000000000000e+02
3.096000000000000000000000000000e+03 5.000000000000000000000000000000e+00 2.500000000000000000000000000000e+01 1.500000000000000000000000000000e+02
3.114000000000000000000000000000e+03 5.000000000000000000000000000000e+00 2.500000000000000000000000000000e+01 1.510000000000000000000000000000e+02
3.138000000000000000000000000000e+03 8.000000000000000000000000000000e+00 6.400000000000000000000000000000e+01 1.520000000000000000000000000000e+02
3.151000000000000000000000000000e+03 1.800000000000000000000000000000e+01 3.240000000000000000000000000000e+02 1.530000000000000000000000000000e+02
3.186000000000000000000000000000e+03 6.000000000000000000000000000000e+00 3.600000000000000000000000000000e+01 1.540000000000000000000000000000e+02
3.201000000000000000000000000000e+03 1.100000000000000000000000000000e+01 1.210000000000000000000000000000e+02 1.550000000000000000000000000000e+02
3.204000000000000000000000000000e+03 6.000000000000000000000000000000e+00 3.600000000000000000000000000000e+01 1.560000000000000000000000000000e+02
3.210000000000000000000000000000e+03 4.000000000000000000000000000000e+00 1.600000000000000000000000000000e+01 1.570000000000000000000000000000e+02
3.240000000000000000000000000000e+03 1.500000000000000000000000000000e+01 2.250000000000000000000000000000e+02 1.580000000000000000000000000000e+02
3.242000000000000000000000000000e+03 1.600000000000000000000000000000e+01 2.560000000000000000000000000000e+02 1.590000000000000000000000000000e+02
3.266000000000000000000000000000e+03 9.000000000000000000000000000000e+00 8.100000000000000000000000000000e+01 1.600000000000000000000000000000e+02
3.275000000000000000000000000000e+03 6.000000000000000000000000000000e+00 3.600000000000000000000000000000e+01 1.610000000000000000000000000000e+02
3.282000000000000000000000000000e+03 2.200000000000000000000000000000e+01 4.840000000000000000000000000000e+02 1.620000000000000000000000000000e+02
3.299000000000000000000000000000e+03 1.400000000000000000000000000000e+01 1.960000000000000000000000000000e+02 1.630000000000000000000000000000e+02
3.318000000000000000000000000000e+03 6.000000000000000000000000000000e+00 3.600000000000000000000000000000e+01 1.640000000000000000000000000000e+02
3.330000000000000000000000000000e+03 2.000000000000000000000000000000e+00 4.000000000000000000000000000000e+00 1.650000000000000000000000000000e+02
3.354000000000000000000000000000e+03 2.000000000000000000000000000000e+00 4.000000000000000000000000000000e+00 1.660000000000000000000000000000e+02
3.355000000000000000000000000000e+03 4.000000000000000000000000000000e+00 1.600000000000000000000000000000e+01 1.670000000000000000000000000000e+02
3.377000000000000000000000000000e+03 3.000000000000000000000000000000e+00 9.000000000000000000000000000000e+00 1.680000000000000000000000000000e+02
3.379000000000000000000000000000e+03 4.600000000000000000000000000000e+01 2.116000000000000000000000000000e+03 1.690000000000000000000000000000e+02
3.414000000000000000000000000000e+03 9.000000000000000000000000000000e+00 8.100000000000000000000000000000e+01 1.700000000000000000000000000000e+02
3.431000000000000000000000000000e+03 1.500000000000000000000000000000e+01 2.250000000000000000000000000000e+02 1.710000000000000000000000000000e+02
3.452000000000000000000000000000e+03 1.000000000000000000000000000000e+01 1.000000000000000000000000000000e+02 1.720000000000000000000000000000e+02
3.457000000000000000000000000000e+03 1.000000000000000000000000000000e+00 1.000000000000000000000000000000e+00 1.730000000000000000000000000000e+02
3.463000000000000000000000000000e+03 9.000000000000000000000000000000e+00 8.100000000000000000000000000000e+01 1.740000000000000000000000000000e+02
3.504000000000000000000000000000e+03 1.100000000000000000000000000000e+01 1.210000000000000000000000000000e+02 1.750000000000000000000000000000e+02
3.512000000000000000000000000000e+03 4.000000000000000000000000000000e+00 1.600000000000000000000000000000e+01 1.760000000000000000000000000000e+02
3.524000000000000000000000000000e+03 5.000000000000000000000000000000e+00 2.500000000000000000000000000000e+01 1.770000000000000000000000000000e+02
3.547000000000000000000000000000e+03 1.000000000000000000000000000000e+00 1.000000000000000000000000000000e+00 1.780000000000000000000000000000e+02
3.555000000000000000000000000000e+03 3.000000000000000000000000000000e+00 9.000000000000000000000000000000e+00 1.790000000000000000000000000000e+02
3.582000000000000000000000000000e+03 3.900000000000000000000000000000e+01 1.521000000000000000000000000000e+03 1.800000000000000000000000000000e+02
3.593000000000000000000000000000e+03 7.000000000000000000000000000000e+00 4.900000000000000000000000000000e+01 1.810000000000000000000000000000e+02
3.609000000000000000000000000000e+03 4.000000000000000000000000000000e+00 1.600000000000000000000000000000e+01 1.820000000000000000000000000000e+02
3.617000000000000000000000000000e+03 9.000000000000000000000000000000e+00 8.100000000000000000000000000000e+01 1.830000000000000000000000000000e+02
3.627000000000000000000000000000e+03 1.300000000000000000000000000000e+01 1.690000000000000000000000000000e+02 1.840000000000000000000000000000e+02
3.664000000000000000000000000000e+03 4.000000000000000000000000000000e+00 1.600000000000000000000000000000e+01 1.850000000000000000000000000000e+02
3.672000000000000000000000000000e+03 2.600000000000000000000000000000e+01 6.760000000000000000000000000000e+02 1.860000000000000000000000000000e+02
3.712000000000000000000000000000e+03 2.300000000000000000000000000000e+01 5.290000000000000000000000000000e+02 1.870000000000000000000000000000e+02
3.757000000000000000000000000000e+03 4.000000000000000000000000000000e+00 1.600000000000000000000000000000e+01 1.880000000000000000000000000000e+02
3.760000000000000000000000000000e+03 5.000000000000000000000000000000e+00 2.500000000000000000000000000000e+01 1.890000000000000000000000000000e+02
3.764000000000000000000000000000e+03 3.000000000000000000000000000000e+00 9.000000000000000000000000000000e+00 1.900000000000000000000000000000e+02
3.777000000000000000000000000000e+03 1.300000000000000000000000000000e+01 1.690000000000000000000000000000e+02 1.910000000000000000000000000000e+02
3.799000000000000000000000000000e+03 2.000000000000000000000000000000e+01 4.000000000000000000000000000000e+02 1.920000000000000000000000000000e+02
3.837000000000000000000000000000e+03 1.000000000000000000000000000000e+00 1.000000000000000000000000000000e+00 1.930000000000000000000000000000e+02
3.852000000000000000000000000000e+03 5.000000000000000000000000000000e+00 2.500000000000000000000000000000e+01 1.940000000000000000000000000000e+02
3.890000000000000000000000000000e+03 1.900000000000000000000000000000e+01 3.610000000000000000000000000000e+02 1.950000000000000000000000000000e+02
3.896000000000000000000000000000e+03 7.000000000000000000000000000000e+00 4.900000000000000000000000000000e+01 1.960000000000000000000000000000e+02
3.926000000000000000000000000000e+03 1.100000000000000000000000000000e+01 1.210000000000000000000000000000e+02 1.970000000000000000000000000000e+02
3.998000000000000000000000000000e+03 4.000000000000000000000000000000e+00 1.600000000000000000000000000000e+01 1.980000000000000000000000000000e+02
4.048000000000000000000000000000e+03 1.100000000000000000000000000000e+01 1.210000000000000000000000000000e+02 1.990000000000000000000000000000e+02
4.062000000000000000000000000000e+03 2.000000000000000000000000000000e+00 4.000000000000000000000000000000e+00 2.000000000000000000000000000000e+02
4.081000000000000000000000000000e+03 2.100000000000000000000000000000e+01 4.410000000000000000000000000000e+02 2.010000000000000000000000000000e+02
4.100000000000000000000000000000e+03 1.200000000000000000000000000000e+01 1.440000000000000000000000000000e+02 2.020000000000000000000000000000e+02
4.101000000000000000000000000000e+03 1.500000000000000000000000000000e+01 2.250000000000000000000000000000e+02 2.030000000000000000000000000000e+02
4.124000000000000000000000000000e+03 8.000000000000000000000000000000e+00 6.400000000000000000000000000000e+01 2.040000000000000000000000000000e+02
4.147000000000000000000000000000e+03 1.200000000000000000000000000000e+01 1.440000000000000000000000000000e+02 2.050000000000000000000000000000e+02
4.161000000000000000000000000000e+03 3.000000000000000000000000000000e+00 9.000000000000000000000000000000e+00 2.060000000000000000000000000000e+02
4.165000000000000000000000000000e+03 1.200000000000000000000000000000e+01 1.440000000000000000000000000000e+02 2.070000000000000000000000000000e+02
4.166000000000000000000000000000e+03 1.000000000000000000000000000000e+00 1.000000000000000000000000000000e+00 2.080000000000000000000000000000e+02
4.191000000000000000000000000000e+03 9.000000000000000000000000000000e+00 8.100000000000000000000000000000e+01 2.090000000000000000000000000000e+02
4.216000000000000000000000000000e+03 5.000000000000000000000000000000e+00 2.500000000000000000000000000000e+01 2.100000000000000000000000000000e+02
4.233000000000000000000000000000e+03 4.000000000000000000000000000000e+00 1.600000000000000000000000000000e+01 2.110000000000000000000000000000e+02
4.235000000000000000000000000000e+03 4.000000000000000000000000000000e+00 1.600000000000000000000000000000e+01 2.120000000000000000000000000000e+02
4.244000000000000000000000000000e+03 3.300000000000000000000000000000e+01 1.089000000000000000000000000000e+03 2.130000000000000000000000000000e+02
4.269000000000000000000000000000e+03 1.800000000000000000000000000000e+01 3.240000000000000000000000000000e+02 2.140000000000000000000000000000e+02
4.273000000000000000000000000000e+03 2.000000000000000000000000000000e+00 4.000000000000000000000000000000e+00 2.150000000000000000000000000000e+02
4.291000000000000000000000000000e+03 9.000000000000000000000000000000e+00 8.100000000000000000000000000000e+01 2.160000000000000000000000000000e+02
4.327000000000000000000000000000e+03 7.000000000000000000000000000000e+00 4.900000000000000000000000000000e+01 2.170000000000000000000000000000e+02
4.351000000000000000000000000000e+03 2.100000000000000000000000000000e+01 4.410000000000000000000000000000e+02 2.180000000000000000000000000000e+02
4.407000000000000000000000000000e+03 8.000000000000000000000000000000e+00 6.400000000000000000000000000000e+01 2.190000000000000000000000000000e+02
4.418000000000000000000000000000e+03 1.500000000000000000000000000000e+01 2.250000000000000000000000000000e+02 2.200000000000000000000000000000e+02
4.432000000000000000000000000000e+03 2.400000000000000000000000000000e+01 5.760000000000000000000000000000e+02 2.210000000000000000000000000000e+02
4.436000000000000000000000000000e+03 2.000000000000000000000000000000e+00 4.000000000000000000000000000000e+00 2.220000000000000000000000000000e+02
4.438000000000000000000000000000e+03 7.000000000000000000000000000000e+00 4.900000000000000000000000000000e+01 2.230000000000000000000000000000e+02
4.443000000000000000000000000000e+03 8.000000000000000000000000000000e+00 6.400000000000000000000000000000e+01 2.240000000000000000000000000000e+02
4.449000000000000000000000000000e+03 5.000000000000000000000000000000e+00 2.500000000000000000000000000000e+01 2.250000000000000000000000000000e+02
4.479000000000000000000000000000e+03 4.000000000000000000000000000000e+00 1.600000000000000000000000000000e+01 2.260000000000000000000000000000e+02
4.512000000000000000000000000000e+03 4.000000000000000000000000000000e+00 1.600000000000000000000000000000e+01 2.270000000000000000000000000000e+02
4.537000000000000000000000000000e+03 6.000000000000000000000000000000e+00 3.600000000000000000000000000000e+01 2.280000000000000000000000000000e+02
4.551000000000000000000000000000e+03 6.000000000000000000000000000000e+00 3.600000000000000000000000000000e+01 2.290000000000000000000000000000e+02
4.592000000000000000000000000000e+03 2.000000000000000000000000000000e+01 4.000000000000000000000000000000e+02 2.300000000000000000000000000000e+02
4.631000000000000000000000000000e+03 2.500000000000000000000000000000e+01 6.250000000000000000000000000000e+02 2.310000000000000000000000000000e+02
4.634000000000000000000000000000e+03 8.000000000000000000000000000000e+00 6.400000000000000000000000000000e+01 2.320000000000000000000000000000e+02
4.642000000000000000000000000000e+03 6.000000000000000000000000000000e+00 3.600000000000000000000000000000e+01 2.330000000000000000000000000000e+02
4.647000000000000000000000000000e+03 1.600000000000000000000000000000e+01 2.560000000000000000000000000000e+02 2.340000000000000000000000000000e+02
4.652000000000000000000000000000e+03 6.000000000000000000000000000000e+00 3.600000000000000000000000000000e+01 2.350000000000000000000000000000e+02
4.669000000000000000000000000000e+03 4.000000000000000000000000000000e+00 1.600000000000000000000000000000e+01 2.360000000000000000000000000000e+02
4.704000000000000000000000000000e+03 1.200000000000000000000000000000e+01 1.440000000000000000000000000000e+02 2.370000000000000000000000000000e+02
4.712000000000000000000000000000e+03 1.900000000000000000000000000000e+01 3.610000000000000000000000000000e+02 2.380000000000000000000000000000e+02
4.750000000000000000000000000000e+03 1.000000000000000000000000000000e+01 1.000000000000000000000000000000e+02 2.390000000000000000000000000000e+02
4.811000000000000000000000000000e+03 1.900000000000000000000000000000e+01 3.610000000000000000000000000000e+02 2.400000000000000000000000000000e+02
4.840000000000000000000000000000e+03 6.000000000000000000000000000000e+00 3.600000000000000000000000000000e+01 2.410000000000000000000000000000e+02
4.849000000000000000000000000000e+03 1.500000000000000000000000000000e+01 2.250000000000000000000000000000e+02 2.420000000000000000000000000000e+02
4.853000000000000000000000000000e+03 1.000000000000000000000000000000e+01 1.000000000000000000000000000000e+02 2.430000000000000000000000000000e+02
4.856000000000000000000000000000e+03 5.000000000000000000000000000000e+00 2.500000000000000000000000000000e+01 2.440000000000000000000000000000e+02
4.887000000000000000000000000000e+03 5.000000000000000000000000000000e+00 2.500000000000000000000000000000e+01 2.450000000000000000000000000000e+02
4.924000000000000000000000000000e+03 2.000000000000000000000000000000e+00 4.000000000000000000000000000000e+00 2.460000000000000000000000000000e+02
4.978000000000000000000000000000e+03 8.000000000000000000000000000000e+00 6.400000000000000000000000000000e+01 2.470000000000000000000000000000e+02
4.990000000000000000000000000000e+03 7.000000000000000000000000000000e+00 4.900000000000000000000000000000e+01 2.480000000000000000000000000000e+02
4.997000000000000000000000000000e+03 3.000000000000000000000000000000e+00 9.000000000000000000000000000000e+00 2.490000000000000000000000000000e+02
5.014000000000000000000000000000e+03 5.000000000000000000000000000000e+00 2.500000000000000000000000000000e+01 2.500000000000000000000000000000e+02
5.041000000000000000000000000000e+03 3.000000000000000000000000000000e+00 9.000000000000000000000000000000e+00 2.510000000000000000000000000000e+02
5.105000000000000000000000000000e+03 1.000000000000000000000000000000e+01 1.000000000000000000000000000000e+02 2.520000000000000000000000000000e+02
5.110000000000000000000000000000e+03 2.000000000000000000000000000000e+00 4.000000000000000000000000000000e+00 2.530000000000000000000000000000e+02
5.112000000000000000000000000000e+03 4.000000000000000000000000000000e+00 1.600000000000000000000000000000e+01 2.540000000000000000000000000000e+02
5.123000000000000000000000000000e+03 1.000000000000000000000000000000e+01 1.000000000000000000000000000000e+02 2.550000000000000000000000000000e+02
5.138000000000000000000000000000e+03 2.800000000000000000000000000000e+01 7.840000000000000000000000000000e+02 2.560000000000000000000000000000e+02
5.158000000000000000000000000000e+03 8.000000000000000000000000000000e+00 6.400000000000000000000000000000e+01 2.570000000000000000000000000000e+02
5.166000000000000000000000000000e+03 6.000000000000000000000000000000e+00 3.600000000000000000000000000000e+01 2.580000000000000000000000000000e+02
5.213000000000000000000000000000e+03 8.000000000000000000000000000000e+00 6.400000000000000000000000000000e+01 2.590000000000000000000000000000e+02
5.231000000000000000000000000000e+03 7.000000000000000000000000000000e+00 4.900000000000000000000000000000e+01 2.600000000000000000000000000000e+02
5.257000000000000000000000000000e+03 1.000000000000000000000000000000e+00 1.000000000000000000000000000000e+00 2.610000000000000000000000000000e+02
5.305000000000000000000000000000e+03 8.000000000000000000000000000000e+00 6.400000000000000000000000000000e+01 2.620000000000000000000000000000e+02
5.319000000000000000000000000000e+03 4.000000000000000000000000000000e+00 1.600000000000000000000000000000e+01 2.630000000000000000000000000000e+02
5.328000000000000000000000000000e+03 2.400000000000000000000000000000e+01 5.760000000000000000000000000000e+02 2.640000000000000000000000000000e+02
5.358000000000000000000000000000e+03 3.000000000000000000000000000000e+00 9.000000000000000000000000000000e+00 2.650000000000000000000000000000e+02
5.369000000000000000000000000000e+03 2.300000000000000000000000000000e+01 5.290000000000000000000000000000e+02 2.660000000000000000000000000000e+02
5.383000000000000000000000000000e+03 2.000000000000000000000000000000e+00 4.000000000000000000000000000000e+00 2.670000000000000000000000000000e+02
5.419000000000000000000000000000e+03 1.000000000000000000000000000000e+00 1.000000000000000000000000000000e+00 2.680000000000000000000000000000e+02
5.432000000000000000000000000000e+03 3.000000000000000000000000000000e+00 9.000000000000000000000000000000e+00 2.690000000000000000000000000000e+02
5.440000000000000000000000000000e+03 3.000000000000000000000000000000e+00 9.000000000000000000000000000000e+00 2.700000000000000000000000000000e+02
5.459000000000000000000000000000e+03 6.000000000000000000000000000000e+00 3.600000000000000000000000000000e+01 2.710000000000000000000000000000e+02
5.463000000000000000000000000000e+03 2.100000000000000000000000000000e+01 4.410000000000000000000000000000e+02 2.720000000000000000000000000000e+02
5.476000000000000000000000000000e+03 5.000000000000000000000000000000e+00 2.500000000000000000000000000000e+01 2.730000000000000000000000000000e+02
5.499000000000000000000000000000e+03 1.300000000000000000000000000000e+01 1.690000000000000000000000000000e+02 2.740000000000000000000000000000e+02
5.542000000000000000000000000000e+03 1.000000000000000000000000000000e+00 1.000000000000000000000000000000e+00 2.750000000000000000000000000000e+02
5.624000000000000000000000000000e+03 2.000000000000000000000000000000e+00 4.000000000000000000000000000000e+00 2.760000000000000000000000000000e+02
5.625000000000000000000000000000e+03 2.000000000000000000000000000000e+00 4.000000000000000000000000000000e+00 2.770000000000000000000000000000e+02
5.633000000000000000000000000000e+03 4.800000000000000000000000000000e+01 2.304000000000000000000000000000e+03 2.780000000000000000000000000000e+02
5.641000000000000000000000000000e+03 1.000000000000000000000000000000e+01 1.000000000000000000000000000000e+02 2.790000000000000000000000000000e+02
5.668000000000000000000000000000e+03 3.000000000000000000000000000000e+00 9.000000000000000000000000000000e+00 2.800000000000000000000000000000e+02
5.674000000000000000000000000000e+03 6.000000000000000000000000000000e+00 3.600000000000000000000000000000e+01 2.810000000000000000000000000000e+02
5.686000000000000000000000000000e+03 1.800000000000000000000000000000e+01 3.240000000000000000000000000000e+02 2.820000000000000000000000000000e+02
5.704000000000000000000000000000e+03 9.000000000000000000000000000000e+00 8.100000000000000000000000000000e+01 2.830000000000000000000000000000e+02
5.747000000000000000000000000000e+03 1.800000000000000000000000000000e+01 3.240000000000000000000000000000e+02 2.840000000000000000000000000000e+02
5.756000000000000000000000000000e+03 1.300000000000000000000000000000e+01 1.690000000000000000000000000000e+02 2.850000000000000000000000000000e+02
5.778000000000000000000000000000e+03 1.600000000000000000000000000000e+01 2.560000000000000000000000000000e+02 2.860000000000000000000000000000e+02
5.781000000000000000000000000000e+03 1.000000000000000000000000000000e+01 1.000000000000000000000000000000e+02 2.870000000000000000000000000000e+02
5.784000000000000000000000000000e+03 1.000000000000000000000000000000e+00 1.000000000000000000000000000000e+00 2.880000000000000000000000000000e+02
5.793000000000000000000000000000e+03 1.200000000000000000000000000000e+01 1.440000000000000000000000000000e+02 2.890000000000000000000000000000e+02
5.806000000000000000000000000000e+03 7.000000000000000000000000000000e+00 4.900000000000000000000000000000e+01 2.900000000000000000000000000000e+02
5.824000000000000000000000000000e+03 1.700000000000000000000000000000e+01 2.890000000000000000000000000000e+02 2.910000000000000000000000000000e+02
5.827000000000000000000000000000e+03 5.000000000000000000000000000000e+00 2.500000000000000000000000000000e+01 2.920000000000000000000000000000e+02
5.842000000000000000000000000000e+03 1.300000000000000000000000000000e+01 1.690000000000000000000000000000e+02 2.930000000000000000000000000000e+02
5.843000000000000000000000000000e+03 1.400000000000000000000000000000e+01 1.960000000000000000000000000000e+02 2.940000000000000000000000000000e+02
5.859000000000000000000000000000e+03 8.000000000000000000000000000000e+00 6.400000000000000000000000000000e+01 2.950000000000000000000000000000e+02
5.890000000000000000000000000000e+03 3.000000000000000000000000000000e+00 9.000000000000000000000000000000e+00 2.960000000000000000000000000000e+02
5.923000000000000000000000000000e+03 9.000000000000000000000000000000e+00 8.100000000000000000000000000000e+01 2.970000000000000000000000000000e+02
5.926000000000000000000000000000e+03 2.000000000000000000000000000000e+00 4.000000000000000000000000000000e+00 2.980000000000000000000000000000e+02
5.928000000000000000000000000000e+03 7.000000000000000000000000000000e+00 4.900000000000000000000000000000e+01 2.990000000000000000000000000000e+02
5.949000000000000000000000000000e+03 1.400000000000000000000000000000e+01 1.960000000000000000000000000000e+02 3.000000000000000000000000000000e+02
5.975000000000000000000000000000e+03 1.300000000000000000000000000000e+01 1.690000000000000000000000000000e+02 3.010000000000000000000000000000e+02
6.010000000000000000000000000000e+03 1.200000000000000000000000000000e+01 1.440000000000000000000000000000e+02 3.020000000000000000000000000000e+02
6.052000000000000000000000000000e+03 2.700000000000000000000000000000e+01 7.290000000000000000000000000000e+02 3.030000000000000000000000000000e+02
6.067000000000000000000000000000e+03 3.000000000000000000000000000000e+00 9.000000000000000000000000000000e+00 3.040000000000000000000000000000e+02
6.102000000000000000000000000000e+03 9.000000000000000000000000000000e+00 8.100000000000000000000000000000e+01 3.050000000000000000000000000000e+02
6.156000000000000000000000000000e+03 1.000000000000000000000000000000e+00 1.000000000000000000000000000000e+00 3.060000000000000000000000000000e+02
6.176000000000000000000000000000e+03 2.000000000000000000000000000000e+01 4.000000000000000000000000000000e+02 3.070000000000000000000000000000e+02
6.187000000000000000000000000000e+03 1.300000000000000000000000000000e+01 1.690000000000000000000000000000e+02 3.080000000000000000000000000000e+02
6.197000000000000000000000000000e+03 1.000000000000000000000000000000e+00 1.000000000000000000000000000000e+00 3.090000000000000000000000000000e+02
6.203000000000000000000000000000e+03 7.000000000000000000000000000000e+00 4.900000000000000000000000000000e+01 3.100000000000000000000000000000e+02
6.205000000000000000000000000000e+03 8.000000000000000000000000000000e+00 6.400000000000000000000000000000e+01 3.110000000000000000000000000000e+02
6.238000000000000000000000000000e+03 1.000000000000000000000000000000e+00 1.000000000000000000000000000000e+00 3.120000000000000000000000000000e+02
6.258000000000000000000000000000e+03 1.000000000000000000000000000000e+00 1.000000000000000000000000000000e+00 3.130000000000000000000000000000e+02
6.284000000000000000000000000000e+03 1.000000000000000000000000000000e+00 1.000000000000000000000000000000e+00 3.140000000000000000000000000000e+02
6.288000000000000000000000000000e+03 1.000000000000000000000000000000e+01 1.000000000000000000000000000000e+02 3.150000000000000000000000000000e+02
6.313000000000000000000000000000e+03 9.000000000000000000000000000000e+00 8.100000000000000000000000000000e+01 3.160000000000000000000000000000e+02
6.326000000000000000000000000000e+03 4.000000000000000000000000000000e+00 1.600000000000000000000000000000e+01 3.170000000000000000000000000000e+02
6.339000000000000000000000000000e+03 1.400000000000000000000000000000e+01 1.960000000000000000000000000000e+02 3.180000000000000000000000000000e+02
6.384000000000000000000000000000e+03 4.000000000000000000000000000000e+00 1.600000000000000000000000000000e+01 3.190000000000000000000000000000e+02
6.388000000000000000000000000000e+03 5.000000000000000000000000000000e+00 2.500000000000000000000000000000e+01 3.200000000000000000000000000000e+02
6.396000000000000000000000000000e+03 8.000000000000000000000000000000e+00 6.400000000000000000000000000000e+01 3.210000000000000000000000000000e+02
6.454000000000000000000000000000e+03 1.600000000000000000000000000000e+01 2.560000000000000000000000000000e+02 3.220000000000000000000000000000e+02
6.498000000000000000000000000000e+03 1.200000000000000000000000000000e+01 1.440000000000000000000000000000e+02 3.230000000000000000000000000000e+02
6.513000000000000000000000000000e+03 3.000000000000000000000000000000e+00 9.000000000000000000000000000000e+00 3.240000000000000000000000000000e+02
6.524000000000000000000000000000e+03 7.000000000000000000000000000000e+00 4.900000000000000000000000000000e+01 3.250000000000000000000000000000e+02
6.543000000000000000000000000000e+03 6.000000000000000000000000000000e+00 3.600000000000000000000000000000e+01 3.260000000000000000000000000000e+02
6.566000000000000000000000000000e+03 3.000000000000000000000000000000e+00 9.000000000000000000000000000000e+00 3.270000000000000000000000000000e+02
6.568000000000000000000000000000e+03 1.000000000000000000000000000000e+00 1.000000000000000000000000000000e+00 3.280000000000000000000000000000e+02
6.574000000000000000000000000000e+03 2.300000000000000000000000000000e+01 5.290000000000000000000000000000e+02 3.290000000000000000000000000000e+02
6.588000000000000000000000000000e+03 1.000000000000000000000000000000e+00 1.000000000000000000000000000000e+00 3.300000000000000000000000000000e+02
6.597000000000000000000000000000e+03 5.000000000000000000000000000000e+00 2.500000000000000000000000000000e+01 3.310000000000000000000000000000e+02
6.598000000000000000000000000000e+03 4.000000000000000000000000000000e+00 1.600000000000000000000000000000e+01 3.320000000000000000000000000000e+02
6.612000000000000000000000000000e+03 4.000000000000000000000000000000e+00 1.600000000000000000000000000000e+01 3.330000000000000000000000000000e+02
6.621000000000000000000000000000e+03 1.000000000000000000000000000000e+00 1.000000000000000000000000000000e+00 3.340000000000000000000000000000e+02
6.622000000000000000000000000000e+03 1.300000000000000000000000000000e+01 1.690000000000000000000000000000e+02 3.350000000000000000000000000000e+02
6.623000000000000000000000000000e+03 3.000000000000000000000000000000e+00 9.000000000000000000000000000000e+00 3.360000000000000000000000000000e+02
6.635000000000000000000000000000e+03 7.500000000000000000000000000000e+01 5.625000000000000000000000000000e+03 3.370000000000000000000000000000e+02
6.641000000000000000000000000000e+03 7.000000000000000000000000000000e+00 4.900000000000000000000000000000e+01 3.380000000000000000000000000000e+02
6.643000000000000000000000000000e+03 5.000000000000000000000000000000e+00 2.500000000000000000000000000000e+01 3.390000000000000000000000000000e+02
6.661000000000000000000000000000e+03 8.000000000000000000000000000000e+00 6.400000000000000000000000000000e+01 3.400000000000000000000000000000e+02
6.673000000000000000000000000000e+03 6.000000000000000000000000000000e+00 3.600000000000000000000000000000e+01 3.410000000000000000000000000000e+02
6.685000000000000000000000000000e+03 2.000000000000000000000000000000e+00 4.000000000000000000000000000000e+00 3.420000000000000000000000000000e+02
6.697000000000000000000000000000e+03 4.000000000000000000000000000000e+00 1.600000000000000000000000000000e+01 3.430000000000000000000000000000e+02
6.703000000000000000000000000000e+03 4.000000000000000000000000000000e+00 1.600000000000000000000000000000e+01 3.440000000000000000000000000000e+02
6.704000000000000000000000000000e+03 2.100000000000000000000000000000e+01 4.410000000000000000000000000000e+02 3.450000000000000000000000000000e+02
6.717000000000000000000000000000e+03 4.000000000000000000000000000000e+00 1.600000000000000000000000000000e+01 3.460000000000000000000000000000e+02
6.728000000000000000000000000000e+03 5.000000000000000000000000000000e+00 2.500000000000000000000000000000e+01 3.470000000000000000000000000000e+02
6.807000000000000000000000000000e+03 1.000000000000000000000000000000e+00 1.000000000000000000000000000000e+00 3.480000000000000000000000000000e+02
6.829000000000000000000000000000e+03 4.000000000000000000000000000000e+00 1.600000000000000000000000000000e+01 3.490000000000000000000000000000e+02
6.859000000000000000000000000000e+03 2.000000000000000000000000000000e+00 4.000000000000000000000000000000e+00 3.500000000000000000000000000000e+02
6.860000000000000000000000000000e+03 2.200000000000000000000000000000e+01 4.840000000000000000000000000000e+02 3.510000000000000000000000000000e+02
6.896000000000000000000000000000e+03 9.000000000000000000000000000000e+00 8.100000000000000000000000000000e+01 3.520000000000000000000000000000e+02
6.922000000000000000000000000000e+03 3.000000000000000000000000000000e+00 9.000000000000000000000000000000e+00 3.530000000000000000000000000000e+02
6.939000000000000000000000000000e+03 1.100000000000000000000000000000e+01 1.210000000000000000000000000000e+02 3.540000000000000000000000000000e+02
6.969000000000000000000000000000e+03 6.000000000000000000000000000000e+00 3.600000000000000000000000000000e+01 3.550000000000000000000000000000e+02
6.979000000000000000000000000000e+03 8.000000000000000000000000000000e+00 6.400000000000000000000000000000e+01 3.560000000000000000000000000000e+02
7.038000000000000000000000000000e+03 5.000000000000000000000000000000e+00 2.500000000000000000000000000000e+01 3.570000000000000000000000000000e+02
7.043000000000000000000000000000e+03 1.100000000000000000000000000000e+01 1.210000000000000000000000000000e+02 3.580000000000000000000000000000e+02
7.045000000000000000000000000000e+03 1.000000000000000000000000000000e+01 1.000000000000000000000000000000e+02 3.590000000000000000000000000000e+02
7.056000000000000000000000000000e+03 9.000000000000000000000000000000e+00 8.100000000000000000000000000000e+01 3.600000000000000000000000000000e+02
7.090000000000000000000000000000e+03 8.000000000000000000000000000000e+00 6.400000000000000000000000000000e+01 3.610000000000000000000000000000e+02
7.092000000000000000000000000000e+03 3.000000000000000000000000000000e+00 9.000000000000000000000000000000e+00 3.620000000000000000000000000000e+02
7.093000000000000000000000000000e+03 3.000000000000000000000000000000e+00 9.000000000000000000000000000000e+00 3.630000000000000000000000000000e+02
7.142000000000000000000000000000e+03 1.100000000000000000000000000000e+01 1.210000000000000000000000000000e+02 3.640000000000000000000000000000e+02
7.158000000000000000000000000000e+03 6.000000000000000000000000000000e+00 3.600000000000000000000000000000e+01 3.650000000000000000000000000000e+02
7.229000000000000000000000000000e+03 8.000000000000000000000000000000e+00 6.400000000000000000000000000000e+01 3.660000000000000000000000000000e+02
7.245000000000000000000000000000e+03 4.000000000000000000000000000000e+00 1.600000000000000000000000000000e+01 3.670000000000000000000000000000e+02
7.254000000000000000000000000000e+03 4.000000000000000000000000000000e+00 1.600000000000000000000000000000e+01 3.680000000000000000000000000000e+02
7.255000000000000000000000000000e+03 1.000000000000000000000000000000e+01 1.000000000000000000000000000000e+02 3.690000000000000000000000000000e+02
7.258000000000000000000000000000e+03 1.200000000000000000000000000000e+01 1.440000000000000000000000000000e+02 3.700000000000000000000000000000e+02
7.294000000000000000000000000000e+03 1.600000000000000000000000000000e+01 2.560000000000000000000000000000e+02 3.710000000000000000000000000000e+02
7.325000000000000000000000000000e+03 7.000000000000000000000000000000e+00 4.900000000000000000000000000000e+01 3.720000000000000000000000000000e+02
7.337000000000000000000000000000e+03 5.000000000000000000000000000000e+00 2.500000000000000000000000000000e+01 3.730000000000000000000000000000e+02
7.345000000000000000000000000000e+03 1.200000000000000000000000000000e+01 1.440000000000000000000000000000e+02 3.740000000000000000000000000000e+02
7.365000000000000000000000000000e+03 8.000000000000000000000000000000e+00 6.400000000000000000000000000000e+01 3.750000000000000000000000000000e+02
7.375000000000000000000000000000e+03 1.000000000000000000000000000000e+00 1.000000000000000000000000000000e+00 3.760000000000000000000000000000e+02
7.405000000000000000000000000000e+03 5.600000000000000000000000000000e+01 3.136000000000000000000000000000e+03 3.770000000000000000000000000000e+02
7.428000000000000000000000000000e+03 2.900000000000000000000000000000e+01 8.410000000000000000000000000000e+02 3.780000000000000000000000000000e+02
7.433000000000000000000000000000e+03 1.200000000000000000000000000000e+01 1.440000000000000000000000000000e+02 3.790000000000000000000000000000e+02
7.448000000000000000000000000000e+03 2.600000000000000000000000000000e+01 6.760000000000000000000000000000e+02 3.800000000000000000000000000000e+02
7.490000000000000000000000000000e+03 1.300000000000000000000000000000e+01 1.690000000000000000000000000000e+02 3.810000000000000000000000000000e+02
7.508000000000000000000000000000e+03 5.000000000000000000000000000000e+00 2.500000000000000000000000000000e+01 3.820000000000000000000000000000e+02
7.518000000000000000000000000000e+03 7.000000000000000000000000000000e+00 4.900000000000000000000000000000e+01 3.830000000000000000000000000000e+02
7.522000000000000000000000000000e+03 1.500000000000000000000000000000e+01 2.250000000000000000000000000000e+02 3.840000000000000000000000000000e+02
7.544000000000000000000000000000e+03 2.600000000000000000000000000000e+01 6.760000000000000000000000000000e+02 3.850000000000000000000000000000e+02
7.563000000000000000000000000000e+03 1.500000000000000000000000000000e+01 2.250000000000000000000000000000e+02 3.860000000000000000000000000000e+02
7.586000000000000000000000000000e+03 5.000000000000000000000000000000e+00 2.500000000000000000000000000000e+01 3.870000000000000000000000000000e+02
7.626000000000000000000000000000e+03 1.000000000000000000000000000000e+01 1.000000000000000000000000000000e+02 3.880000000000000000000000000000e+02
7.707000000000000000000000000000e+03 5.000000000000000000000000000000e+00 2.500000000000000000000000000000e+01 3.890000000000000000000000000000e+02
7.731000000000000000000000000000e+03 1.200000000000000000000000000000e+01 1.440000000000000000000000000000e+02 3.900000000000000000000000000000e+02
7.734000000000000000000000000000e+03 1.000000000000000000000000000000e+00 1.000000000000000000000000000000e+00 3.910000000000000000000000000000e+02
7.756000000000000000000000000000e+03 2.200000000000000000000000000000e+01 4.840000000000000000000000000000e+02 3.920000000000000000000000000000e+02
7.776000000000000000000000000000e+03 1.400000000000000000000000000000e+01 1.960000000000000000000000000000e+02 3.930000000000000000000000000000e+02
7.831000000000000000000000000000e+03 1.100000000000000000000000000000e+01 1.210000000000000000000000000000e+02 3.940000000000000000000000000000e+02
7.840000000000000000000000000000e+03 1.300000000000000000000000000000e+01 1.690000000000000000000000000000e+02 3.950000000000000000000000000000e+02
7.846000000000000000000000000000e+03 1.700000000000000000000000000000e+01 2.890000000000000000000000000000e+02 3.960000000000000000000000000000e+02
7.847000000000000000000000000000e+03 7.000000000000000000000000000000e+00 4.900000000000000000000000000000e+01 3.970000000000000000000000000000e+02
7.852000000000000000000000000000e+03 2.000000000000000000000000000000e+00 4.000000000000000000000000000000e+00 3.980000000000000000000000000000e+02
7.882000000000000000000000000000e+03 5.900000000000000000000000000000e+01 3.481000000000000000000000000000e+03 3.990000000000000000000000000000e+02
