0.000000000000000000000000000000e+00 2.200000000000000000000000000000e+01 1.115400000000000000000000000000e+04 0.000000000000000000000000000000e+00
3.000000000000000000000000000000e+00 1.840000000000000000000000000000e+02 6.263544000000000000000000000000e+06 1.000000000000000000000000000000e+00
4.000000000000000000000000000000e+00 9.900000000000000000000000000000e+01 9.801990000000000000000000000000e+05 2.000000000000000000000000000000e+00
6.000000000000000000000000000000e+00 8.500000000000000000000000000000e+01 6.214350000000000000000000000000e+05 3.000000000000000000000000000000e+00
1.100000000000000000000000000000e+01 3.700000000000000000000000000000e+01 5.205900000000000000000000000000e+04 4.000000000000000000000000000000e+00
1.200000000000000000000000000000e+01 2.500000000000000000000000000000e+01 1.627500000000000000000000000000e+04 5.000000000000000000000000000000e+00
1.300000000000000000000000000000e+01 3.400000000000000000000000000000e+01 4.049400000000000000000000000000e+04 6.000000000000000000000000000000e+00
1.400000000000000000000000000000e+01 6.900000000000000000000000000000e+01 3.333390000000000000000000000000e+05 7.000000000000000000000000000000e+00
1.500000000000000000000000000000e+01 1.550000000000000000000000000000e+02 3.748055000000000000000000000000e+06 8.000000000000000000000000000000e+00
1.800000000000000000000000000000e+01 2.630000000000000000000000000000e+02 1.826087900000000000000000000000e+07 9.000000000000000000000000000000e+00
2.000000000000000000000000000000e+01 2.790000000000000000000000000000e+02 2.179575900000000000000000000000e+07 1.000000000000000000000000000000e+01
2.100000000000000000000000000000e+01 3.500000000000000000000000000000e+01 4.413500000000000000000000000000e+04 1.100000000000000000000000000000e+01
2.300000000000000000000000000000e+01 2.030000000000000000000000000000e+02 8.406839000000000000000000000000e+06 1.200000000000000000000000000000e+01
2.500000000000000000000000000000e+01 1.500000000000000000000000000000e+01 3.615000000000000000000000000000e+03 1.300000000000000000000000000000e+01
2.700000000000000000000000000000e+01 4.100000000000000000000000000000e+01 7.064300000000000000000000000000e+04 1.400000000000000000000000000000e+01
2.900000000000000000000000000000e+01 2.130000000000000000000000000000e+02 9.709179000000000000000000000000e+06 1.500000000000000000000000000000e+01
3.000000000000000000000000000000e+01 2.040000000000000000000000000000e+02 8.531484000000000000000000000000e+06 1.600000000000000000000000000000e+01
3.800000000000000000000000000000e+01 9.400000000000000000000000000000e+01 8.395140000000000000000000000000e+05 1.700000000000000000000000000000e+01
4.000000000000000000000000000000e+01 3.700000000000000000000000000000e+01 5.205900000000000000000000000000e+04 1.800000000000000000000000000000e+01
4.100000000000000000000000000000e+01 2.390000000000000000000000000000e+02 1.370927900000000000000000000000e+07 1.900000000000000000000000000000e+01
4.200000000000000000000000000000e+01 7.400000000000000000000000000000e+01 4.107740000000000000000000000000e+05 2.000000000000000000000000000000e+01
4.300000000000000000000000000000e+01 3.500000000000000000000000000000e+01 4.413500000000000000000000000000e+04 2.100000000000000000000000000000e+01
4.400000000000000000000000000000e+01 3.000000000000000000000000000000e+01 2.793000000000000000000000000000e+04 2.200000000000000000000000000000e+01
4.500000000000000000000000000000e+01 3.500000000000000000000000000000e+01 4.413500000000000000000000000000e+04 2.300000000000000000000000000000e+01
5.100000000000000000000000000000e+01 7.800000000000000000000000000000e+01 4.807140000000000000000000000000e+05 2.400000000000000000000000000000e+01
5.300000000000000000000000000000e+01 1.930000000000000000000000000000e+02 7.226499000000000000000000000000e+06 2.500000000000000000000000000000e+01
5.500000000000000000000000000000e+01 2.200000000000000000000000000000e+02 1.069662000000000000000000000000e+07 2.600000000000000000000000000000e+01
5.600000000000000000000000000000e+01 1.700000000000000000000000000000e+01 5.219000000000000000000000000000e+03 2.700000000000000000000000000000e+01
5.700000000000000000000000000000e+01 1.300000000000000000000000000000e+02 2.214030000000000000000000000000e+06 2.800000000000000000000000000000e+01
5.800000000000000000000000000000e+01 7.300000000000000000000000000000e+01 3.944190000000000000000000000000e+05 2.900000000000000000000000000000e+01
6.000000000000000000000000000000e+01 1.700000000000000000000000000000e+01 5.219000000000000000000000000000e+03 3.000000000000000000000000000000e+01
6.100000000000000000000000000000e+01 1.400000000000000000000000000000e+01 2.954000000000000000000000000000e+03 3.100000000000000000000000000000e+01
6.200000000000000000000000000000e+01 4.600000000000000000000000000000e+01 9.949800000000000000000000000000e+04 3.200000000000000000000000000000e+01
6.300000000000000000000000000000e+01 1.120000000000000000000000000000e+02 1.417584000000000000000000000000e+06 3.300000000000000000000000000000e+01
6.800000000000000000000000000000e+01 3.000000000000000000000000000000e+00 3.900000000000000000000000000000e+01 3.400000000000000000000000000000e+01
7.000000000000000000000000000000e+01 6.000000000000000000000000000000e+01 2.196600000000000000000000000000e+05 3.500000000000000000000000000000e+01
7.100000000000000000000000000000e+01 1.420000000000000000000000000000e+02 2.883594000000000000000000000000e+06 3.600000000000000000000000000000e+01
7.300000000000000000000000000000e+01 5.000000000000000000000000000000e+00 1.550000000000000000000000000000e+02 3.700000000000000000000000000000e+01
7.500000000000000000000000000000e+01 8.400000000000000000000000000000e+01 5.998440000000000000000000000000e+05 3.800000000000000000000000000000e+01
7.700000000000000000000000000000e+01 2.570000000000000000000000000000e+02 1.704089900000000000000000000000e+07 3.900000000000000000000000000000e+01
8.100000000000000000000000000000e+01 5.100000000000000000000000000000e+01 1.353030000000000000000000000000e+05 4.000000000000000000000000000000e+01
8.300000000000000000000000000000e+01 3.500000000000000000000000000000e+01 4.413500000000000000000000000000e+04 4.100000000000000000000000000000e+01
8.500000000000000000000000000000e+01 5.400000000000000000000000000000e+01 1.604340000000000000000000000000e+05 4.200000000000000000000000000000e+01
8.700000000000000000000000000000e+01 1.020000000000000000000000000000e+02 1.071714000000000000000000000000e+06 4.300000000000000000000000000000e+01
8.800000000000000000000000000000e+01 2.290000000000000000000000000000e+02 1.206165900000000000000000000000e+07 4.400000000000000000000000000000e+01
8.900000000000000000000000000000e+01 1.000000000000000000000000000000e+00 3.000000000000000000000000000000e+00 4.500000000000000000000000000000e+01
9.100000000000000000000000000000e+01 6.700000000000000000000000000000e+01 3.053190000000000000000000000000e+05 4.600000000000000000000000000000e+01
9.400000000000000000000000000000e+01 1.000000000000000000000000000000e+00 3.000000000000000000000000000000e+00 4.700000000000000000000000000000e+01
9.600000000000000000000000000000e+01 6.100000000000000000000000000000e+01 2.307630000000000000000000000000e+05 4.800000000000000000000000000000e+01
9.700000000000000000000000000000e+01 1.000000000000000000000000000000e+01 1.110000000000000000000000000000e+03 4.900000000000000000000000000000e+01
1.020000000000000000000000000000e+02 1.070000000000000000000000000000e+02 1.236599000000000000000000000000e+06 5.000000000000000000000000000000e+01
1.050000000000000000000000000000e+02 2.000000000000000000000000000000e+01 8.420000000000000000000000000000e+03 5.100000000000000000000000000000e+01
1.060000000000000000000000000000e+02 1.530000000000000000000000000000e+02 3.605139000000000000000000000000e+06 5.200000000000000000000000000000e+01
1.100000000000000000000000000000e+02 1.630000000000000000000000000000e+02 4.357479000000000000000000000000e+06 5.300000000000000000000000000000e+01
1.110000000000000000000000000000e+02 2.370000000000000000000000000000e+02 1.336845900000000000000000000000e+07 5.400000000000000000000000000000e+01
1.120000000000000000000000000000e+02 6.000000000000000000000000000000e+00 2.580000000000000000000000000000e+02 5.500000000000000000000000000000e+01
1.170000000000000000000000000000e+02 1.980000000000000000000000000000e+02 7.801794000000000000000000000000e+06 5.600000000000000000000000000000e+01
1.180000000000000000000000000000e+02 4.800000000000000000000000000000e+01 1.129440000000000000000000000000e+05 5.700000000000000000000000000000e+01
1.200000000000000000000000000000e+02 2.900000000000000000000000000000e+01 2.525900000000000000000000000000e+04 5.800000000000000000000000000000e+01
1.240000000000000000000000000000e+02 2.950000000000000000000000000000e+02 2.575969500000000000000000000000e+07 5.900000000000000000000000000000e+01
1.280000000000000000000000000000e+02 8.100000000000000000000000000000e+01 5.380830000000000000000000000000e+05 6.000000000000000000000000000000e+01
1.300000000000000000000000000000e+02 2.330000000000000000000000000000e+02 1.270385900000000000000000000000e+07 6.100000000000000000000000000000e+01
1.310000000000000000000000000000e+02 4.000000000000000000000000000000e+01 6.564000000000000000000000000000e+04 6.200000000000000000000000000000e+01
1.320000000000000000000000000000e+02 3.000000000000000000000000000000e+01 2.793000000000000000000000000000e+04 6.300000000000000000000000000000e+01
1.330000000000000000000000000000e+02 3.000000000000000000000000000000e+00 3.900000000000000000000000000000e+01 6.400000000000000000000000000000e+01
1.350000000000000000000000000000e+02 1.400000000000000000000000000000e+01 2.954000000000000000000000000000e+03 6.500000000000000000000000000000e+01
1.380000000000000000000000000000e+02 2.850000000000000000000000000000e+02 2.323063500000000000000000000000e+07 6.600000000000000000000000000000e+01
1.400000000000000000000000000000e+02 1.620000000000000000000000000000e+02 4.277934000000000000000000000000e+06 6.700000000000000000000000000000e+01
1.410000000000000000000000000000e+02 1.800000000000000000000000000000e+01 6.174000000000000000000000000000e+03 6.800000000000000000000000000000e+01
1.470000000000000000000000000000e+02 2.200000000000000000000000000000e+01 1.115400000000000000000000000000e+04 6.900000000000000000000000000000e+01
1.530000000000000000000000000000e+02 4.150000000000000000000000000000e+02 7.164601500000000000000000000000e+07 7.000000000000000000000000000000e+01
1.540000000000000000000000000000e+02 1.000000000000000000000000000000e+02 1.010100000000000000000000000000e+06 7.100000000000000000000000000000e+01
1.550000000000000000000000000000e+02 4.200000000000000000000000000000e+01 7.589400000000000000000000000000e+04 7.200000000000000000000000000000e+01
1.560000000000000000000000000000e+02 6.100000000000000000000000000000e+01 2.307630000000000000000000000000e+05 7.300000000000000000000000000000e+01
1.590000000000000000000000000000e+02 9.300000000000000000000000000000e+01 8.130990000000000000000000000000e+05 7.400000000000000000000000000000e+01
1.620000000000000000000000000000e+02 4.200000000000000000000000000000e+01 7.589400000000000000000000000000e+04 7.500000000000000000000000000000e+01
1.640000000000000000000000000000e+02 3.480000000000000000000000000000e+02 4.226564400000000000000000000000e+07 7.600000000000000000000000000000e+01
1.680000000000000000000000000000e+02 3.500000000000000000000000000000e+02 4.299785000000000000000000000000e+07 7.700000000000000000000000000000e+01
1.690000000000000000000000000000e+02 5.000000000000000000000000000000e+01 1.275500000000000000000000000000e+05 7.800000000000000000000000000000e+01
1.700000000000000000000000000000e+02 4.600000000000000000000000000000e+01 9.949800000000000000000000000000e+04 7.900000000000000000000000000000e+01
1.710000000000000000000000000000e+02 6.700000000000000000000000000000e+01 3.053190000000000000000000000000e+05 8.000000000000000000000000000000e+01
1.730000000000000000000000000000e+02 8.900000000000000000000000000000e+01 7.129790000000000000000000000000e+05 8.100000000000000000000000000000e+01
1.740000000000000000000000000000e+02 6.200000000000000000000000000000e+01 2.422340000000000000000000000000e+05 8.200000000000000000000000000000e+01
1.750000000000000000000000000000e+02 2.000000000000000000000000000000e+00 1.400000000000000000000000000000e+01 8.300000000000000000000000000000e+01
1.760000000000000000000000000000e+02 3.000000000000000000000000000000e+01 2.793000000000000000000000000000e+04 8.400000000000000000000000000000e+01
1.770000000000000000000000000000e+02 3.700000000000000000000000000000e+01 5.205900000000000000000000000000e+04 8.500000000000000000000000000000e+01
1.800000000000000000000000000000e+02 8.400000000000000000000000000000e+01 5.998440000000000000000000000000e+05 8.600000000000000000000000000000e+01
1.810000000000000000000000000000e+02 7.300000000000000000000000000000e+01 3.944190000000000000000000000000e+05 8.700000000000000000000000000000e+01
1.830000000000000000000000000000e+02 9.500000000000000000000000000000e+01 8.664950000000000000000000000000e+05 8.800000000000000000000000000000e+01
1.840000000000000000000000000000e+02 6.100000000000000000000000000000e+01 2.307630000000000000000000000000e+05 8.900000000000000000000000000000e+01
1.860000000000000000000000000000e+02 5.300000000000000000000000000000e+01 1.517390000000000000000000000000e+05 9.000000000000000000000000000000e+01
1.880000000000000000000000000000e+02 9.800000000000000000000000000000e+01 9.508940000000000000000000000000e+05 9.100000000000000000000000000000e+01
1.900000000000000000000000000000e+02 8.100000000000000000000000000000e+01 5.380830000000000000000000000000e+05 9.200000000000000000000000000000e+01
1.910000000000000000000000000000e+02 9.000000000000000000000000000000e+01 7.371900000000000000000000000000e+05 9.300000000000000000000000000000e+01
1.970000000000000000000000000000e+02 9.000000000000000000000000000000e+00 8.190000000000000000000000000000e+02 9.400000000000000000000000000000e+01
1.980000000000000000000000000000e+02 1.700000000000000000000000000000e+01 5.219000000000000000000000000000e+03 9.500000000000000000000000000000e+01
2.010000000000000000000000000000e+02 6.100000000000000000000000000000e+01 2.307630000000000000000000000000e+05 9.600000000000000000000000000000e+01
2.020000000000000000000000000000e+02 2.000000000000000000000000000000e+00 1.400000000000000000000000000000e+01 9.700000000000000000000000000000e+01
2.050000000000000000000000000000e+02 2.970000000000000000000000000000e+02 2.628657900000000000000000000000e+07 9.800000000000000000000000000000e+01
2.060000000000000000000000000000e+02 4.800000000000000000000000000000e+01 1.129440000000000000000000000000e+05 9.900000000000000000000000000000e+01
