0.000000000000000000000000000000e+00 9.800000000000000000000000000000e+01 9.508940000000000000000000000000e+05 0.000000000000000000000000000000e+00
1.000000000000000000000000000000e+00 5.500000000000000000000000000000e+01 1.694550000000000000000000000000e+05 1.000000000000000000000000000000e+00
5.000000000000000000000000000000e+00 5.000000000000000000000000000000e+00 1.550000000000000000000000000000e+02 2.000000000000000000000000000000e+00
7.000000000000000000000000000000e+00 9.600000000000000000000000000000e+01 8.940480000000000000000000000000e+05 3.000000000000000000000000000000e+00
9.000000000000000000000000000000e+00 1.200000000000000000000000000000e+02 1.742520000000000000000000000000e+06 4.000000000000000000000000000000e+00
1.000000000000000000000000000000e+01 9.000000000000000000000000000000e+01 7.371900000000000000000000000000e+05 5.000000000000000000000000000000e+00
1.200000000000000000000000000000e+01 5.400000000000000000000000000000e+01 1.604340000000000000000000000000e+05 6.000000000000000000000000000000e+00
1.300000000000000000000000000000e+01 4.000000000000000000000000000000e+01 6.564000000000000000000000000000e+04 7.000000000000000000000000000000e+00
1.400000000000000000000000000000e+01 1.460000000000000000000000000000e+02 3.133598000000000000000000000000e+06 8.000000000000000000000000000000e+00
2.400000000000000000000000000000e+01 8.700000000000000000000000000000e+01 6.661590000000000000000000000000e+05 9.000000000000000000000000000000e+00
2.700000000000000000000000000000e+01 1.790000000000000000000000000000e+02 5.767559000000000000000000000000e+06 1.000000000000000000000000000000e+01
2.800000000000000000000000000000e+01 7.300000000000000000000000000000e+01 3.944190000000000000000000000000e+05 1.100000000000000000000000000000e+01
2.900000000000000000000000000000e+01 4.000000000000000000000000000000e+00 8.400000000000000000000000000000e+01 1.200000000000000000000000000000e+01
3.100000000000000000000000000000e+01 2.040000000000000000000000000000e+02 8.531484000000000000000000000000e+06 1.300000000000000000000000000000e+01
3.300000000000000000000000000000e+01 2.100000000000000000000000000000e+01 9.723000000000000000000000000000e+03 1.400000000000000000000000000000e+01
3.500000000000000000000000000000e+01 1.080000000000000000000000000000e+02 1.271484000000000000000000000000e+06 1.500000000000000000000000000000e+01
3.600000000000000000000000000000e+01 3.600000000000000000000000000000e+01 4.798800000000000000000000000000e+04 1.600000000000000000000000000000e+01
4.500000000000000000000000000000e+01 9.000000000000000000000000000000e+00 8.190000000000000000000000000000e+02 1.700000000000000000000000000000e+01
4.600000000000000000000000000000e+01 8.000000000000000000000000000000e+00 5.840000000000000000000000000000e+02 1.800000000000000000000000000000e+01
4.900000000000000000000000000000e+01 3.740000000000000000000000000000e+02 5.245387400000000000000000000000e+07 1.900000000000000000000000000000e+01
5.000000000000000000000000000000e+01 2.130000000000000000000000000000e+02 9.709179000000000000000000000000e+06 2.000000000000000000000000000000e+01
5.300000000000000000000000000000e+01 8.000000000000000000000000000000e+00 5.840000000000000000000000000000e+02 2.100000000000000000000000000000e+01
5.500000000000000000000000000000e+01 2.500000000000000000000000000000e+02 1.568775000000000000000000000000e+07 2.200000000000000000000000000000e+01
5.700000000000000000000000000000e+01 1.060000000000000000000000000000e+02 1.202358000000000000000000000000e+06 2.300000000000000000000000000000e+01
5.900000000000000000000000000000e+01 4.810000000000000000000000000000e+02 1.115164830000000000000000000000e+08 2.400000000000000000000000000000e+01
6.000000000000000000000000000000e+01 3.260000000000000000000000000000e+02 3.475257800000000000000000000000e+07 2.500000000000000000000000000000e+01
6.100000000000000000000000000000e+01 6.000000000000000000000000000000e+00 2.580000000000000000000000000000e+02 2.600000000000000000000000000000e+01
6.200000000000000000000000000000e+01 6.700000000000000000000000000000e+01 3.053190000000000000000000000000e+05 2.700000000000000000000000000000e+01
6.300000000000000000000000000000e+01 6.900000000000000000000000000000e+01 3.333390000000000000000000000000e+05 2.800000000000000000000000000000e+01
6.400000000000000000000000000000e+01 3.000000000000000000000000000000e+01 2.793000000000000000000000000000e+04 2.900000000000000000000000000000e+01
6.600000000000000000000000000000e+01 2.500000000000000000000000000000e+01 1.627500000000000000000000000000e+04 3.000000000000000000000000000000e+01
6.700000000000000000000000000000e+01 1.370000000000000000000000000000e+02 2.590259000000000000000000000000e+06 3.100000000000000000000000000000e+01
6.900000000000000000000000000000e+01 4.000000000000000000000000000000e+01 6.564000000000000000000000000000e+04 3.200000000000000000000000000000e+01
7.300000000000000000000000000000e+01 2.770000000000000000000000000000e+02 2.133093900000000000000000000000e+07 3.300000000000000000000000000000e+01
7.400000000000000000000000000000e+01 2.000000000000000000000000000000e+01 8.420000000000000000000000000000e+03 3.400000000000000000000000000000e+01
7.500000000000000000000000000000e+01 2.500000000000000000000000000000e+01 1.627500000000000000000000000000e+04 3.500000000000000000000000000000e+01
7.700000000000000000000000000000e+01 1.600000000000000000000000000000e+01 4.368000000000000000000000000000e+03 3.600000000000000000000000000000e+01
7.800000000000000000000000000000e+01 1.600000000000000000000000000000e+01 4.368000000000000000000000000000e+03 3.700000000000000000000000000000e+01
7.900000000000000000000000000000e+01 1.400000000000000000000000000000e+01 2.954000000000000000000000000000e+03 3.800000000000000000000000000000e+01
8.000000000000000000000000000000e+01 8.400000000000000000000000000000e+01 5.998440000000000000000000000000e+05 3.900000000000000000000000000000e+01
8.100000000000000000000000000000e+01 1.710000000000000000000000000000e+02 5.029623000000000000000000000000e+06 4.000000000000000000000000000000e+01
8.300000000000000000000000000000e+01 8.400000000000000000000000000000e+01 5.998440000000000000000000000000e+05 4.100000000000000000000000000000e+01
8.400000000000000000000000000000e+01 2.000000000000000000000000000000e+01 8.420000000000000000000000000000e+03 4.200000000000000000000000000000e+01
8.500000000000000000000000000000e+01 1.500000000000000000000000000000e+01 3.615000000000000000000000000000e+03 4.300000000000000000000000000000e+01
8.600000000000000000000000000000e+01 4.900000000000000000000000000000e+01 1.200990000000000000000000000000e+05 4.400000000000000000000000000000e+01
8.900000000000000000000000000000e+01 1.100000000000000000000000000000e+01 1.463000000000000000000000000000e+03 4.500000000000000000000000000000e+01
9.000000000000000000000000000000e+01 1.700000000000000000000000000000e+01 5.219000000000000000000000000000e+03 4.600000000000000000000000000000e+01
9.200000000000000000000000000000e+01 4.440000000000000000000000000000e+02 8.772596400000000000000000000000e+07 4.700000000000000000000000000000e+01
9.300000000000000000000000000000e+01 9.400000000000000000000000000000e+01 8.395140000000000000000000000000e+05 4.800000000000000000000000000000e+01
9.500000000000000000000000000000e+01 7.600000000000000000000000000000e+01 4.448280000000000000000000000000e+05 4.900000000000000000000000000000e+01
9.700000000000000000000000000000e+01 2.300000000000000000000000000000e+02 1.222013000000000000000000000000e+07 5.000000000000000000000000000000e+01
9.900000000000000000000000000000e+01 6.100000000000000000000000000000e+01 2.307630000000000000000000000000e+05 5.100000000000000000000000000000e+01
1.010000000000000000000000000000e+02 2.750000000000000000000000000000e+02 2.087277500000000000000000000000e+07 5.200000000000000000000000000000e+01
1.030000000000000000000000000000e+02 6.600000000000000000000000000000e+01 2.919180000000000000000000000000e+05 5.300000000000000000000000000000e+01
1.100000000000000000000000000000e+02 6.700000000000000000000000000000e+01 3.053190000000000000000000000000e+05 5.400000000000000000000000000000e+01
1.110000000000000000000000000000e+02 5.000000000000000000000000000000e+00 1.550000000000000000000000000000e+02 5.500000000000000000000000000000e+01
1.120000000000000000000000000000e+02 5.000000000000000000000000000000e+01 1.275500000000000000000000000000e+05 5.600000000000000000000000000000e+01
1.130000000000000000000000000000e+02 1.280000000000000000000000000000e+02 2.113664000000000000000000000000e+06 5.700000000000000000000000000000e+01
1.160000000000000000000000000000e+02 5.490000000000000000000000000000e+02 1.657710990000000000000000000000e+08 5.800000000000000000000000000000e+01
1.170000000000000000000000000000e+02 7.600000000000000000000000000000e+01 4.448280000000000000000000000000e+05 5.900000000000000000000000000000e+01
1.190000000000000000000000000000e+02 1.110000000000000000000000000000e+02 1.380063000000000000000000000000e+06 6.000000000000000000000000000000e+01
1.200000000000000000000000000000e+02 9.700000000000000000000000000000e+01 9.221790000000000000000000000000e+05 6.100000000000000000000000000000e+01
1.210000000000000000000000000000e+02 9.200000000000000000000000000000e+01 7.872440000000000000000000000000e+05 6.200000000000000000000000000000e+01
1.240000000000000000000000000000e+02 1.600000000000000000000000000000e+01 4.368000000000000000000000000000e+03 6.300000000000000000000000000000e+01
1.290000000000000000000000000000e+02 3.100000000000000000000000000000e+01 3.078300000000000000000000000000e+04 6.400000000000000000000000000000e+01
1.300000000000000000000000000000e+02 2.000000000000000000000000000000e+01 8.420000000000000000000000000000e+03 6.500000000000000000000000000000e+01
1.320000000000000000000000000000e+02 9.200000000000000000000000000000e+01 7.872440000000000000000000000000e+05 6.600000000000000000000000000000e+01
1.330000000000000000000000000000e+02 1.700000000000000000000000000000e+01 5.219000000000000000000000000000e+03 6.700000000000000000000000000000e+01
1.340000000000000000000000000000e+02 9.900000000000000000000000000000e+01 9.801990000000000000000000000000e+05 6.800000000000000000000000000000e+01
1.350000000000000000000000000000e+02 5.300000000000000000000000000000e+01 1.517390000000000000000000000000e+05 6.900000000000000000000000000000e+01
1.360000000000000000000000000000e+02 1.400000000000000000000000000000e+01 2.954000000000000000000000000000e+03 7.000000000000000000000000000000e+01
1.390000000000000000000000000000e+02 1.710000000000000000000000000000e+02 5.029623000000000000000000000000e+06 7.100000000000000000000000000000e+01
1.410000000000000000000000000000e+02 2.700000000000000000000000000000e+01 2.043900000000000000000000000000e+04 7.200000000000000000000000000000e+01
1.440000000000000000000000000000e+02 6.000000000000000000000000000000e+00 2.580000000000000000000000000000e+02 7.300000000000000000000000000000e+01
1.470000000000000000000000000000e+02 8.700000000000000000000000000000e+01 6.661590000000000000000000000000e+05 7.400000000000000000000000000000e+01
1.490000000000000000000000000000e+02 1.500000000000000000000000000000e+02 3.397650000000000000000000000000e+06 7.500000000000000000000000000000e+01
1.510000000000000000000000000000e+02 2.400000000000000000000000000000e+01 1.442400000000000000000000000000e+04 7.600000000000000000000000000000e+01
1.520000000000000000000000000000e+02 4.200000000000000000000000000000e+01 7.589400000000000000000000000000e+04 7.700000000000000000000000000000e+01
1.550000000000000000000000000000e+02 1.000000000000000000000000000000e+02 1.010100000000000000000000000000e+06 7.800000000000000000000000000000e+01
1.560000000000000000000000000000e+02 9.900000000000000000000000000000e+01 9.801990000000000000000000000000e+05 7.900000000000000000000000000000e+01
1.570000000000000000000000000000e+02 7.200000000000000000000000000000e+01 3.785040000000000000000000000000e+05 8.000000000000000000000000000000e+01
1.610000000000000000000000000000e+02 9.600000000000000000000000000000e+01 8.940480000000000000000000000000e+05 8.100000000000000000000000000000e+01
1.650000000000000000000000000000e+02 9.500000000000000000000000000000e+01 8.664950000000000000000000000000e+05 8.200000000000000000000000000000e+01
1.660000000000000000000000000000e+02 1.350000000000000000000000000000e+02 2.478735000000000000000000000000e+06 8.300000000000000000000000000000e+01
1.690000000000000000000000000000e+02 2.890000000000000000000000000000e+02 2.422137900000000000000000000000e+07 8.400000000000000000000000000000e+01
1.720000000000000000000000000000e+02 1.470000000000000000000000000000e+02 3.198279000000000000000000000000e+06 8.500000000000000000000000000000e+01
1.730000000000000000000000000000e+02 1.390000000000000000000000000000e+02 2.705079000000000000000000000000e+06 8.600000000000000000000000000000e+01
1.750000000000000000000000000000e+02 2.000000000000000000000000000000e+01 8.420000000000000000000000000000e+03 8.700000000000000000000000000000e+01
1.770000000000000000000000000000e+02 3.800000000000000000000000000000e+01 5.635400000000000000000000000000e+04 8.800000000000000000000000000000e+01
1.780000000000000000000000000000e+02 1.900000000000000000000000000000e+02 6.895290000000000000000000000000e+06 8.900000000000000000000000000000e+01
1.810000000000000000000000000000e+02 2.700000000000000000000000000000e+01 2.043900000000000000000000000000e+04 9.000000000000000000000000000000e+01
1.820000000000000000000000000000e+02 3.690000000000000000000000000000e+02 5.037993900000000000000000000000e+07 9.100000000000000000000000000000e+01
1.830000000000000000000000000000e+02 2.120000000000000000000000000000e+02 9.573284000000000000000000000000e+06 9.200000000000000000000000000000e+01
1.860000000000000000000000000000e+02 1.380000000000000000000000000000e+02 2.647254000000000000000000000000e+06 9.300000000000000000000000000000e+01
1.880000000000000000000000000000e+02 4.500000000000000000000000000000e+01 9.319500000000000000000000000000e+04 9.400000000000000000000000000000e+01
1.910000000000000000000000000000e+02 1.720000000000000000000000000000e+02 5.118204000000000000000000000000e+06 9.500000000000000000000000000000e+01
1.920000000000000000000000000000e+02 6.300000000000000000000000000000e+01 2.540790000000000000000000000000e+05 9.600000000000000000000000000000e+01
1.930000000000000000000000000000e+02 4.150000000000000000000000000000e+02 7.164601500000000000000000000000e+07 9.700000000000000000000000000000e+01
1.940000000000000000000000000000e+02 1.180000000000000000000000000000e+02 1.657074000000000000000000000000e+06 9.800000000000000000000000000000e+01
1.970000000000000000000000000000e+02 6.000000000000000000000000000000e+01 2.196600000000000000000000000000e+05 9.900000000000000000000000000000e+01
