3.000000000000000000000000000000e+00 6.100000000000000000000000000000e+01 2.307630000000000000000000000000e+05 0.000000000000000000000000000000e+00
5.000000000000000000000000000000e+00 1.740000000000000000000000000000e+02 5.298474000000000000000000000000e+06 1.000000000000000000000000000000e+00
7.000000000000000000000000000000e+00 4.100000000000000000000000000000e+01 7.064300000000000000000000000000e+04 2.000000000000000000000000000000e+00
1.100000000000000000000000000000e+01 7.200000000000000000000000000000e+01 3.785040000000000000000000000000e+05 3.000000000000000000000000000000e+00
1.200000000000000000000000000000e+01 9.000000000000000000000000000000e+00 8.190000000000000000000000000000e+02 4.000000000000000000000000000000e+00
1.400000000000000000000000000000e+01 3.300000000000000000000000000000e+01 3.705900000000000000000000000000e+04 5.000000000000000000000000000000e+00
1.500000000000000000000000000000e+01 4.500000000000000000000000000000e+01 9.319500000000000000000000000000e+04 6.000000000000000000000000000000e+00
1.700000000000000000000000000000e+01 7.500000000000000000000000000000e+01 4.275750000000000000000000000000e+05 7.000000000000000000000000000000e+00
1.800000000000000000000000000000e+01 1.490000000000000000000000000000e+02 3.330299000000000000000000000000e+06 8.000000000000000000000000000000e+00
1.900000000000000000000000000000e+01 2.620000000000000000000000000000e+02 1.805363400000000000000000000000e+07 9.000000000000000000000000000000e+00
2.200000000000000000000000000000e+01 3.000000000000000000000000000000e+01 2.793000000000000000000000000000e+04 1.000000000000000000000000000000e+01
2.300000000000000000000000000000e+01 1.100000000000000000000000000000e+01 1.463000000000000000000000000000e+03 1.100000000000000000000000000000e+01
2.400000000000000000000000000000e+01 2.900000000000000000000000000000e+01 2.525900000000000000000000000000e+04 1.200000000000000000000000000000e+01
2.500000000000000000000000000000e+01 1.400000000000000000000000000000e+01 2.954000000000000000000000000000e+03 1.300000000000000000000000000000e+01
3.000000000000000000000000000000e+01 1.160000000000000000000000000000e+02 1.574468000000000000000000000000e+06 1.400000000000000000000000000000e+01
3.100000000000000000000000000000e+01 1.250000000000000000000000000000e+02 1.968875000000000000000000000000e+06 1.500000000000000000000000000000e+01
3.500000000000000000000000000000e+01 3.000000000000000000000000000000e+01 2.793000000000000000000000000000e+04 1.600000000000000000000000000000e+01
3.900000000000000000000000000000e+01 1.610000000000000000000000000000e+02 4.199363000000000000000000000000e+06 1.700000000000000000000000000000e+01
4.000000000000000000000000000000e+01 9.000000000000000000000000000000e+00 8.190000000000000000000000000000e+02 1.800000000000000000000000000000e+01
4.100000000000000000000000000000e+01 1.400000000000000000000000000000e+01 2.954000000000000000000000000000e+03 1.900000000000000000000000000000e+01
4.200000000000000000000000000000e+01 1.550000000000000000000000000000e+02 3.748055000000000000000000000000e+06 2.000000000000000000000000000000e+01
4.400000000000000000000000000000e+01 2.500000000000000000000000000000e+01 1.627500000000000000000000000000e+04 2.100000000000000000000000000000e+01
4.600000000000000000000000000000e+01 1.860000000000000000000000000000e+02 6.469638000000000000000000000000e+06 2.200000000000000000000000000000e+01
4.700000000000000000000000000000e+01 4.800000000000000000000000000000e+01 1.129440000000000000000000000000e+05 2.300000000000000000000000000000e+01
5.600000000000000000000000000000e+01 2.510000000000000000000000000000e+02 1.587650300000000000000000000000e+07 2.400000000000000000000000000000e+01
5.900000000000000000000000000000e+01 7.400000000000000000000000000000e+01 4.107740000000000000000000000000e+05 2.500000000000000000000000000000e+01
6.000000000000000000000000000000e+01 4.000000000000000000000000000000e+00 8.400000000000000000000000000000e+01 2.600000000000000000000000000000e+01
6.200000000000000000000000000000e+01 5.000000000000000000000000000000e+00 1.550000000000000000000000000000e+02 2.700000000000000000000000000000e+01
6.700000000000000000000000000000e+01 1.500000000000000000000000000000e+01 3.615000000000000000000000000000e+03 2.800000000000000000000000000000e+01
6.800000000000000000000000000000e+01 2.700000000000000000000000000000e+01 2.043900000000000000000000000000e+04 2.900000000000000000000000000000e+01
6.900000000000000000000000000000e+01 4.500000000000000000000000000000e+01 9.319500000000000000000000000000e+04 3.000000000000000000000000000000e+01
7.200000000000000000000000000000e+01 1.100000000000000000000000000000e+02 1.343210000000000000000000000000e+06 3.100000000000000000000000000000e+01
7.400000000000000000000000000000e+01 6.000000000000000000000000000000e+01 2.196600000000000000000000000000e+05 3.200000000000000000000000000000e+01
7.500000000000000000000000000000e+01 1.710000000000000000000000000000e+02 5.029623000000000000000000000000e+06 3.300000000000000000000000000000e+01
7.600000000000000000000000000000e+01 1.490000000000000000000000000000e+02 3.330299000000000000000000000000e+06 3.400000000000000000000000000000e+01
7.900000000000000000000000000000e+01 1.160000000000000000000000000000e+02 1.574468000000000000000000000000e+06 3.500000000000000000000000000000e+01
8.000000000000000000000000000000e+01 9.900000000000000000000000000000e+01 9.801990000000000000000000000000e+05 3.600000000000000000000000000000e+01
8.200000000000000000000000000000e+01 7.400000000000000000000000000000e+01 4.107740000000000000000000000000e+05 3.700000000000000000000000000000e+01
8.600000000000000000000000000000e+01 4.400000000000000000000000000000e+01 8.716400000000000000000000000000e+04 3.800000000000000000000000000000e+01
8.700000000000000000000000000000e+01 8.600000000000000000000000000000e+01 6.435380000000000000000000000000e+05 3.900000000000000000000000000000e+01
8.800000000000000000000000000000e+01 1.250000000000000000000000000000e+02 1.968875000000000000000000000000e+06 4.000000000000000000000000000000e+01
9.100000000000000000000000000000e+01 1.010000000000000000000000000000e+02 1.040603000000000000000000000000e+06 4.100000000000000000000000000000e+01
9.600000000000000000000000000000e+01 4.600000000000000000000000000000e+01 9.949800000000000000000000000000e+04 4.200000000000000000000000000000e+01
9.800000000000000000000000000000e+01 6.500000000000000000000000000000e+01 2.789150000000000000000000000000e+05 4.300000000000000000000000000000e+01
9.900000000000000000000000000000e+01 5.300000000000000000000000000000e+01 1.517390000000000000000000000000e+05 4.400000000000000000000000000000e+01
1.010000000000000000000000000000e+02 1.380000000000000000000000000000e+02 2.647254000000000000000000000000e+06 4.500000000000000000000000000000e+01
1.060000000000000000000000000000e+02 1.400000000000000000000000000000e+01 2.954000000000000000000000000000e+03 4.600000000000000000000000000000e+01
1.090000000000000000000000000000e+02 8.000000000000000000000000000000e+00 5.840000000000000000000000000000e+02 4.700000000000000000000000000000e+01
1.100000000000000000000000000000e+02 7.800000000000000000000000000000e+01 4.807140000000000000000000000000e+05 4.800000000000000000000000000000e+01
1.170000000000000000000000000000e+02 8.100000000000000000000000000000e+01 5.380830000000000000000000000000e+05 4.900000000000000000000000000000e+01
1.190000000000000000000000000000e+02 1.040000000000000000000000000000e+02 1.135784000000000000000000000000e+06 5.000000000000000000000000000000e+01
1.210000000000000000000000000000e+02 2.200000000000000000000000000000e+01 1.115400000000000000000000000000e+04 5.100000000000000000000000000000e+01
1.220000000000000000000000000000e+02 4.300000000000000000000000000000e+01 8.139900000000000000000000000000e+04 5.200000000000000000000000000000e+01
1.230000000000000000000000000000e+02 6.700000000000000000000000000000e+01 3.053190000000000000000000000000e+05 5.300000000000000000000000000000e+01
1.240000000000000000000000000000e+02 1.500000000000000000000000000000e+01 3.615000000000000000000000000000e+03 5.400000000000000000000000000000e+01
1.250000000000000000000000000000e+02 8.500000000000000000000000000000e+01 6.214350000000000000000000000000e+05 5.500000000000000000000000000000e+01
1.260000000000000000000000000000e+02 6.000000000000000000000000000000e+01 2.196600000000000000000000000000e+05 5.600000000000000000000000000000e+01
1.270000000000000000000000000000e+02 7.000000000000000000000000000000e+00 3.990000000000000000000000000000e+02 5.700000000000000000000000000000e+01
1.280000000000000000000000000000e+02 5.900000000000000000000000000000e+01 2.089190000000000000000000000000e+05 5.800000000000000000000000000000e+01
1.290000000000000000000000000000e+02 3.670000000000000000000000000000e+02 4.956591900000000000000000000000e+07 5.900000000000000000000000000000e+01
1.310000000000000000000000000000e+02 1.800000000000000000000000000000e+01 6.174000000000000000000000000000e+03 6.000000000000000000000000000000e+01
1.320000000000000000000000000000e+02 3.100000000000000000000000000000e+01 3.078300000000000000000000000000e+04 6.100000000000000000000000000000e+01
1.330000000000000000000000000000e+02 6.200000000000000000000000000000e+01 2.422340000000000000000000000000e+05 6.200000000000000000000000000000e+01
1.350000000000000000000000000000e+02 7.500000000000000000000000000000e+01 4.275750000000000000000000000000e+05 6.300000000000000000000000000000e+01
1.370000000000000000000000000000e+02 1.910000000000000000000000000000e+02 7.004543000000000000000000000000e+06 6.400000000000000000000000000000e+01
1.380000000000000000000000000000e+02 1.350000000000000000000000000000e+02 2.478735000000000000000000000000e+06 6.500000000000000000000000000000e+01
1.410000000000000000000000000000e+02 4.970000000000000000000000000000e+02 1.230109790000000000000000000000e+08 6.600000000000000000000000000000e+01
1.420000000000000000000000000000e+02 4.460000000000000000000000000000e+02 8.891589800000000000000000000000e+07 6.700000000000000000000000000000e+01
1.430000000000000000000000000000e+02 8.000000000000000000000000000000e+01 5.184800000000000000000000000000e+05 6.800000000000000000000000000000e+01
1.440000000000000000000000000000e+02 3.000000000000000000000000000000e+00 3.900000000000000000000000000000e+01 6.900000000000000000000000000000e+01
1.460000000000000000000000000000e+02 1.790000000000000000000000000000e+02 5.767559000000000000000000000000e+06 7.000000000000000000000000000000e+01
1.480000000000000000000000000000e+02 2.440000000000000000000000000000e+02 1.458656400000000000000000000000e+07 7.100000000000000000000000000000e+01
1.490000000000000000000000000000e+02 5.100000000000000000000000000000e+01 1.353030000000000000000000000000e+05 7.200000000000000000000000000000e+01
1.530000000000000000000000000000e+02 1.190000000000000000000000000000e+02 1.699439000000000000000000000000e+06 7.300000000000000000000000000000e+01
1.540000000000000000000000000000e+02 5.600000000000000000000000000000e+01 1.788080000000000000000000000000e+05 7.400000000000000000000000000000e+01
1.580000000000000000000000000000e+02 7.200000000000000000000000000000e+01 3.785040000000000000000000000000e+05 7.500000000000000000000000000000e+01
1.590000000000000000000000000000e+02 7.500000000000000000000000000000e+01 4.275750000000000000000000000000e+05 7.600000000000000000000000000000e+01
1.620000000000000000000000000000e+02 2.800000000000000000000000000000e+01 2.276400000000000000000000000000e+04 7.700000000000000000000000000000e+01
1.640000000000000000000000000000e+02 1.240000000000000000000000000000e+02 1.922124000000000000000000000000e+06 7.800000000000000000000000000000e+01
1.670000000000000000000000000000e+02 2.270000000000000000000000000000e+02 1.174883900000000000000000000000e+07 7.900000000000000000000000000000e+01
1.680000000000000000000000000000e+02 2.000000000000000000000000000000e+00 1.400000000000000000000000000000e+01 8.000000000000000000000000000000e+01
1.700000000000000000000000000000e+02 4.600000000000000000000000000000e+01 9.949800000000000000000000000000e+04 8.100000000000000000000000000000e+01
1.710000000000000000000000000000e+02 1.410000000000000000000000000000e+02 2.823243000000000000000000000000e+06 8.200000000000000000000000000000e+01
1.720000000000000000000000000000e+02 2.200000000000000000000000000000e+02 1.069662000000000000000000000000e+07 8.300000000000000000000000000000e+01
1.750000000000000000000000000000e+02 5.500000000000000000000000000000e+01 1.694550000000000000000000000000e+05 8.400000000000000000000000000000e+01
1.790000000000000000000000000000e+02 1.600000000000000000000000000000e+01 4.368000000000000000000000000000e+03 8.500000000000000000000000000000e+01
1.850000000000000000000000000000e+02 9.000000000000000000000000000000e+00 8.190000000000000000000000000000e+02 8.600000000000000000000000000000e+01
1.860000000000000000000000000000e+02 8.700000000000000000000000000000e+01 6.661590000000000000000000000000e+05 8.700000000000000000000000000000e+01
1.880000000000000000000000000000e+02 8.000000000000000000000000000000e+00 5.840000000000000000000000000000e+02 8.800000000000000000000000000000e+01
1.890000000000000000000000000000e+02 5.120000000000000000000000000000e+02 1.344803840000000000000000000000e+08 8.900000000000000000000000000000e+01
1.930000000000000000000000000000e+02 8.300000000000000000000000000000e+01 5.787590000000000000000000000000e+05 9.000000000000000000000000000000e+01
1.940000000000000000000000000000e+02 4.300000000000000000000000000000e+01 8.139900000000000000000000000000e+04 9.100000000000000000000000000000e+01
1.970000000000000000000000000000e+02 4.800000000000000000000000000000e+01 1.129440000000000000000000000000e+05 9.200000000000000000000000000000e+01
1.990000000000000000000000000000e+02 1.180000000000000000000000000000e+02 1.657074000000000000000000000000e+06 9.300000000000000000000000000000e+01
2.020000000000000000000000000000e+02 1.600000000000000000000000000000e+01 4.368000000000000000000000000000e+03 9.400000000000000000000000000000e+01
2.030000000000000000000000000000e+02 4.200000000000000000000000000000e+01 7.589400000000000000000000000000e+04 9.500000000000000000000000000000e+01
2.080000000000000000000000000000e+02 2.900000000000000000000000000000e+01 2.525900000000000000000000000000e+04 9.600000000000000000000000000000e+01
2.100000000000000000000000000000e+02 2.000000000000000000000000000000e+01 8.420000000000000000000000000000e+03 9.700000000000000000000000000000e+01
2.140000000000000000000000000000e+02 9.200000000000000000000000000000e+01 7.872440000000000000000000000000e+05 9.800000000000000000000000000000e+01
2.160000000000000000000000000000e+02 8.500000000000000000000000000000e+01 6.214350000000000000000000000000e+05 9.900000000000000000000000000000e+01
