0.000000000000000000000000000000e+00 1.100000000000000000000000000000e+02 1.343210000000000000000000000000e+06 0.000000000000000000000000000000e+00
1.000000000000000000000000000000e+00 1.010000000000000000000000000000e+02 1.040603000000000000000000000000e+06 1.000000000000000000000000000000e+00
3.000000000000000000000000000000e+00 1.500000000000000000000000000000e+01 3.615000000000000000000000000000e+03 2.000000000000000000000000000000e+00
5.000000000000000000000000000000e+00 1.580000000000000000000000000000e+02 3.969434000000000000000000000000e+06 3.000000000000000000000000000000e+00
7.000000000000000000000000000000e+00 6.000000000000000000000000000000e+00 2.580000000000000000000000000000e+02 4.000000000000000000000000000000e+00
8.000000000000000000000000000000e+00 3.600000000000000000000000000000e+02 4.678596000000000000000000000000e+07 5.000000000000000000000000000000e+00
1.200000000000000000000000000000e+01 3.400000000000000000000000000000e+01 4.049400000000000000000000000000e+04 6.000000000000000000000000000000e+00
1.400000000000000000000000000000e+01 8.400000000000000000000000000000e+01 5.998440000000000000000000000000e+05 7.000000000000000000000000000000e+00
1.500000000000000000000000000000e+01 1.240000000000000000000000000000e+02 1.922124000000000000000000000000e+06 8.000000000000000000000000000000e+00
1.700000000000000000000000000000e+01 2.300000000000000000000000000000e+01 1.271900000000000000000000000000e+04 9.000000000000000000000000000000e+00
1.800000000000000000000000000000e+01 7.700000000000000000000000000000e+01 4.625390000000000000000000000000e+05 1.000000000000000000000000000000e+01
1.900000000000000000000000000000e+01 5.000000000000000000000000000000e+00 1.550000000000000000000000000000e+02 1.100000000000000000000000000000e+01
2.300000000000000000000000000000e+01 7.900000000000000000000000000000e+01 4.993590000000000000000000000000e+05 1.200000000000000000000000000000e+01
2.400000000000000000000000000000e+01 2.600000000000000000000000000000e+01 1.827800000000000000000000000000e+04 1.300000000000000000000000000000e+01
2.600000000000000000000000000000e+01 1.290000000000000000000000000000e+02 2.163459000000000000000000000000e+06 1.400000000000000000000000000000e+01
2.900000000000000000000000000000e+01 1.000000000000000000000000000000e+01 1.110000000000000000000000000000e+03 1.500000000000000000000000000000e+01
3.200000000000000000000000000000e+01 3.600000000000000000000000000000e+01 4.798800000000000000000000000000e+04 1.600000000000000000000000000000e+01
3.500000000000000000000000000000e+01 7.000000000000000000000000000000e+00 3.990000000000000000000000000000e+02 1.700000000000000000000000000000e+01
3.600000000000000000000000000000e+01 9.400000000000000000000000000000e+01 8.395140000000000000000000000000e+05 1.800000000000000000000000000000e+01
3.800000000000000000000000000000e+01 1.000000000000000000000000000000e+01 1.110000000000000000000000000000e+03 1.900000000000000000000000000000e+01
3.900000000000000000000000000000e+01 1.450000000000000000000000000000e+02 3.069795000000000000000000000000e+06 2.000000000000000000000000000000e+01
4.100000000000000000000000000000e+01 1.300000000000000000000000000000e+01 2.379000000000000000000000000000e+03 2.100000000000000000000000000000e+01
4.300000000000000000000000000000e+01 4.600000000000000000000000000000e+01 9.949800000000000000000000000000e+04 2.200000000000000000000000000000e+01
4.700000000000000000000000000000e+01 1.300000000000000000000000000000e+01 2.379000000000000000000000000000e+03 2.300000000000000000000000000000e+01
5.100000000000000000000000000000e+01 2.700000000000000000000000000000e+01 2.043900000000000000000000000000e+04 2.400000000000000000000000000000e+01
5.200000000000000000000000000000e+01 4.000000000000000000000000000000e+00 8.400000000000000000000000000000e+01 2.500000000000000000000000000000e+01
5.300000000000000000000000000000e+01 3.200000000000000000000000000000e+01 3.382400000000000000000000000000e+04 2.600000000000000000000000000000e+01
5.500000000000000000000000000000e+01 1.100000000000000000000000000000e+01 1.463000000000000000000000000000e+03 2.700000000000000000000000000000e+01
5.600000000000000000000000000000e+01 9.000000000000000000000000000000e+01 7.371900000000000000000000000000e+05 2.800000000000000000000000000000e+01
7.000000000000000000000000000000e+01 7.600000000000000000000000000000e+01 4.448280000000000000000000000000e+05 2.900000000000000000000000000000e+01
7.100000000000000000000000000000e+01 1.090000000000000000000000000000e+02 1.307019000000000000000000000000e+06 3.000000000000000000000000000000e+01
7.200000000000000000000000000000e+01 4.800000000000000000000000000000e+01 1.129440000000000000000000000000e+05 3.100000000000000000000000000000e+01
7.500000000000000000000000000000e+01 7.500000000000000000000000000000e+01 4.275750000000000000000000000000e+05 3.200000000000000000000000000000e+01
7.700000000000000000000000000000e+01 1.530000000000000000000000000000e+02 3.605139000000000000000000000000e+06 3.300000000000000000000000000000e+01
7.900000000000000000000000000000e+01 6.000000000000000000000000000000e+01 2.196600000000000000000000000000e+05 3.400000000000000000000000000000e+01
8.200000000000000000000000000000e+01 5.000000000000000000000000000000e+00 1.550000000000000000000000000000e+02 3.500000000000000000000000000000e+01
8.300000000000000000000000000000e+01 7.600000000000000000000000000000e+01 4.448280000000000000000000000000e+05 3.600000000000000000000000000000e+01
8.400000000000000000000000000000e+01 2.250000000000000000000000000000e+02 1.144147500000000000000000000000e+07 3.700000000000000000000000000000e+01
8.600000000000000000000000000000e+01 2.400000000000000000000000000000e+01 1.442400000000000000000000000000e+04 3.800000000000000000000000000000e+01
8.700000000000000000000000000000e+01 1.490000000000000000000000000000e+02 3.330299000000000000000000000000e+06 3.900000000000000000000000000000e+01
8.800000000000000000000000000000e+01 1.800000000000000000000000000000e+01 6.174000000000000000000000000000e+03 4.000000000000000000000000000000e+01
8.900000000000000000000000000000e+01 5.500000000000000000000000000000e+01 1.694550000000000000000000000000e+05 4.100000000000000000000000000000e+01
9.000000000000000000000000000000e+01 3.800000000000000000000000000000e+01 5.635400000000000000000000000000e+04 4.200000000000000000000000000000e+01
9.400000000000000000000000000000e+01 3.480000000000000000000000000000e+02 4.226564400000000000000000000000e+07 4.300000000000000000000000000000e+01
9.500000000000000000000000000000e+01 1.280000000000000000000000000000e+02 2.113664000000000000000000000000e+06 4.400000000000000000000000000000e+01
9.600000000000000000000000000000e+01 1.960000000000000000000000000000e+02 7.568148000000000000000000000000e+06 4.500000000000000000000000000000e+01
9.700000000000000000000000000000e+01 1.300000000000000000000000000000e+01 2.379000000000000000000000000000e+03 4.600000000000000000000000000000e+01
1.000000000000000000000000000000e+02 9.500000000000000000000000000000e+01 8.664950000000000000000000000000e+05 4.700000000000000000000000000000e+01
1.030000000000000000000000000000e+02 1.120000000000000000000000000000e+02 1.417584000000000000000000000000e+06 4.800000000000000000000000000000e+01
1.040000000000000000000000000000e+02 1.010000000000000000000000000000e+02 1.040603000000000000000000000000e+06 4.900000000000000000000000000000e+01
1.070000000000000000000000000000e+02 1.500000000000000000000000000000e+02 3.397650000000000000000000000000e+06 5.000000000000000000000000000000e+01
1.080000000000000000000000000000e+02 4.900000000000000000000000000000e+01 1.200990000000000000000000000000e+05 5.100000000000000000000000000000e+01
1.090000000000000000000000000000e+02 1.800000000000000000000000000000e+01 6.174000000000000000000000000000e+03 5.200000000000000000000000000000e+01
1.100000000000000000000000000000e+02 7.300000000000000000000000000000e+01 3.944190000000000000000000000000e+05 5.300000000000000000000000000000e+01
1.140000000000000000000000000000e+02 2.800000000000000000000000000000e+01 2.276400000000000000000000000000e+04 5.400000000000000000000000000000e+01
1.150000000000000000000000000000e+02 2.150000000000000000000000000000e+02 9.984815000000000000000000000000e+06 5.500000000000000000000000000000e+01
1.160000000000000000000000000000e+02 6.000000000000000000000000000000e+00 2.580000000000000000000000000000e+02 5.600000000000000000000000000000e+01
1.180000000000000000000000000000e+02 9.300000000000000000000000000000e+01 8.130990000000000000000000000000e+05 5.700000000000000000000000000000e+01
1.200000000000000000000000000000e+02 1.300000000000000000000000000000e+01 2.379000000000000000000000000000e+03 5.800000000000000000000000000000e+01
1.220000000000000000000000000000e+02 3.010000000000000000000000000000e+02 2.736180300000000000000000000000e+07 5.900000000000000000000000000000e+01
1.250000000000000000000000000000e+02 5.100000000000000000000000000000e+01 1.353030000000000000000000000000e+05 6.000000000000000000000000000000e+01
1.260000000000000000000000000000e+02 4.000000000000000000000000000000e+01 6.564000000000000000000000000000e+04 6.100000000000000000000000000000e+01
1.280000000000000000000000000000e+02 9.000000000000000000000000000000e+00 8.190000000000000000000000000000e+02 6.200000000000000000000000000000e+01
1.300000000000000000000000000000e+02 4.300000000000000000000000000000e+01 8.139900000000000000000000000000e+04 6.300000000000000000000000000000e+01
1.320000000000000000000000000000e+02 1.100000000000000000000000000000e+02 1.343210000000000000000000000000e+06 6.400000000000000000000000000000e+01
1.340000000000000000000000000000e+02 9.400000000000000000000000000000e+01 8.395140000000000000000000000000e+05 6.500000000000000000000000000000e+01
1.360000000000000000000000000000e+02 1.010000000000000000000000000000e+02 1.040603000000000000000000000000e+06 6.600000000000000000000000000000e+01
1.370000000000000000000000000000e+02 2.780000000000000000000000000000e+02 2.156251400000000000000000000000e+07 6.700000000000000000000000000000e+01
1.400000000000000000000000000000e+02 6.600000000000000000000000000000e+01 2.919180000000000000000000000000e+05 6.800000000000000000000000000000e+01
1.430000000000000000000000000000e+02 5.400000000000000000000000000000e+01 1.604340000000000000000000000000e+05 6.900000000000000000000000000000e+01
1.450000000000000000000000000000e+02 2.400000000000000000000000000000e+01 1.442400000000000000000000000000e+04 7.000000000000000000000000000000e+01
1.460000000000000000000000000000e+02 1.080000000000000000000000000000e+02 1.271484000000000000000000000000e+06 7.100000000000000000000000000000e+01
1.470000000000000000000000000000e+02 3.300000000000000000000000000000e+01 3.705900000000000000000000000000e+04 7.200000000000000000000000000000e+01
1.480000000000000000000000000000e+02 2.200000000000000000000000000000e+01 1.115400000000000000000000000000e+04 7.300000000000000000000000000000e+01
1.530000000000000000000000000000e+02 1.280000000000000000000000000000e+02 2.113664000000000000000000000000e+06 7.400000000000000000000000000000e+01
1.550000000000000000000000000000e+02 3.200000000000000000000000000000e+01 3.382400000000000000000000000000e+04 7.500000000000000000000000000000e+01
1.560000000000000000000000000000e+02 1.000000000000000000000000000000e+01 1.110000000000000000000000000000e+03 7.600000000000000000000000000000e+01
1.580000000000000000000000000000e+02 2.400000000000000000000000000000e+01 1.442400000000000000000000000000e+04 7.700000000000000000000000000000e+01
1.590000000000000000000000000000e+02 1.290000000000000000000000000000e+02 2.163459000000000000000000000000e+06 7.800000000000000000000000000000e+01
1.600000000000000000000000000000e+02 1.200000000000000000000000000000e+02 1.742520000000000000000000000000e+06 7.900000000000000000000000000000e+01
1.650000000000000000000000000000e+02 2.100000000000000000000000000000e+01 9.723000000000000000000000000000e+03 8.000000000000000000000000000000e+01
1.670000000000000000000000000000e+02 1.800000000000000000000000000000e+01 6.174000000000000000000000000000e+03 8.100000000000000000000000000000e+01
1.710000000000000000000000000000e+02 2.100000000000000000000000000000e+01 9.723000000000000000000000000000e+03 8.200000000000000000000000000000e+01
1.720000000000000000000000000000e+02 1.000000000000000000000000000000e+02 1.010100000000000000000000000000e+06 8.300000000000000000000000000000e+01
1.730000000000000000000000000000e+02 1.600000000000000000000000000000e+02 4.121760000000000000000000000000e+06 8.400000000000000000000000000000e+01
1.750000000000000000000000000000e+02 5.000000000000000000000000000000e+00 1.550000000000000000000000000000e+02 8.500000000000000000000000000000e+01
1.770000000000000000000000000000e+02 1.400000000000000000000000000000e+01 2.954000000000000000000000000000e+03 8.600000000000000000000000000000e+01
1.800000000000000000000000000000e+02 6.700000000000000000000000000000e+01 3.053190000000000000000000000000e+05 8.700000000000000000000000000000e+01
1.830000000000000000000000000000e+02 9.600000000000000000000000000000e+01 8.940480000000000000000000000000e+05 8.800000000000000000000000000000e+01
1.840000000000000000000000000000e+02 2.310000000000000000000000000000e+02 1.237998300000000000000000000000e+07 8.900000000000000000000000000000e+01
1.900000000000000000000000000000e+02 3.320000000000000000000000000000e+02 3.670492400000000000000000000000e+07 9.000000000000000000000000000000e+01
1.920000000000000000000000000000e+02 3.500000000000000000000000000000e+01 4.413500000000000000000000000000e+04 9.100000000000000000000000000000e+01
1.940000000000000000000000000000e+02 1.640000000000000000000000000000e+02 4.438004000000000000000000000000e+06 9.200000000000000000000000000000e+01
1.950000000000000000000000000000e+02 7.600000000000000000000000000000e+01 4.448280000000000000000000000000e+05 9.300000000000000000000000000000e+01
1.980000000000000000000000000000e+02 7.000000000000000000000000000000e+00 3.990000000000000000000000000000e+02 9.400000000000000000000000000000e+01
2.000000000000000000000000000000e+02 2.500000000000000000000000000000e+01 1.627500000000000000000000000000e+04 9.500000000000000000000000000000e+01
2.010000000000000000000000000000e+02 1.000000000000000000000000000000e+00 3.000000000000000000000000000000e+00 9.600000000000000000000000000000e+01
2.050000000000000000000000000000e+02 2.300000000000000000000000000000e+01 1.271900000000000000000000000000e+04 9.700000000000000000000000000000e+01
2.090000000000000000000000000000e+02 3.930000000000000000000000000000e+02 6.085329900000000000000000000000e+07 9.800000000000000000000000000000e+01
2.110000000000000000000000000000e+02 1.490000000000000000000000000000e+02 3.330299000000000000000000000000e+06 9.900000000000000000000000000000e+01
