1.000000000000000000000000000000e+00 9.900000000000000000000000000000e+01 9.801990000000000000000000000000e+05 0.000000000000000000000000000000e+00
2.000000000000000000000000000000e+00 1.340000000000000000000000000000e+02 2.424194000000000000000000000000e+06 1.000000000000000000000000000000e+00
3.000000000000000000000000000000e+00 1.110000000000000000000000000000e+02 1.380063000000000000000000000000e+06 2.000000000000000000000000000000e+00
4.000000000000000000000000000000e+00 1.070000000000000000000000000000e+02 1.236599000000000000000000000000e+06 3.000000000000000000000000000000e+00
6.000000000000000000000000000000e+00 2.370000000000000000000000000000e+02 1.336845900000000000000000000000e+07 4.000000000000000000000000000000e+00
8.000000000000000000000000000000e+00 5.380000000000000000000000000000e+02 1.560108540000000000000000000000e+08 5.000000000000000000000000000000e+00
1.400000000000000000000000000000e+01 8.100000000000000000000000000000e+01 5.380830000000000000000000000000e+05 6.000000000000000000000000000000e+00
1.500000000000000000000000000000e+01 2.250000000000000000000000000000e+02 1.144147500000000000000000000000e+07 7.000000000000000000000000000000e+00
1.700000000000000000000000000000e+01 1.640000000000000000000000000000e+02 4.438004000000000000000000000000e+06 8.000000000000000000000000000000e+00
1.800000000000000000000000000000e+01 4.700000000000000000000000000000e+01 1.060790000000000000000000000000e+05 9.000000000000000000000000000000e+00
2.000000000000000000000000000000e+01 4.500000000000000000000000000000e+01 9.319500000000000000000000000000e+04 1.000000000000000000000000000000e+01
2.100000000000000000000000000000e+01 3.020000000000000000000000000000e+02 2.763511400000000000000000000000e+07 1.100000000000000000000000000000e+01
2.400000000000000000000000000000e+01 1.190000000000000000000000000000e+02 1.699439000000000000000000000000e+06 1.200000000000000000000000000000e+01
2.600000000000000000000000000000e+01 1.250000000000000000000000000000e+02 1.968875000000000000000000000000e+06 1.300000000000000000000000000000e+01
2.700000000000000000000000000000e+01 3.900000000000000000000000000000e+01 6.087900000000000000000000000000e+04 1.400000000000000000000000000000e+01
3.000000000000000000000000000000e+01 1.670000000000000000000000000000e+02 4.685519000000000000000000000000e+06 1.500000000000000000000000000000e+01
3.200000000000000000000000000000e+01 1.360000000000000000000000000000e+02 2.534088000000000000000000000000e+06 1.600000000000000000000000000000e+01
3.500000000000000000000000000000e+01 2.900000000000000000000000000000e+01 2.525900000000000000000000000000e+04 1.700000000000000000000000000000e+01
3.700000000000000000000000000000e+01 6.500000000000000000000000000000e+01 2.789150000000000000000000000000e+05 1.800000000000000000000000000000e+01
3.800000000000000000000000000000e+01 1.610000000000000000000000000000e+02 4.199363000000000000000000000000e+06 1.900000000000000000000000000000e+01
3.900000000000000000000000000000e+01 5.600000000000000000000000000000e+01 1.788080000000000000000000000000e+05 2.000000000000000000000000000000e+01
4.000000000000000000000000000000e+01 2.700000000000000000000000000000e+01 2.043900000000000000000000000000e+04 2.100000000000000000000000000000e+01
4.100000000000000000000000000000e+01 2.000000000000000000000000000000e+01 8.420000000000000000000000000000e+03 2.200000000000000000000000000000e+01
4.200000000000000000000000000000e+01 1.690000000000000000000000000000e+02 4.855539000000000000000000000000e+06 2.300000000000000000000000000000e+01
4.300000000000000000000000000000e+01 8.200000000000000000000000000000e+01 5.581740000000000000000000000000e+05 2.400000000000000000000000000000e+01
4.400000000000000000000000000000e+01 2.400000000000000000000000000000e+01 1.442400000000000000000000000000e+04 2.500000000000000000000000000000e+01
4.500000000000000000000000000000e+01 2.200000000000000000000000000000e+01 1.115400000000000000000000000000e+04 2.600000000000000000000000000000e+01
4.700000000000000000000000000000e+01 9.900000000000000000000000000000e+01 9.801990000000000000000000000000e+05 2.700000000000000000000000000000e+01
4.800000000000000000000000000000e+01 1.800000000000000000000000000000e+01 6.174000000000000000000000000000e+03 2.800000000000000000000000000000e+01
5.100000000000000000000000000000e+01 3.300000000000000000000000000000e+01 3.705900000000000000000000000000e+04 2.900000000000000000000000000000e+01
5.200000000000000000000000000000e+01 2.170000000000000000000000000000e+02 1.026561900000000000000000000000e+07 3.000000000000000000000000000000e+01
5.600000000000000000000000000000e+01 4.200000000000000000000000000000e+01 7.589400000000000000000000000000e+04 3.100000000000000000000000000000e+01
6.000000000000000000000000000000e+01 1.400000000000000000000000000000e+02 2.763740000000000000000000000000e+06 3.200000000000000000000000000000e+01
6.100000000000000000000000000000e+01 5.800000000000000000000000000000e+01 1.985340000000000000000000000000e+05 3.300000000000000000000000000000e+01
6.200000000000000000000000000000e+01 1.350000000000000000000000000000e+02 2.478735000000000000000000000000e+06 3.400000000000000000000000000000e+01
6.300000000000000000000000000000e+01 2.410000000000000000000000000000e+02 1.405584300000000000000000000000e+07 3.500000000000000000000000000000e+01
6.900000000000000000000000000000e+01 2.900000000000000000000000000000e+01 2.525900000000000000000000000000e+04 3.600000000000000000000000000000e+01
7.000000000000000000000000000000e+01 5.000000000000000000000000000000e+01 1.275500000000000000000000000000e+05 3.700000000000000000000000000000e+01
7.100000000000000000000000000000e+01 2.200000000000000000000000000000e+01 1.115400000000000000000000000000e+04 3.800000000000000000000000000000e+01
7.200000000000000000000000000000e+01 8.100000000000000000000000000000e+01 5.380830000000000000000000000000e+05 3.900000000000000000000000000000e+01
7.500000000000000000000000000000e+01 1.880000000000000000000000000000e+02 6.680204000000000000000000000000e+06 4.000000000000000000000000000000e+01
7.600000000000000000000000000000e+01 1.930000000000000000000000000000e+02 7.226499000000000000000000000000e+06 4.100000000000000000000000000000e+01
7.800000000000000000000000000000e+01 2.200000000000000000000000000000e+01 1.115400000000000000000000000000e+04 4.200000000000000000000000000000e+01
7.900000000000000000000000000000e+01 7.500000000000000000000000000000e+01 4.275750000000000000000000000000e+05 4.300000000000000000000000000000e+01
8.700000000000000000000000000000e+01 1.280000000000000000000000000000e+02 2.113664000000000000000000000000e+06 4.400000000000000000000000000000e+01
9.100000000000000000000000000000e+01 6.700000000000000000000000000000e+01 3.053190000000000000000000000000e+05 4.500000000000000000000000000000e+01
9.300000000000000000000000000000e+01 3.100000000000000000000000000000e+01 3.078300000000000000000000000000e+04 4.600000000000000000000000000000e+01
9.500000000000000000000000000000e+01 1.300000000000000000000000000000e+01 2.379000000000000000000000000000e+03 4.700000000000000000000000000000e+01
9.700000000000000000000000000000e+01 5.300000000000000000000000000000e+01 1.517390000000000000000000000000e+05 4.800000000000000000000000000000e+01
9.800000000000000000000000000000e+01 9.000000000000000000000000000000e+01 7.371900000000000000000000000000e+05 4.900000000000000000000000000000e+01
1.000000000000000000000000000000e+02 3.000000000000000000000000000000e+01 2.793000000000000000000000000000e+04 5.000000000000000000000000000000e+01
1.040000000000000000000000000000e+02 2.040000000000000000000000000000e+02 8.531484000000000000000000000000e+06 5.100000000000000000000000000000e+01
1.070000000000000000000000000000e+02 1.180000000000000000000000000000e+02 1.657074000000000000000000000000e+06 5.200000000000000000000000000000e+01
1.100000000000000000000000000000e+02 9.100000000000000000000000000000e+01 7.619430000000000000000000000000e+05 5.300000000000000000000000000000e+01
1.110000000000000000000000000000e+02 3.000000000000000000000000000000e+00 3.900000000000000000000000000000e+01 5.400000000000000000000000000000e+01
1.120000000000000000000000000000e+02 5.600000000000000000000000000000e+01 1.788080000000000000000000000000e+05 5.500000000000000000000000000000e+01
1.130000000000000000000000000000e+02 1.060000000000000000000000000000e+02 1.202358000000000000000000000000e+06 5.600000000000000000000000000000e+01
1.150000000000000000000000000000e+02 8.200000000000000000000000000000e+01 5.581740000000000000000000000000e+05 5.700000000000000000000000000000e+01
1.170000000000000000000000000000e+02 3.600000000000000000000000000000e+01 4.798800000000000000000000000000e+04 5.800000000000000000000000000000e+01
1.190000000000000000000000000000e+02 9.000000000000000000000000000000e+00 8.190000000000000000000000000000e+02 5.900000000000000000000000000000e+01
1.220000000000000000000000000000e+02 1.740000000000000000000000000000e+02 5.298474000000000000000000000000e+06 6.000000000000000000000000000000e+01
1.240000000000000000000000000000e+02 2.100000000000000000000000000000e+01 9.723000000000000000000000000000e+03 6.100000000000000000000000000000e+01
1.260000000000000000000000000000e+02 8.800000000000000000000000000000e+01 6.893040000000000000000000000000e+05 6.200000000000000000000000000000e+01
1.280000000000000000000000000000e+02 7.300000000000000000000000000000e+01 3.944190000000000000000000000000e+05 6.300000000000000000000000000000e+01
1.310000000000000000000000000000e+02 1.570000000000000000000000000000e+02 3.894699000000000000000000000000e+06 6.400000000000000000000000000000e+01
1.340000000000000000000000000000e+02 1.110000000000000000000000000000e+02 1.380063000000000000000000000000e+06 6.500000000000000000000000000000e+01
1.360000000000000000000000000000e+02 8.800000000000000000000000000000e+01 6.893040000000000000000000000000e+05 6.600000000000000000000000000000e+01
1.390000000000000000000000000000e+02 6.000000000000000000000000000000e+02 2.163606000000000000000000000000e+08 6.700000000000000000000000000000e+01
1.400000000000000000000000000000e+02 3.100000000000000000000000000000e+01 3.078300000000000000000000000000e+04 6.800000000000000000000000000000e+01
1.450000000000000000000000000000e+02 7.200000000000000000000000000000e+01 3.785040000000000000000000000000e+05 6.900000000000000000000000000000e+01
1.460000000000000000000000000000e+02 6.200000000000000000000000000000e+01 2.422340000000000000000000000000e+05 7.000000000000000000000000000000e+01
1.480000000000000000000000000000e+02 1.100000000000000000000000000000e+02 1.343210000000000000000000000000e+06 7.100000000000000000000000000000e+01
1.490000000000000000000000000000e+02 2.000000000000000000000000000000e+00 1.400000000000000000000000000000e+01 7.200000000000000000000000000000e+01
1.510000000000000000000000000000e+02 1.290000000000000000000000000000e+02 2.163459000000000000000000000000e+06 7.300000000000000000000000000000e+01
1.530000000000000000000000000000e+02 1.010000000000000000000000000000e+02 1.040603000000000000000000000000e+06 7.400000000000000000000000000000e+01
1.550000000000000000000000000000e+02 2.000000000000000000000000000000e+01 8.420000000000000000000000000000e+03 7.500000000000000000000000000000e+01
1.560000000000000000000000000000e+02 3.140000000000000000000000000000e+02 3.105805400000000000000000000000e+07 7.600000000000000000000000000000e+01
1.580000000000000000000000000000e+02 1.170000000000000000000000000000e+02 1.615419000000000000000000000000e+06 7.700000000000000000000000000000e+01
1.590000000000000000000000000000e+02 1.700000000000000000000000000000e+01 5.219000000000000000000000000000e+03 7.800000000000000000000000000000e+01
1.670000000000000000000000000000e+02 5.400000000000000000000000000000e+02 1.577561400000000000000000000000e+08 7.900000000000000000000000000000e+01
1.710000000000000000000000000000e+02 7.500000000000000000000000000000e+01 4.275750000000000000000000000000e+05 8.000000000000000000000000000000e+01
1.720000000000000000000000000000e+02 7.000000000000000000000000000000e+00 3.990000000000000000000000000000e+02 8.100000000000000000000000000000e+01
1.740000000000000000000000000000e+02 1.570000000000000000000000000000e+02 3.894699000000000000000000000000e+06 8.200000000000000000000000000000e+01
1.750000000000000000000000000000e+02 1.580000000000000000000000000000e+02 3.969434000000000000000000000000e+06 8.300000000000000000000000000000e+01
1.830000000000000000000000000000e+02 2.900000000000000000000000000000e+01 2.525900000000000000000000000000e+04 8.400000000000000000000000000000e+01
1.850000000000000000000000000000e+02 2.500000000000000000000000000000e+01 1.627500000000000000000000000000e+04 8.500000000000000000000000000000e+01
1.860000000000000000000000000000e+02 3.000000000000000000000000000000e+01 2.793000000000000000000000000000e+04 8.600000000000000000000000000000e+01
1.920000000000000000000000000000e+02 4.190000000000000000000000000000e+02 7.373603900000000000000000000000e+07 8.700000000000000000000000000000e+01
1.940000000000000000000000000000e+02 4.500000000000000000000000000000e+01 9.319500000000000000000000000000e+04 8.800000000000000000000000000000e+01
1.950000000000000000000000000000e+02 3.000000000000000000000000000000e+00 3.900000000000000000000000000000e+01 8.900000000000000000000000000000e+01
1.960000000000000000000000000000e+02 4.040000000000000000000000000000e+02 6.610288400000000000000000000000e+07 9.000000000000000000000000000000e+01
1.970000000000000000000000000000e+02 1.870000000000000000000000000000e+02 6.574359000000000000000000000000e+06 9.100000000000000000000000000000e+01
1.980000000000000000000000000000e+02 2.300000000000000000000000000000e+01 1.271900000000000000000000000000e+04 9.200000000000000000000000000000e+01
1.990000000000000000000000000000e+02 5.000000000000000000000000000000e+00 1.550000000000000000000000000000e+02 9.300000000000000000000000000000e+01
2.030000000000000000000000000000e+02 7.300000000000000000000000000000e+01 3.944190000000000000000000000000e+05 9.400000000000000000000000000000e+01
2.050000000000000000000000000000e+02 1.000000000000000000000000000000e+01 1.110000000000000000000000000000e+03 9.500000000000000000000000000000e+01
2.060000000000000000000000000000e+02 9.900000000000000000000000000000e+01 9.801990000000000000000000000000e+05 9.600000000000000000000000000000e+01
2.070000000000000000000000000000e+02 1.220000000000000000000000000000e+02 1.830854000000000000000000000000e+06 9.700000000000000000000000000000e+01
2.080000000000000000000000000000e+02 3.920000000000000000000000000000e+02 6.039034400000000000000000000000e+07 9.800000000000000000000000000000e+01
2.090000000000000000000000000000e+02 5.900000000000000000000000000000e+01 2.089190000000000000000000000000e+05 9.900000000000000000000000000000e+01
