1.000000000000000000000000000000e+00 5.800000000000000000000000000000e+01 1.985340000000000000000000000000e+05 0.000000000000000000000000000000e+00
3.000000000000000000000000000000e+00 5.200000000000000000000000000000e+01 1.433640000000000000000000000000e+05 1.000000000000000000000000000000e+00
4.000000000000000000000000000000e+00 1.810000000000000000000000000000e+02 5.962683000000000000000000000000e+06 2.000000000000000000000000000000e+00
5.000000000000000000000000000000e+00 1.240000000000000000000000000000e+02 1.922124000000000000000000000000e+06 3.000000000000000000000000000000e+00
6.000000000000000000000000000000e+00 2.200000000000000000000000000000e+01 1.115400000000000000000000000000e+04 4.000000000000000000000000000000e+00
7.000000000000000000000000000000e+00 1.010000000000000000000000000000e+02 1.040603000000000000000000000000e+06 5.000000000000000000000000000000e+00
8.000000000000000000000000000000e+00 2.760000000000000000000000000000e+02 2.110102800000000000000000000000e+07 6.000000000000000000000000000000e+00
1.100000000000000000000000000000e+01 2.030000000000000000000000000000e+02 8.406839000000000000000000000000e+06 7.000000000000000000000000000000e+00
1.200000000000000000000000000000e+01 3.000000000000000000000000000000e+01 2.793000000000000000000000000000e+04 8.000000000000000000000000000000e+00
1.400000000000000000000000000000e+01 6.900000000000000000000000000000e+01 3.333390000000000000000000000000e+05 9.000000000000000000000000000000e+00
1.600000000000000000000000000000e+01 6.000000000000000000000000000000e+00 2.580000000000000000000000000000e+02 1.000000000000000000000000000000e+01
1.800000000000000000000000000000e+01 2.420000000000000000000000000000e+02 1.423129400000000000000000000000e+07 1.100000000000000000000000000000e+01
1.900000000000000000000000000000e+01 4.170000000000000000000000000000e+02 7.268601900000000000000000000000e+07 1.200000000000000000000000000000e+01
2.200000000000000000000000000000e+01 1.000000000000000000000000000000e+01 1.110000000000000000000000000000e+03 1.300000000000000000000000000000e+01
2.300000000000000000000000000000e+01 1.780000000000000000000000000000e+02 5.671614000000000000000000000000e+06 1.400000000000000000000000000000e+01
2.400000000000000000000000000000e+01 1.410000000000000000000000000000e+02 2.823243000000000000000000000000e+06 1.500000000000000000000000000000e+01
2.500000000000000000000000000000e+01 8.300000000000000000000000000000e+01 5.787590000000000000000000000000e+05 1.600000000000000000000000000000e+01
2.600000000000000000000000000000e+01 1.880000000000000000000000000000e+02 6.680204000000000000000000000000e+06 1.700000000000000000000000000000e+01
2.700000000000000000000000000000e+01 3.000000000000000000000000000000e+00 3.900000000000000000000000000000e+01 1.800000000000000000000000000000e+01
2.800000000000000000000000000000e+01 1.060000000000000000000000000000e+02 1.202358000000000000000000000000e+06 1.900000000000000000000000000000e+01
2.900000000000000000000000000000e+01 3.000000000000000000000000000000e+01 2.793000000000000000000000000000e+04 2.000000000000000000000000000000e+01
3.100000000000000000000000000000e+01 4.120000000000000000000000000000e+02 7.010468400000000000000000000000e+07 2.100000000000000000000000000000e+01
3.200000000000000000000000000000e+01 1.510000000000000000000000000000e+02 3.465903000000000000000000000000e+06 2.200000000000000000000000000000e+01
3.500000000000000000000000000000e+01 3.450000000000000000000000000000e+02 4.118299500000000000000000000000e+07 2.300000000000000000000000000000e+01
3.800000000000000000000000000000e+01 2.190000000000000000000000000000e+02 1.055163900000000000000000000000e+07 2.400000000000000000000000000000e+01
3.900000000000000000000000000000e+01 6.700000000000000000000000000000e+01 3.053190000000000000000000000000e+05 2.500000000000000000000000000000e+01
4.000000000000000000000000000000e+01 2.800000000000000000000000000000e+01 2.276400000000000000000000000000e+04 2.600000000000000000000000000000e+01
4.100000000000000000000000000000e+01 5.300000000000000000000000000000e+01 1.517390000000000000000000000000e+05 2.700000000000000000000000000000e+01
4.400000000000000000000000000000e+01 1.390000000000000000000000000000e+02 2.705079000000000000000000000000e+06 2.800000000000000000000000000000e+01
4.700000000000000000000000000000e+01 1.000000000000000000000000000000e+00 3.000000000000000000000000000000e+00 2.900000000000000000000000000000e+01
4.900000000000000000000000000000e+01 7.700000000000000000000000000000e+01 4.625390000000000000000000000000e+05 3.000000000000000000000000000000e+01
5.000000000000000000000000000000e+01 2.560000000000000000000000000000e+02 1.684300800000000000000000000000e+07 3.100000000000000000000000000000e+01
5.100000000000000000000000000000e+01 5.100000000000000000000000000000e+01 1.353030000000000000000000000000e+05 3.200000000000000000000000000000e+01
5.400000000000000000000000000000e+01 6.810000000000000000000000000000e+02 3.162856830000000000000000000000e+08 3.300000000000000000000000000000e+01
5.500000000000000000000000000000e+01 8.600000000000000000000000000000e+01 6.435380000000000000000000000000e+05 3.400000000000000000000000000000e+01
5.600000000000000000000000000000e+01 2.900000000000000000000000000000e+01 2.525900000000000000000000000000e+04 3.500000000000000000000000000000e+01
5.700000000000000000000000000000e+01 1.310000000000000000000000000000e+02 2.265383000000000000000000000000e+06 3.600000000000000000000000000000e+01
5.900000000000000000000000000000e+01 1.900000000000000000000000000000e+01 7.239000000000000000000000000000e+03 3.700000000000000000000000000000e+01
6.100000000000000000000000000000e+01 3.300000000000000000000000000000e+01 3.705900000000000000000000000000e+04 3.800000000000000000000000000000e+01
6.200000000000000000000000000000e+01 1.030000000000000000000000000000e+02 1.103439000000000000000000000000e+06 3.900000000000000000000000000000e+01
6.300000000000000000000000000000e+01 1.320000000000000000000000000000e+02 2.317524000000000000000000000000e+06 4.000000000000000000000000000000e+01
6.600000000000000000000000000000e+01 9.400000000000000000000000000000e+01 8.395140000000000000000000000000e+05 4.100000000000000000000000000000e+01
6.800000000000000000000000000000e+01 8.400000000000000000000000000000e+01 5.998440000000000000000000000000e+05 4.200000000000000000000000000000e+01
6.900000000000000000000000000000e+01 3.000000000000000000000000000000e+01 2.793000000000000000000000000000e+04 4.300000000000000000000000000000e+01
7.100000000000000000000000000000e+01 3.200000000000000000000000000000e+01 3.382400000000000000000000000000e+04 4.400000000000000000000000000000e+01
7.300000000000000000000000000000e+01 3.200000000000000000000000000000e+01 3.382400000000000000000000000000e+04 4.500000000000000000000000000000e+01
7.600000000000000000000000000000e+01 2.510000000000000000000000000000e+02 1.587650300000000000000000000000e+07 4.600000000000000000000000000000e+01
7.700000000000000000000000000000e+01 2.800000000000000000000000000000e+01 2.276400000000000000000000000000e+04 4.700000000000000000000000000000e+01
7.800000000000000000000000000000e+01 2.230000000000000000000000000000e+02 1.113951900000000000000000000000e+07 4.800000000000000000000000000000e+01
7.900000000000000000000000000000e+01 5.200000000000000000000000000000e+01 1.433640000000000000000000000000e+05 4.900000000000000000000000000000e+01
8.100000000000000000000000000000e+01 8.200000000000000000000000000000e+01 5.581740000000000000000000000000e+05 5.000000000000000000000000000000e+01
8.200000000000000000000000000000e+01 2.130000000000000000000000000000e+02 9.709179000000000000000000000000e+06 5.100000000000000000000000000000e+01
8.700000000000000000000000000000e+01 3.500000000000000000000000000000e+01 4.413500000000000000000000000000e+04 5.200000000000000000000000000000e+01
9.000000000000000000000000000000e+01 2.500000000000000000000000000000e+01 1.627500000000000000000000000000e+04 5.300000000000000000000000000000e+01
9.400000000000000000000000000000e+01 2.800000000000000000000000000000e+02 2.203068000000000000000000000000e+07 5.400000000000000000000000000000e+01
1.010000000000000000000000000000e+02 8.300000000000000000000000000000e+01 5.787590000000000000000000000000e+05 5.500000000000000000000000000000e+01
1.030000000000000000000000000000e+02 6.900000000000000000000000000000e+01 3.333390000000000000000000000000e+05 5.600000000000000000000000000000e+01
1.060000000000000000000000000000e+02 1.560000000000000000000000000000e+02 3.820908000000000000000000000000e+06 5.700000000000000000000000000000e+01
1.090000000000000000000000000000e+02 1.320000000000000000000000000000e+02 2.317524000000000000000000000000e+06 5.800000000000000000000000000000e+01
1.100000000000000000000000000000e+02 6.900000000000000000000000000000e+01 3.333390000000000000000000000000e+05 5.900000000000000000000000000000e+01
1.140000000000000000000000000000e+02 1.000000000000000000000000000000e+00 3.000000000000000000000000000000e+00 6.000000000000000000000000000000e+01
1.150000000000000000000000000000e+02 4.800000000000000000000000000000e+01 1.129440000000000000000000000000e+05 6.100000000000000000000000000000e+01
1.180000000000000000000000000000e+02 5.400000000000000000000000000000e+01 1.604340000000000000000000000000e+05 6.200000000000000000000000000000e+01
1.200000000000000000000000000000e+02 5.400000000000000000000000000000e+01 1.604340000000000000000000000000e+05 6.300000000000000000000000000000e+01
1.210000000000000000000000000000e+02 1.890000000000000000000000000000e+02 6.787179000000000000000000000000e+06 6.400000000000000000000000000000e+01
1.220000000000000000000000000000e+02 2.600000000000000000000000000000e+01 1.827800000000000000000000000000e+04 6.500000000000000000000000000000e+01
1.240000000000000000000000000000e+02 7.000000000000000000000000000000e+00 3.990000000000000000000000000000e+02 6.600000000000000000000000000000e+01
1.260000000000000000000000000000e+02 1.780000000000000000000000000000e+02 5.671614000000000000000000000000e+06 6.700000000000000000000000000000e+01
1.300000000000000000000000000000e+02 5.190000000000000000000000000000e+02 1.400682390000000000000000000000e+08 6.800000000000000000000000000000e+01
1.310000000000000000000000000000e+02 1.000000000000000000000000000000e+00 3.000000000000000000000000000000e+00 6.900000000000000000000000000000e+01
1.320000000000000000000000000000e+02 8.500000000000000000000000000000e+01 6.214350000000000000000000000000e+05 7.000000000000000000000000000000e+01
1.340000000000000000000000000000e+02 4.000000000000000000000000000000e+00 8.400000000000000000000000000000e+01 7.100000000000000000000000000000e+01
1.360000000000000000000000000000e+02 3.170000000000000000000000000000e+02 3.195581900000000000000000000000e+07 7.200000000000000000000000000000e+01
1.370000000000000000000000000000e+02 1.130000000000000000000000000000e+02 1.455779000000000000000000000000e+06 7.300000000000000000000000000000e+01
1.380000000000000000000000000000e+02 1.470000000000000000000000000000e+02 3.198279000000000000000000000000e+06 7.400000000000000000000000000000e+01
1.400000000000000000000000000000e+02 1.100000000000000000000000000000e+01 1.463000000000000000000000000000e+03 7.500000000000000000000000000000e+01
1.470000000000000000000000000000e+02 4.600000000000000000000000000000e+01 9.949800000000000000000000000000e+04 7.600000000000000000000000000000e+01
1.480000000000000000000000000000e+02 4.900000000000000000000000000000e+01 1.200990000000000000000000000000e+05 7.700000000000000000000000000000e+01
1.490000000000000000000000000000e+02 7.000000000000000000000000000000e+00 3.990000000000000000000000000000e+02 7.800000000000000000000000000000e+01
1.510000000000000000000000000000e+02 1.200000000000000000000000000000e+02 1.742520000000000000000000000000e+06 7.900000000000000000000000000000e+01
1.530000000000000000000000000000e+02 1.420000000000000000000000000000e+02 2.883594000000000000000000000000e+06 8.000000000000000000000000000000e+01
1.540000000000000000000000000000e+02 9.500000000000000000000000000000e+01 8.664950000000000000000000000000e+05 8.100000000000000000000000000000e+01
1.560000000000000000000000000000e+02 4.000000000000000000000000000000e+00 8.400000000000000000000000000000e+01 8.200000000000000000000000000000e+01
1.580000000000000000000000000000e+02 3.770000000000000000000000000000e+02 5.372513900000000000000000000000e+07 8.300000000000000000000000000000e+01
1.590000000000000000000000000000e+02 1.100000000000000000000000000000e+01 1.463000000000000000000000000000e+03 8.400000000000000000000000000000e+01
1.610000000000000000000000000000e+02 6.800000000000000000000000000000e+01 3.191240000000000000000000000000e+05 8.500000000000000000000000000000e+01
1.640000000000000000000000000000e+02 3.500000000000000000000000000000e+01 4.413500000000000000000000000000e+04 8.600000000000000000000000000000e+01
1.650000000000000000000000000000e+02 8.000000000000000000000000000000e+00 5.840000000000000000000000000000e+02 8.700000000000000000000000000000e+01
1.680000000000000000000000000000e+02 1.380000000000000000000000000000e+02 2.647254000000000000000000000000e+06 8.800000000000000000000000000000e+01
1.690000000000000000000000000000e+02 7.700000000000000000000000000000e+01 4.625390000000000000000000000000e+05 8.900000000000000000000000000000e+01
1.760000000000000000000000000000e+02 2.700000000000000000000000000000e+01 2.043900000000000000000000000000e+04 9.000000000000000000000000000000e+01
1.780000000000000000000000000000e+02 2.170000000000000000000000000000e+02 1.026561900000000000000000000000e+07 9.100000000000000000000000000000e+01
1.790000000000000000000000000000e+02 1.790000000000000000000000000000e+02 5.767559000000000000000000000000e+06 9.200000000000000000000000000000e+01
1.800000000000000000000000000000e+02 8.500000000000000000000000000000e+01 6.214350000000000000000000000000e+05 9.300000000000000000000000000000e+01
1.810000000000000000000000000000e+02 9.100000000000000000000000000000e+01 7.619430000000000000000000000000e+05 9.400000000000000000000000000000e+01
1.830000000000000000000000000000e+02 8.000000000000000000000000000000e+00 5.840000000000000000000000000000e+02 9.500000000000000000000000000000e+01
1.840000000000000000000000000000e+02 8.400000000000000000000000000000e+01 5.998440000000000000000000000000e+05 9.600000000000000000000000000000e+01
1.850000000000000000000000000000e+02 3.600000000000000000000000000000e+01 4.798800000000000000000000000000e+04 9.700000000000000000000000000000e+01
1.860000000000000000000000000000e+02 4.900000000000000000000000000000e+01 1.200990000000000000000000000000e+05 9.800000000000000000000000000000e+01
1.870000000000000000000000000000e+02 1.590000000000000000000000000000e+02 4.045119000000000000000000000000e+06 9.900000000000000000000000000000e+01
