0.000000000000000000000000000000e+00 2.580000000000000000000000000000e+02 1.724033400000000000000000000000e+07 0.000000000000000000000000000000e+00
1.000000000000000000000000000000e+00 9.000000000000000000000000000000e+01 7.371900000000000000000000000000e+05 1.000000000000000000000000000000e+00
3.000000000000000000000000000000e+00 3.400000000000000000000000000000e+01 4.049400000000000000000000000000e+04 2.000000000000000000000000000000e+00
5.000000000000000000000000000000e+00 8.200000000000000000000000000000e+01 5.581740000000000000000000000000e+05 3.000000000000000000000000000000e+00
6.000000000000000000000000000000e+00 8.000000000000000000000000000000e+00 5.840000000000000000000000000000e+02 4.000000000000000000000000000000e+00
9.000000000000000000000000000000e+00 2.590000000000000000000000000000e+02 1.744131900000000000000000000000e+07 5.000000000000000000000000000000e+00
1.800000000000000000000000000000e+01 7.700000000000000000000000000000e+01 4.625390000000000000000000000000e+05 6.000000000000000000000000000000e+00
1.900000000000000000000000000000e+01 1.000000000000000000000000000000e+00 3.000000000000000000000000000000e+00 7.000000000000000000000000000000e+00
2.000000000000000000000000000000e+01 1.790000000000000000000000000000e+02 5.767559000000000000000000000000e+06 8.000000000000000000000000000000e+00
2.300000000000000000000000000000e+01 1.970000000000000000000000000000e+02 7.684379000000000000000000000000e+06 9.000000000000000000000000000000e+00
2.500000000000000000000000000000e+01 1.550000000000000000000000000000e+02 3.748055000000000000000000000000e+06 1.000000000000000000000000000000e+01
2.600000000000000000000000000000e+01 2.250000000000000000000000000000e+02 1.144147500000000000000000000000e+07 1.100000000000000000000000000000e+01
2.700000000000000000000000000000e+01 4.900000000000000000000000000000e+01 1.200990000000000000000000000000e+05 1.200000000000000000000000000000e+01
2.800000000000000000000000000000e+01 3.040000000000000000000000000000e+02 2.818718400000000000000000000000e+07 1.300000000000000000000000000000e+01
2.900000000000000000000000000000e+01 5.420000000000000000000000000000e+02 1.595143940000000000000000000000e+08 1.400000000000000000000000000000e+01
3.000000000000000000000000000000e+01 5.700000000000000000000000000000e+01 1.884990000000000000000000000000e+05 1.500000000000000000000000000000e+01
3.200000000000000000000000000000e+01 1.240000000000000000000000000000e+02 1.922124000000000000000000000000e+06 1.600000000000000000000000000000e+01
3.300000000000000000000000000000e+01 1.050000000000000000000000000000e+02 1.168755000000000000000000000000e+06 1.700000000000000000000000000000e+01
3.500000000000000000000000000000e+01 1.600000000000000000000000000000e+02 4.121760000000000000000000000000e+06 1.800000000000000000000000000000e+01
4.100000000000000000000000000000e+01 6.100000000000000000000000000000e+01 2.307630000000000000000000000000e+05 1.900000000000000000000000000000e+01
4.200000000000000000000000000000e+01 4.200000000000000000000000000000e+01 7.589400000000000000000000000000e+04 2.000000000000000000000000000000e+01
4.500000000000000000000000000000e+01 1.400000000000000000000000000000e+02 2.763740000000000000000000000000e+06 2.100000000000000000000000000000e+01
4.700000000000000000000000000000e+01 5.400000000000000000000000000000e+01 1.604340000000000000000000000000e+05 2.200000000000000000000000000000e+01
5.000000000000000000000000000000e+01 6.500000000000000000000000000000e+01 2.789150000000000000000000000000e+05 2.300000000000000000000000000000e+01
5.100000000000000000000000000000e+01 1.300000000000000000000000000000e+01 2.379000000000000000000000000000e+03 2.400000000000000000000000000000e+01
5.200000000000000000000000000000e+01 2.400000000000000000000000000000e+01 1.442400000000000000000000000000e+04 2.500000000000000000000000000000e+01
5.300000000000000000000000000000e+01 1.720000000000000000000000000000e+02 5.118204000000000000000000000000e+06 2.600000000000000000000000000000e+01
5.400000000000000000000000000000e+01 3.700000000000000000000000000000e+01 5.205900000000000000000000000000e+04 2.700000000000000000000000000000e+01
5.500000000000000000000000000000e+01 1.930000000000000000000000000000e+02 7.226499000000000000000000000000e+06 2.800000000000000000000000000000e+01
5.600000000000000000000000000000e+01 1.380000000000000000000000000000e+02 2.647254000000000000000000000000e+06 2.900000000000000000000000000000e+01
5.700000000000000000000000000000e+01 2.460000000000000000000000000000e+02 1.494769800000000000000000000000e+07 3.000000000000000000000000000000e+01
5.800000000000000000000000000000e+01 6.000000000000000000000000000000e+01 2.196600000000000000000000000000e+05 3.100000000000000000000000000000e+01
6.000000000000000000000000000000e+01 8.600000000000000000000000000000e+01 6.435380000000000000000000000000e+05 3.200000000000000000000000000000e+01
6.100000000000000000000000000000e+01 5.600000000000000000000000000000e+01 1.788080000000000000000000000000e+05 3.300000000000000000000000000000e+01
6.300000000000000000000000000000e+01 3.400000000000000000000000000000e+01 4.049400000000000000000000000000e+04 3.400000000000000000000000000000e+01
6.600000000000000000000000000000e+01 1.370000000000000000000000000000e+02 2.590259000000000000000000000000e+06 3.500000000000000000000000000000e+01
6.900000000000000000000000000000e+01 8.400000000000000000000000000000e+01 5.998440000000000000000000000000e+05 3.600000000000000000000000000000e+01
7.500000000000000000000000000000e+01 8.400000000000000000000000000000e+01 5.998440000000000000000000000000e+05 3.700000000000000000000000000000e+01
7.700000000000000000000000000000e+01 1.600000000000000000000000000000e+01 4.368000000000000000000000000000e+03 3.800000000000000000000000000000e+01
7.800000000000000000000000000000e+01 2.770000000000000000000000000000e+02 2.133093900000000000000000000000e+07 3.900000000000000000000000000000e+01
7.900000000000000000000000000000e+01 1.270000000000000000000000000000e+02 2.064639000000000000000000000000e+06 4.000000000000000000000000000000e+01
8.200000000000000000000000000000e+01 1.420000000000000000000000000000e+02 2.883594000000000000000000000000e+06 4.100000000000000000000000000000e+01
8.400000000000000000000000000000e+01 1.620000000000000000000000000000e+02 4.277934000000000000000000000000e+06 4.200000000000000000000000000000e+01
8.700000000000000000000000000000e+01 7.000000000000000000000000000000e+00 3.990000000000000000000000000000e+02 4.300000000000000000000000000000e+01
8.900000000000000000000000000000e+01 3.500000000000000000000000000000e+01 4.413500000000000000000000000000e+04 4.400000000000000000000000000000e+01
9.100000000000000000000000000000e+01 1.390000000000000000000000000000e+02 2.705079000000000000000000000000e+06 4.500000000000000000000000000000e+01
9.200000000000000000000000000000e+01 1.430000000000000000000000000000e+02 2.944799000000000000000000000000e+06 4.600000000000000000000000000000e+01
9.300000000000000000000000000000e+01 1.390000000000000000000000000000e+02 2.705079000000000000000000000000e+06 4.700000000000000000000000000000e+01
9.400000000000000000000000000000e+01 3.000000000000000000000000000000e+01 2.793000000000000000000000000000e+04 4.800000000000000000000000000000e+01
9.700000000000000000000000000000e+01 1.230000000000000000000000000000e+02 1.876119000000000000000000000000e+06 4.900000000000000000000000000000e+01
9.800000000000000000000000000000e+01 7.400000000000000000000000000000e+01 4.107740000000000000000000000000e+05 5.000000000000000000000000000000e+01
9.900000000000000000000000000000e+01 6.000000000000000000000000000000e+00 2.580000000000000000000000000000e+02 5.100000000000000000000000000000e+01
1.000000000000000000000000000000e+02 3.000000000000000000000000000000e+00 3.900000000000000000000000000000e+01 5.200000000000000000000000000000e+01
1.010000000000000000000000000000e+02 1.180000000000000000000000000000e+02 1.657074000000000000000000000000e+06 5.300000000000000000000000000000e+01
1.030000000000000000000000000000e+02 1.100000000000000000000000000000e+02 1.343210000000000000000000000000e+06 5.400000000000000000000000000000e+01
1.050000000000000000000000000000e+02 6.100000000000000000000000000000e+01 2.307630000000000000000000000000e+05 5.500000000000000000000000000000e+01
1.070000000000000000000000000000e+02 1.130000000000000000000000000000e+02 1.455779000000000000000000000000e+06 5.600000000000000000000000000000e+01
1.080000000000000000000000000000e+02 5.400000000000000000000000000000e+01 1.604340000000000000000000000000e+05 5.700000000000000000000000000000e+01
1.090000000000000000000000000000e+02 1.090000000000000000000000000000e+02 1.307019000000000000000000000000e+06 5.800000000000000000000000000000e+01
1.110000000000000000000000000000e+02 5.300000000000000000000000000000e+01 1.517390000000000000000000000000e+05 5.900000000000000000000000000000e+01
1.130000000000000000000000000000e+02 6.300000000000000000000000000000e+01 2.540790000000000000000000000000e+05 6.000000000000000000000000000000e+01
1.160000000000000000000000000000e+02 3.300000000000000000000000000000e+02 3.604623000000000000000000000000e+07 6.100000000000000000000000000000e+01
1.180000000000000000000000000000e+02 4.000000000000000000000000000000e+00 8.400000000000000000000000000000e+01 6.200000000000000000000000000000e+01
1.190000000000000000000000000000e+02 6.800000000000000000000000000000e+01 3.191240000000000000000000000000e+05 6.300000000000000000000000000000e+01
1.200000000000000000000000000000e+02 4.700000000000000000000000000000e+01 1.060790000000000000000000000000e+05 6.400000000000000000000000000000e+01
1.210000000000000000000000000000e+02 1.370000000000000000000000000000e+02 2.590259000000000000000000000000e+06 6.500000000000000000000000000000e+01
1.260000000000000000000000000000e+02 8.400000000000000000000000000000e+01 5.998440000000000000000000000000e+05 6.600000000000000000000000000000e+01
1.270000000000000000000000000000e+02 4.300000000000000000000000000000e+01 8.139900000000000000000000000000e+04 6.700000000000000000000000000000e+01
1.280000000000000000000000000000e+02 1.480000000000000000000000000000e+02 3.263844000000000000000000000000e+06 6.800000000000000000000000000000e+01
1.290000000000000000000000000000e+02 1.910000000000000000000000000000e+02 7.004543000000000000000000000000e+06 6.900000000000000000000000000000e+01
1.300000000000000000000000000000e+02 8.900000000000000000000000000000e+01 7.129790000000000000000000000000e+05 7.000000000000000000000000000000e+01
1.320000000000000000000000000000e+02 2.130000000000000000000000000000e+02 9.709179000000000000000000000000e+06 7.100000000000000000000000000000e+01
1.330000000000000000000000000000e+02 2.210000000000000000000000000000e+02 1.084292300000000000000000000000e+07 7.200000000000000000000000000000e+01
1.340000000000000000000000000000e+02 5.500000000000000000000000000000e+01 1.694550000000000000000000000000e+05 7.300000000000000000000000000000e+01
1.360000000000000000000000000000e+02 5.400000000000000000000000000000e+01 1.604340000000000000000000000000e+05 7.400000000000000000000000000000e+01
1.370000000000000000000000000000e+02 5.600000000000000000000000000000e+01 1.788080000000000000000000000000e+05 7.500000000000000000000000000000e+01
1.400000000000000000000000000000e+02 1.500000000000000000000000000000e+01 3.615000000000000000000000000000e+03 7.600000000000000000000000000000e+01
1.410000000000000000000000000000e+02 1.570000000000000000000000000000e+02 3.894699000000000000000000000000e+06 7.700000000000000000000000000000e+01
1.460000000000000000000000000000e+02 2.900000000000000000000000000000e+01 2.525900000000000000000000000000e+04 7.800000000000000000000000000000e+01
1.480000000000000000000000000000e+02 1.320000000000000000000000000000e+02 2.317524000000000000000000000000e+06 7.900000000000000000000000000000e+01
1.490000000000000000000000000000e+02 9.200000000000000000000000000000e+01 7.872440000000000000000000000000e+05 8.000000000000000000000000000000e+01
1.530000000000000000000000000000e+02 2.350000000000000000000000000000e+02 1.303333500000000000000000000000e+07 8.100000000000000000000000000000e+01
1.550000000000000000000000000000e+02 2.230000000000000000000000000000e+02 1.113951900000000000000000000000e+07 8.200000000000000000000000000000e+01
1.560000000000000000000000000000e+02 2.400000000000000000000000000000e+01 1.442400000000000000000000000000e+04 8.300000000000000000000000000000e+01
1.610000000000000000000000000000e+02 2.900000000000000000000000000000e+01 2.525900000000000000000000000000e+04 8.400000000000000000000000000000e+01
1.630000000000000000000000000000e+02 1.370000000000000000000000000000e+02 2.590259000000000000000000000000e+06 8.500000000000000000000000000000e+01
1.640000000000000000000000000000e+02 1.190000000000000000000000000000e+02 1.699439000000000000000000000000e+06 8.600000000000000000000000000000e+01
1.680000000000000000000000000000e+02 2.200000000000000000000000000000e+01 1.115400000000000000000000000000e+04 8.700000000000000000000000000000e+01
1.710000000000000000000000000000e+02 3.770000000000000000000000000000e+02 5.372513900000000000000000000000e+07 8.800000000000000000000000000000e+01
1.720000000000000000000000000000e+02 6.100000000000000000000000000000e+01 2.307630000000000000000000000000e+05 8.900000000000000000000000000000e+01
1.740000000000000000000000000000e+02 6.400000000000000000000000000000e+01 2.663040000000000000000000000000e+05 9.000000000000000000000000000000e+01
1.750000000000000000000000000000e+02 7.300000000000000000000000000000e+01 3.944190000000000000000000000000e+05 9.100000000000000000000000000000e+01
1.760000000000000000000000000000e+02 2.800000000000000000000000000000e+01 2.276400000000000000000000000000e+04 9.200000000000000000000000000000e+01
1.790000000000000000000000000000e+02 6.300000000000000000000000000000e+01 2.540790000000000000000000000000e+05 9.300000000000000000000000000000e+01
1.810000000000000000000000000000e+02 7.200000000000000000000000000000e+01 3.785040000000000000000000000000e+05 9.400000000000000000000000000000e+01
1.820000000000000000000000000000e+02 1.430000000000000000000000000000e+02 2.944799000000000000000000000000e+06 9.500000000000000000000000000000e+01
1.840000000000000000000000000000e+02 5.000000000000000000000000000000e+00 1.550000000000000000000000000000e+02 9.600000000000000000000000000000e+01
1.860000000000000000000000000000e+02 1.180000000000000000000000000000e+02 1.657074000000000000000000000000e+06 9.700000000000000000000000000000e+01
1.870000000000000000000000000000e+02 5.000000000000000000000000000000e+00 1.550000000000000000000000000000e+02 9.800000000000000000000000000000e+01
1.880000000000000000000000000000e+02 2.500000000000000000000000000000e+01 1.627500000000000000000000000000e+04 9.900000000000000000000000000000e+01
