0.000000000000000000000000000000e+00 1.130000000000000000000000000000e+02 1.455779000000000000000000000000e+06 0.000000000000000000000000000000e+00
1.000000000000000000000000000000e+00 1.800000000000000000000000000000e+01 6.174000000000000000000000000000e+03 1.000000000000000000000000000000e+00
5.000000000000000000000000000000e+00 3.000000000000000000000000000000e+00 3.900000000000000000000000000000e+01 2.000000000000000000000000000000e+00
7.000000000000000000000000000000e+00 1.380000000000000000000000000000e+02 2.647254000000000000000000000000e+06 3.000000000000000000000000000000e+00
9.000000000000000000000000000000e+00 3.180000000000000000000000000000e+02 3.225887400000000000000000000000e+07 4.000000000000000000000000000000e+00
1.000000000000000000000000000000e+01 1.100000000000000000000000000000e+02 1.343210000000000000000000000000e+06 5.000000000000000000000000000000e+00
1.300000000000000000000000000000e+01 6.600000000000000000000000000000e+01 2.919180000000000000000000000000e+05 6.000000000000000000000000000000e+00
1.400000000000000000000000000000e+01 9.900000000000000000000000000000e+01 9.801990000000000000000000000000e+05 7.000000000000000000000000000000e+00
1.600000000000000000000000000000e+01 1.500000000000000000000000000000e+01 3.615000000000000000000000000000e+03 8.000000000000000000000000000000e+00
1.700000000000000000000000000000e+01 5.600000000000000000000000000000e+01 1.788080000000000000000000000000e+05 9.000000000000000000000000000000e+00
1.900000000000000000000000000000e+01 7.600000000000000000000000000000e+01 4.448280000000000000000000000000e+05 1.000000000000000000000000000000e+01
2.000000000000000000000000000000e+01 3.740000000000000000000000000000e+02 5.245387400000000000000000000000e+07 1.100000000000000000000000000000e+01
2.200000000000000000000000000000e+01 1.510000000000000000000000000000e+02 3.465903000000000000000000000000e+06 1.200000000000000000000000000000e+01
2.300000000000000000000000000000e+01 3.800000000000000000000000000000e+01 5.635400000000000000000000000000e+04 1.300000000000000000000000000000e+01
2.400000000000000000000000000000e+01 6.600000000000000000000000000000e+01 2.919180000000000000000000000000e+05 1.400000000000000000000000000000e+01
2.500000000000000000000000000000e+01 2.080000000000000000000000000000e+02 9.042384000000000000000000000000e+06 1.500000000000000000000000000000e+01
2.900000000000000000000000000000e+01 8.000000000000000000000000000000e+00 5.840000000000000000000000000000e+02 1.600000000000000000000000000000e+01
3.000000000000000000000000000000e+01 9.000000000000000000000000000000e+01 7.371900000000000000000000000000e+05 1.700000000000000000000000000000e+01
3.100000000000000000000000000000e+01 1.100000000000000000000000000000e+01 1.463000000000000000000000000000e+03 1.800000000000000000000000000000e+01
3.300000000000000000000000000000e+01 7.800000000000000000000000000000e+01 4.807140000000000000000000000000e+05 1.900000000000000000000000000000e+01
3.700000000000000000000000000000e+01 1.470000000000000000000000000000e+02 3.198279000000000000000000000000e+06 2.000000000000000000000000000000e+01
3.800000000000000000000000000000e+01 6.500000000000000000000000000000e+01 2.789150000000000000000000000000e+05 2.100000000000000000000000000000e+01
3.900000000000000000000000000000e+01 1.190000000000000000000000000000e+02 1.699439000000000000000000000000e+06 2.200000000000000000000000000000e+01
4.100000000000000000000000000000e+01 2.700000000000000000000000000000e+01 2.043900000000000000000000000000e+04 2.300000000000000000000000000000e+01
4.300000000000000000000000000000e+01 5.400000000000000000000000000000e+01 1.604340000000000000000000000000e+05 2.400000000000000000000000000000e+01
4.400000000000000000000000000000e+01 1.000000000000000000000000000000e+02 1.010100000000000000000000000000e+06 2.500000000000000000000000000000e+01
4.900000000000000000000000000000e+01 6.000000000000000000000000000000e+01 2.196600000000000000000000000000e+05 2.600000000000000000000000000000e+01
5.000000000000000000000000000000e+01 4.300000000000000000000000000000e+01 8.139900000000000000000000000000e+04 2.700000000000000000000000000000e+01
5.100000000000000000000000000000e+01 4.300000000000000000000000000000e+01 8.139900000000000000000000000000e+04 2.800000000000000000000000000000e+01
5.500000000000000000000000000000e+01 6.900000000000000000000000000000e+01 3.333390000000000000000000000000e+05 2.900000000000000000000000000000e+01
5.700000000000000000000000000000e+01 2.840000000000000000000000000000e+02 2.298724400000000000000000000000e+07 3.000000000000000000000000000000e+01
5.900000000000000000000000000000e+01 3.370000000000000000000000000000e+02 3.838665900000000000000000000000e+07 3.100000000000000000000000000000e+01
6.100000000000000000000000000000e+01 1.310000000000000000000000000000e+02 2.265383000000000000000000000000e+06 3.200000000000000000000000000000e+01
6.200000000000000000000000000000e+01 1.920000000000000000000000000000e+02 7.114944000000000000000000000000e+06 3.300000000000000000000000000000e+01
6.400000000000000000000000000000e+01 2.080000000000000000000000000000e+02 9.042384000000000000000000000000e+06 3.400000000000000000000000000000e+01
6.500000000000000000000000000000e+01 1.460000000000000000000000000000e+02 3.133598000000000000000000000000e+06 3.500000000000000000000000000000e+01
7.100000000000000000000000000000e+01 2.200000000000000000000000000000e+01 1.115400000000000000000000000000e+04 3.600000000000000000000000000000e+01
7.200000000000000000000000000000e+01 5.070000000000000000000000000000e+02 1.305813990000000000000000000000e+08 3.700000000000000000000000000000e+01
7.700000000000000000000000000000e+01 1.210000000000000000000000000000e+02 1.786323000000000000000000000000e+06 3.800000000000000000000000000000e+01
7.800000000000000000000000000000e+01 1.350000000000000000000000000000e+02 2.478735000000000000000000000000e+06 3.900000000000000000000000000000e+01
8.100000000000000000000000000000e+01 2.240000000000000000000000000000e+02 1.128982400000000000000000000000e+07 4.000000000000000000000000000000e+01
8.200000000000000000000000000000e+01 2.900000000000000000000000000000e+01 2.525900000000000000000000000000e+04 4.100000000000000000000000000000e+01
8.400000000000000000000000000000e+01 8.000000000000000000000000000000e+00 5.840000000000000000000000000000e+02 4.200000000000000000000000000000e+01
8.500000000000000000000000000000e+01 8.000000000000000000000000000000e+00 5.840000000000000000000000000000e+02 4.300000000000000000000000000000e+01
8.800000000000000000000000000000e+01 1.180000000000000000000000000000e+02 1.657074000000000000000000000000e+06 4.400000000000000000000000000000e+01
8.900000000000000000000000000000e+01 1.700000000000000000000000000000e+01 5.219000000000000000000000000000e+03 4.500000000000000000000000000000e+01
9.100000000000000000000000000000e+01 1.760000000000000000000000000000e+02 5.482928000000000000000000000000e+06 4.600000000000000000000000000000e+01
9.200000000000000000000000000000e+01 7.900000000000000000000000000000e+01 4.993590000000000000000000000000e+05 4.700000000000000000000000000000e+01
9.300000000000000000000000000000e+01 3.200000000000000000000000000000e+01 3.382400000000000000000000000000e+04 4.800000000000000000000000000000e+01
9.700000000000000000000000000000e+01 9.800000000000000000000000000000e+01 9.508940000000000000000000000000e+05 4.900000000000000000000000000000e+01
9.800000000000000000000000000000e+01 1.300000000000000000000000000000e+02 2.214030000000000000000000000000e+06 5.000000000000000000000000000000e+01
1.010000000000000000000000000000e+02 3.200000000000000000000000000000e+01 3.382400000000000000000000000000e+04 5.100000000000000000000000000000e+01
1.020000000000000000000000000000e+02 2.200000000000000000000000000000e+01 1.115400000000000000000000000000e+04 5.200000000000000000000000000000e+01
1.030000000000000000000000000000e+02 5.000000000000000000000000000000e+00 1.550000000000000000000000000000e+02 5.300000000000000000000000000000e+01
1.050000000000000000000000000000e+02 2.600000000000000000000000000000e+01 1.827800000000000000000000000000e+04 5.400000000000000000000000000000e+01
1.070000000000000000000000000000e+02 2.190000000000000000000000000000e+02 1.055163900000000000000000000000e+07 5.500000000000000000000000000000e+01
1.080000000000000000000000000000e+02 9.200000000000000000000000000000e+01 7.872440000000000000000000000000e+05 5.600000000000000000000000000000e+01
1.130000000000000000000000000000e+02 1.310000000000000000000000000000e+02 2.265383000000000000000000000000e+06 5.700000000000000000000000000000e+01
1.180000000000000000000000000000e+02 1.460000000000000000000000000000e+02 3.133598000000000000000000000000e+06 5.800000000000000000000000000000e+01
1.190000000000000000000000000000e+02 2.600000000000000000000000000000e+01 1.827800000000000000000000000000e+04 5.900000000000000000000000000000e+01
1.210000000000000000000000000000e+02 1.900000000000000000000000000000e+01 7.239000000000000000000000000000e+03 6.000000000000000000000000000000e+01
1.250000000000000000000000000000e+02 1.600000000000000000000000000000e+01 4.368000000000000000000000000000e+03 6.100000000000000000000000000000e+01
1.270000000000000000000000000000e+02 8.000000000000000000000000000000e+00 5.840000000000000000000000000000e+02 6.200000000000000000000000000000e+01
1.280000000000000000000000000000e+02 1.100000000000000000000000000000e+01 1.463000000000000000000000000000e+03 6.300000000000000000000000000000e+01
1.290000000000000000000000000000e+02 1.170000000000000000000000000000e+02 1.615419000000000000000000000000e+06 6.400000000000000000000000000000e+01
1.320000000000000000000000000000e+02 5.100000000000000000000000000000e+01 1.353030000000000000000000000000e+05 6.500000000000000000000000000000e+01
1.330000000000000000000000000000e+02 1.380000000000000000000000000000e+02 2.647254000000000000000000000000e+06 6.600000000000000000000000000000e+01
1.370000000000000000000000000000e+02 7.200000000000000000000000000000e+01 3.785040000000000000000000000000e+05 6.700000000000000000000000000000e+01
1.410000000000000000000000000000e+02 1.090000000000000000000000000000e+02 1.307019000000000000000000000000e+06 6.800000000000000000000000000000e+01
1.450000000000000000000000000000e+02 1.000000000000000000000000000000e+00 3.000000000000000000000000000000e+00 6.900000000000000000000000000000e+01
1.480000000000000000000000000000e+02 1.400000000000000000000000000000e+01 2.954000000000000000000000000000e+03 7.000000000000000000000000000000e+01
1.490000000000000000000000000000e+02 6.300000000000000000000000000000e+01 2.540790000000000000000000000000e+05 7.100000000000000000000000000000e+01
1.500000000000000000000000000000e+02 1.600000000000000000000000000000e+01 4.368000000000000000000000000000e+03 7.200000000000000000000000000000e+01
1.520000000000000000000000000000e+02 7.000000000000000000000000000000e+00 3.990000000000000000000000000000e+02 7.300000000000000000000000000000e+01
1.530000000000000000000000000000e+02 6.500000000000000000000000000000e+01 2.789150000000000000000000000000e+05 7.400000000000000000000000000000e+01
1.540000000000000000000000000000e+02 2.700000000000000000000000000000e+01 2.043900000000000000000000000000e+04 7.500000000000000000000000000000e+01
1.550000000000000000000000000000e+02 7.700000000000000000000000000000e+01 4.625390000000000000000000000000e+05 7.600000000000000000000000000000e+01
1.570000000000000000000000000000e+02 5.000000000000000000000000000000e+01 1.275500000000000000000000000000e+05 7.700000000000000000000000000000e+01
1.580000000000000000000000000000e+02 5.000000000000000000000000000000e+01 1.275500000000000000000000000000e+05 7.800000000000000000000000000000e+01
1.600000000000000000000000000000e+02 4.400000000000000000000000000000e+01 8.716400000000000000000000000000e+04 7.900000000000000000000000000000e+01
1.630000000000000000000000000000e+02 4.000000000000000000000000000000e+00 8.400000000000000000000000000000e+01 8.000000000000000000000000000000e+01
1.640000000000000000000000000000e+02 4.850000000000000000000000000000e+02 1.143198350000000000000000000000e+08 8.100000000000000000000000000000e+01
1.670000000000000000000000000000e+02 1.530000000000000000000000000000e+02 3.605139000000000000000000000000e+06 8.200000000000000000000000000000e+01
1.700000000000000000000000000000e+02 2.300000000000000000000000000000e+01 1.271900000000000000000000000000e+04 8.300000000000000000000000000000e+01
1.740000000000000000000000000000e+02 1.890000000000000000000000000000e+02 6.787179000000000000000000000000e+06 8.400000000000000000000000000000e+01
1.750000000000000000000000000000e+02 9.000000000000000000000000000000e+00 8.190000000000000000000000000000e+02 8.500000000000000000000000000000e+01
1.760000000000000000000000000000e+02 3.800000000000000000000000000000e+01 5.635400000000000000000000000000e+04 8.600000000000000000000000000000e+01
1.780000000000000000000000000000e+02 5.000000000000000000000000000000e+01 1.275500000000000000000000000000e+05 8.700000000000000000000000000000e+01
1.800000000000000000000000000000e+02 9.100000000000000000000000000000e+01 7.619430000000000000000000000000e+05 8.800000000000000000000000000000e+01
1.820000000000000000000000000000e+02 2.000000000000000000000000000000e+00 1.400000000000000000000000000000e+01 8.900000000000000000000000000000e+01
1.830000000000000000000000000000e+02 2.400000000000000000000000000000e+01 1.442400000000000000000000000000e+04 9.000000000000000000000000000000e+01
1.840000000000000000000000000000e+02 1.070000000000000000000000000000e+02 1.236599000000000000000000000000e+06 9.100000000000000000000000000000e+01
1.880000000000000000000000000000e+02 2.090000000000000000000000000000e+02 9.173219000000000000000000000000e+06 9.200000000000000000000000000000e+01
1.890000000000000000000000000000e+02 5.500000000000000000000000000000e+01 1.694550000000000000000000000000e+05 9.300000000000000000000000000000e+01
1.900000000000000000000000000000e+02 7.000000000000000000000000000000e+00 3.990000000000000000000000000000e+02 9.400000000000000000000000000000e+01
1.910000000000000000000000000000e+02 1.530000000000000000000000000000e+02 3.605139000000000000000000000000e+06 9.500000000000000000000000000000e+01
1.930000000000000000000000000000e+02 2.600000000000000000000000000000e+01 1.827800000000000000000000000000e+04 9.600000000000000000000000000000e+01
1.970000000000000000000000000000e+02 1.700000000000000000000000000000e+01 5.219000000000000000000000000000e+03 9.700000000000000000000000000000e+01
1.980000000000000000000000000000e+02 6.900000000000000000000000000000e+01 3.333390000000000000000000000000e+05 9.800000000000000000000000000000e+01
1.990000000000000000000000000000e+02 4.000000000000000000000000000000e+00 8.400000000000000000000000000000e+01 9.900000000000000000000000000000e+01
