4.000000000000000000000000000000e+00 6.200000000000000000000000000000e+01 2.422340000000000000000000000000e+05 0.000000000000000000000000000000e+00
6.000000000000000000000000000000e+00 4.400000000000000000000000000000e+01 8.716400000000000000000000000000e+04 1.000000000000000000000000000000e+00
8.000000000000000000000000000000e+00 1.700000000000000000000000000000e+01 5.219000000000000000000000000000e+03 2.000000000000000000000000000000e+00
9.000000000000000000000000000000e+00 3.300000000000000000000000000000e+01 3.705900000000000000000000000000e+04 3.000000000000000000000000000000e+00
1.100000000000000000000000000000e+01 7.000000000000000000000000000000e+00 3.990000000000000000000000000000e+02 4.000000000000000000000000000000e+00
1.200000000000000000000000000000e+01 6.800000000000000000000000000000e+01 3.191240000000000000000000000000e+05 5.000000000000000000000000000000e+00
1.400000000000000000000000000000e+01 6.400000000000000000000000000000e+01 2.663040000000000000000000000000e+05 6.000000000000000000000000000000e+00
1.700000000000000000000000000000e+01 5.900000000000000000000000000000e+01 2.089190000000000000000000000000e+05 7.000000000000000000000000000000e+00
1.800000000000000000000000000000e+01 4.600000000000000000000000000000e+01 9.949800000000000000000000000000e+04 8.000000000000000000000000000000e+00
2.100000000000000000000000000000e+01 1.440000000000000000000000000000e+02 3.006864000000000000000000000000e+06 9.000000000000000000000000000000e+00
2.200000000000000000000000000000e+01 3.100000000000000000000000000000e+02 2.988741000000000000000000000000e+07 1.000000000000000000000000000000e+01
2.400000000000000000000000000000e+01 1.290000000000000000000000000000e+02 2.163459000000000000000000000000e+06 1.100000000000000000000000000000e+01
2.600000000000000000000000000000e+01 3.400000000000000000000000000000e+01 4.049400000000000000000000000000e+04 1.200000000000000000000000000000e+01
2.800000000000000000000000000000e+01 5.000000000000000000000000000000e+00 1.550000000000000000000000000000e+02 1.300000000000000000000000000000e+01
3.000000000000000000000000000000e+01 1.610000000000000000000000000000e+02 4.199363000000000000000000000000e+06 1.400000000000000000000000000000e+01
3.100000000000000000000000000000e+01 4.700000000000000000000000000000e+01 1.060790000000000000000000000000e+05 1.500000000000000000000000000000e+01
3.400000000000000000000000000000e+01 8.500000000000000000000000000000e+01 6.214350000000000000000000000000e+05 1.600000000000000000000000000000e+01
3.800000000000000000000000000000e+01 1.300000000000000000000000000000e+02 2.214030000000000000000000000000e+06 1.700000000000000000000000000000e+01
4.200000000000000000000000000000e+01 1.570000000000000000000000000000e+02 3.894699000000000000000000000000e+06 1.800000000000000000000000000000e+01
4.500000000000000000000000000000e+01 1.750000000000000000000000000000e+02 5.390175000000000000000000000000e+06 1.900000000000000000000000000000e+01
4.700000000000000000000000000000e+01 2.060000000000000000000000000000e+02 8.784458000000000000000000000000e+06 2.000000000000000000000000000000e+01
5.000000000000000000000000000000e+01 8.000000000000000000000000000000e+01 5.184800000000000000000000000000e+05 2.100000000000000000000000000000e+01
5.200000000000000000000000000000e+01 6.100000000000000000000000000000e+01 2.307630000000000000000000000000e+05 2.200000000000000000000000000000e+01
5.300000000000000000000000000000e+01 2.750000000000000000000000000000e+02 2.087277500000000000000000000000e+07 2.300000000000000000000000000000e+01
5.400000000000000000000000000000e+01 5.800000000000000000000000000000e+01 1.985340000000000000000000000000e+05 2.400000000000000000000000000000e+01
5.600000000000000000000000000000e+01 5.300000000000000000000000000000e+01 1.517390000000000000000000000000e+05 2.500000000000000000000000000000e+01
5.800000000000000000000000000000e+01 1.300000000000000000000000000000e+01 2.379000000000000000000000000000e+03 2.600000000000000000000000000000e+01
6.100000000000000000000000000000e+01 1.100000000000000000000000000000e+02 1.343210000000000000000000000000e+06 2.700000000000000000000000000000e+01
6.400000000000000000000000000000e+01 1.320000000000000000000000000000e+02 2.317524000000000000000000000000e+06 2.800000000000000000000000000000e+01
6.500000000000000000000000000000e+01 1.380000000000000000000000000000e+02 2.647254000000000000000000000000e+06 2.900000000000000000000000000000e+01
6.700000000000000000000000000000e+01 1.340000000000000000000000000000e+02 2.424194000000000000000000000000e+06 3.000000000000000000000000000000e+01
7.000000000000000000000000000000e+01 1.000000000000000000000000000000e+01 1.110000000000000000000000000000e+03 3.100000000000000000000000000000e+01
7.300000000000000000000000000000e+01 3.800000000000000000000000000000e+01 5.635400000000000000000000000000e+04 3.200000000000000000000000000000e+01
7.600000000000000000000000000000e+01 8.700000000000000000000000000000e+01 6.661590000000000000000000000000e+05 3.300000000000000000000000000000e+01
7.800000000000000000000000000000e+01 2.430000000000000000000000000000e+02 1.440819900000000000000000000000e+07 3.400000000000000000000000000000e+01
7.900000000000000000000000000000e+01 2.700000000000000000000000000000e+01 2.043900000000000000000000000000e+04 3.500000000000000000000000000000e+01
8.100000000000000000000000000000e+01 1.320000000000000000000000000000e+02 2.317524000000000000000000000000e+06 3.600000000000000000000000000000e+01
8.200000000000000000000000000000e+01 1.000000000000000000000000000000e+01 1.110000000000000000000000000000e+03 3.700000000000000000000000000000e+01
8.500000000000000000000000000000e+01 7.100000000000000000000000000000e+01 3.630230000000000000000000000000e+05 3.800000000000000000000000000000e+01
8.600000000000000000000000000000e+01 7.900000000000000000000000000000e+01 4.993590000000000000000000000000e+05 3.900000000000000000000000000000e+01
8.700000000000000000000000000000e+01 2.390000000000000000000000000000e+02 1.370927900000000000000000000000e+07 4.000000000000000000000000000000e+01
8.800000000000000000000000000000e+01 2.030000000000000000000000000000e+02 8.406839000000000000000000000000e+06 4.100000000000000000000000000000e+01
8.900000000000000000000000000000e+01 4.400000000000000000000000000000e+01 8.716400000000000000000000000000e+04 4.200000000000000000000000000000e+01
9.200000000000000000000000000000e+01 1.570000000000000000000000000000e+02 3.894699000000000000000000000000e+06 4.300000000000000000000000000000e+01
9.700000000000000000000000000000e+01 6.000000000000000000000000000000e+00 2.580000000000000000000000000000e+02 4.400000000000000000000000000000e+01
9.800000000000000000000000000000e+01 1.980000000000000000000000000000e+02 7.801794000000000000000000000000e+06 4.500000000000000000000000000000e+01
9.900000000000000000000000000000e+01 2.870000000000000000000000000000e+02 2.372255900000000000000000000000e+07 4.600000000000000000000000000000e+01
1.040000000000000000000000000000e+02 4.100000000000000000000000000000e+01 7.064300000000000000000000000000e+04 4.700000000000000000000000000000e+01
1.050000000000000000000000000000e+02 3.400000000000000000000000000000e+01 4.049400000000000000000000000000e+04 4.800000000000000000000000000000e+01
1.060000000000000000000000000000e+02 1.730000000000000000000000000000e+02 5.207819000000000000000000000000e+06 4.900000000000000000000000000000e+01
1.080000000000000000000000000000e+02 3.600000000000000000000000000000e+01 4.798800000000000000000000000000e+04 5.000000000000000000000000000000e+01
1.090000000000000000000000000000e+02 3.510000000000000000000000000000e+02 4.336710300000000000000000000000e+07 5.100000000000000000000000000000e+01
1.100000000000000000000000000000e+02 7.700000000000000000000000000000e+01 4.625390000000000000000000000000e+05 5.200000000000000000000000000000e+01
1.110000000000000000000000000000e+02 1.710000000000000000000000000000e+02 5.029623000000000000000000000000e+06 5.300000000000000000000000000000e+01
1.120000000000000000000000000000e+02 1.770000000000000000000000000000e+02 5.576739000000000000000000000000e+06 5.400000000000000000000000000000e+01
1.130000000000000000000000000000e+02 3.400000000000000000000000000000e+01 4.049400000000000000000000000000e+04 5.500000000000000000000000000000e+01
1.150000000000000000000000000000e+02 1.300000000000000000000000000000e+01 2.379000000000000000000000000000e+03 5.600000000000000000000000000000e+01
1.160000000000000000000000000000e+02 1.490000000000000000000000000000e+02 3.330299000000000000000000000000e+06 5.700000000000000000000000000000e+01
1.170000000000000000000000000000e+02 6.500000000000000000000000000000e+01 2.789150000000000000000000000000e+05 5.800000000000000000000000000000e+01
1.200000000000000000000000000000e+02 5.900000000000000000000000000000e+01 2.089190000000000000000000000000e+05 5.900000000000000000000000000000e+01
1.210000000000000000000000000000e+02 1.440000000000000000000000000000e+02 3.006864000000000000000000000000e+06 6.000000000000000000000000000000e+01
1.220000000000000000000000000000e+02 1.210000000000000000000000000000e+02 1.786323000000000000000000000000e+06 6.100000000000000000000000000000e+01
1.240000000000000000000000000000e+02 1.100000000000000000000000000000e+01 1.463000000000000000000000000000e+03 6.200000000000000000000000000000e+01
1.250000000000000000000000000000e+02 3.000000000000000000000000000000e+01 2.793000000000000000000000000000e+04 6.300000000000000000000000000000e+01
1.260000000000000000000000000000e+02 2.140000000000000000000000000000e+02 9.846354000000000000000000000000e+06 6.400000000000000000000000000000e+01
1.280000000000000000000000000000e+02 9.300000000000000000000000000000e+01 8.130990000000000000000000000000e+05 6.500000000000000000000000000000e+01
1.290000000000000000000000000000e+02 6.000000000000000000000000000000e+00 2.580000000000000000000000000000e+02 6.600000000000000000000000000000e+01
1.300000000000000000000000000000e+02 1.810000000000000000000000000000e+02 5.962683000000000000000000000000e+06 6.700000000000000000000000000000e+01
1.310000000000000000000000000000e+02 5.000000000000000000000000000000e+01 1.275500000000000000000000000000e+05 6.800000000000000000000000000000e+01
1.320000000000000000000000000000e+02 5.100000000000000000000000000000e+01 1.353030000000000000000000000000e+05 6.900000000000000000000000000000e+01
1.360000000000000000000000000000e+02 2.400000000000000000000000000000e+02 1.388184000000000000000000000000e+07 7.000000000000000000000000000000e+01
1.370000000000000000000000000000e+02 5.900000000000000000000000000000e+01 2.089190000000000000000000000000e+05 7.100000000000000000000000000000e+01
1.400000000000000000000000000000e+02 2.990000000000000000000000000000e+02 2.682059900000000000000000000000e+07 7.200000000000000000000000000000e+01
1.410000000000000000000000000000e+02 1.040000000000000000000000000000e+02 1.135784000000000000000000000000e+06 7.300000000000000000000000000000e+01
1.420000000000000000000000000000e+02 1.940000000000000000000000000000e+02 7.339214000000000000000000000000e+06 7.400000000000000000000000000000e+01
1.430000000000000000000000000000e+02 8.600000000000000000000000000000e+01 6.435380000000000000000000000000e+05 7.500000000000000000000000000000e+01
1.470000000000000000000000000000e+02 9.600000000000000000000000000000e+01 8.940480000000000000000000000000e+05 7.600000000000000000000000000000e+01
1.500000000000000000000000000000e+02 4.100000000000000000000000000000e+01 7.064300000000000000000000000000e+04 7.700000000000000000000000000000e+01
1.510000000000000000000000000000e+02 1.800000000000000000000000000000e+01 6.174000000000000000000000000000e+03 7.800000000000000000000000000000e+01
1.520000000000000000000000000000e+02 2.660000000000000000000000000000e+02 1.889211800000000000000000000000e+07 7.900000000000000000000000000000e+01
1.560000000000000000000000000000e+02 4.100000000000000000000000000000e+01 7.064300000000000000000000000000e+04 8.000000000000000000000000000000e+01
1.600000000000000000000000000000e+02 1.560000000000000000000000000000e+02 3.820908000000000000000000000000e+06 8.100000000000000000000000000000e+01
1.620000000000000000000000000000e+02 3.100000000000000000000000000000e+01 3.078300000000000000000000000000e+04 8.200000000000000000000000000000e+01
1.640000000000000000000000000000e+02 4.300000000000000000000000000000e+01 8.139900000000000000000000000000e+04 8.300000000000000000000000000000e+01
1.650000000000000000000000000000e+02 5.500000000000000000000000000000e+01 1.694550000000000000000000000000e+05 8.400000000000000000000000000000e+01
1.670000000000000000000000000000e+02 7.000000000000000000000000000000e+00 3.990000000000000000000000000000e+02 8.500000000000000000000000000000e+01
1.730000000000000000000000000000e+02 1.830000000000000000000000000000e+02 6.162159000000000000000000000000e+06 8.600000000000000000000000000000e+01
1.740000000000000000000000000000e+02 6.400000000000000000000000000000e+01 2.663040000000000000000000000000e+05 8.700000000000000000000000000000e+01
1.750000000000000000000000000000e+02 1.220000000000000000000000000000e+02 1.830854000000000000000000000000e+06 8.800000000000000000000000000000e+01
1.760000000000000000000000000000e+02 2.940000000000000000000000000000e+02 2.549891400000000000000000000000e+07 8.900000000000000000000000000000e+01
1.770000000000000000000000000000e+02 8.600000000000000000000000000000e+01 6.435380000000000000000000000000e+05 9.000000000000000000000000000000e+01
1.780000000000000000000000000000e+02 4.800000000000000000000000000000e+01 1.129440000000000000000000000000e+05 9.100000000000000000000000000000e+01
1.800000000000000000000000000000e+02 3.200000000000000000000000000000e+01 3.382400000000000000000000000000e+04 9.200000000000000000000000000000e+01
1.810000000000000000000000000000e+02 1.190000000000000000000000000000e+02 1.699439000000000000000000000000e+06 9.300000000000000000000000000000e+01
1.830000000000000000000000000000e+02 2.500000000000000000000000000000e+01 1.627500000000000000000000000000e+04 9.400000000000000000000000000000e+01
1.840000000000000000000000000000e+02 7.100000000000000000000000000000e+01 3.630230000000000000000000000000e+05 9.500000000000000000000000000000e+01
1.860000000000000000000000000000e+02 3.400000000000000000000000000000e+01 4.049400000000000000000000000000e+04 9.600000000000000000000000000000e+01
1.870000000000000000000000000000e+02 2.520000000000000000000000000000e+02 1.606676400000000000000000000000e+07 9.700000000000000000000000000000e+01
1.900000000000000000000000000000e+02 6.500000000000000000000000000000e+01 2.789150000000000000000000000000e+05 9.800000000000000000000000000000e+01
1.910000000000000000000000000000e+02 9.400000000000000000000000000000e+01 8.395140000000000000000000000000e+05 9.900000000000000000000000000000e+01
