0.000000000000000000000000000000e+00 1.110000000000000000000000000000e+02 1.380063000000000000000000000000e+06 0.000000000000000000000000000000e+00
1.000000000000000000000000000000e+00 3.000000000000000000000000000000e+00 3.900000000000000000000000000000e+01 1.000000000000000000000000000000e+00
2.000000000000000000000000000000e+00 3.100000000000000000000000000000e+01 3.078300000000000000000000000000e+04 2.000000000000000000000000000000e+00
3.000000000000000000000000000000e+00 2.600000000000000000000000000000e+01 1.827800000000000000000000000000e+04 3.000000000000000000000000000000e+00
4.000000000000000000000000000000e+00 2.000000000000000000000000000000e+01 8.420000000000000000000000000000e+03 4.000000000000000000000000000000e+00
5.000000000000000000000000000000e+00 3.300000000000000000000000000000e+01 3.705900000000000000000000000000e+04 5.000000000000000000000000000000e+00
8.000000000000000000000000000000e+00 2.190000000000000000000000000000e+02 1.055163900000000000000000000000e+07 6.000000000000000000000000000000e+00
9.000000000000000000000000000000e+00 1.500000000000000000000000000000e+01 3.615000000000000000000000000000e+03 7.000000000000000000000000000000e+00
1.100000000000000000000000000000e+01 6.000000000000000000000000000000e+00 2.580000000000000000000000000000e+02 8.000000000000000000000000000000e+00
1.600000000000000000000000000000e+01 4.000000000000000000000000000000e+00 8.400000000000000000000000000000e+01 9.000000000000000000000000000000e+00
1.700000000000000000000000000000e+01 1.400000000000000000000000000000e+01 2.954000000000000000000000000000e+03 1.000000000000000000000000000000e+01
1.800000000000000000000000000000e+01 6.400000000000000000000000000000e+01 2.663040000000000000000000000000e+05 1.100000000000000000000000000000e+01
1.900000000000000000000000000000e+01 4.660000000000000000000000000000e+02 1.014123180000000000000000000000e+08 1.200000000000000000000000000000e+01
2.000000000000000000000000000000e+01 6.700000000000000000000000000000e+01 3.053190000000000000000000000000e+05 1.300000000000000000000000000000e+01
2.200000000000000000000000000000e+01 4.000000000000000000000000000000e+01 6.564000000000000000000000000000e+04 1.400000000000000000000000000000e+01
2.300000000000000000000000000000e+01 7.180000000000000000000000000000e+02 3.706624740000000000000000000000e+08 1.500000000000000000000000000000e+01
2.400000000000000000000000000000e+01 3.000000000000000000000000000000e+01 2.793000000000000000000000000000e+04 1.600000000000000000000000000000e+01
2.700000000000000000000000000000e+01 5.300000000000000000000000000000e+01 1.517390000000000000000000000000e+05 1.700000000000000000000000000000e+01
2.800000000000000000000000000000e+01 7.700000000000000000000000000000e+01 4.625390000000000000000000000000e+05 1.800000000000000000000000000000e+01
2.900000000000000000000000000000e+01 2.160000000000000000000000000000e+02 1.012456800000000000000000000000e+07 1.900000000000000000000000000000e+01
3.000000000000000000000000000000e+01 1.630000000000000000000000000000e+02 4.357479000000000000000000000000e+06 2.000000000000000000000000000000e+01
3.300000000000000000000000000000e+01 1.800000000000000000000000000000e+01 6.174000000000000000000000000000e+03 2.100000000000000000000000000000e+01
3.400000000000000000000000000000e+01 2.800000000000000000000000000000e+01 2.276400000000000000000000000000e+04 2.200000000000000000000000000000e+01
4.100000000000000000000000000000e+01 3.900000000000000000000000000000e+01 6.087900000000000000000000000000e+04 2.300000000000000000000000000000e+01
4.300000000000000000000000000000e+01 3.600000000000000000000000000000e+01 4.798800000000000000000000000000e+04 2.400000000000000000000000000000e+01
4.700000000000000000000000000000e+01 1.500000000000000000000000000000e+01 3.615000000000000000000000000000e+03 2.500000000000000000000000000000e+01
5.600000000000000000000000000000e+01 4.160000000000000000000000000000e+02 7.216476800000000000000000000000e+07 2.600000000000000000000000000000e+01
5.700000000000000000000000000000e+01 1.320000000000000000000000000000e+02 2.317524000000000000000000000000e+06 2.700000000000000000000000000000e+01
5.800000000000000000000000000000e+01 7.100000000000000000000000000000e+01 3.630230000000000000000000000000e+05 2.800000000000000000000000000000e+01
6.100000000000000000000000000000e+01 1.800000000000000000000000000000e+01 6.174000000000000000000000000000e+03 2.900000000000000000000000000000e+01
6.300000000000000000000000000000e+01 8.900000000000000000000000000000e+01 7.129790000000000000000000000000e+05 3.000000000000000000000000000000e+01
6.600000000000000000000000000000e+01 9.300000000000000000000000000000e+01 8.130990000000000000000000000000e+05 3.100000000000000000000000000000e+01
6.900000000000000000000000000000e+01 6.000000000000000000000000000000e+01 2.196600000000000000000000000000e+05 3.200000000000000000000000000000e+01
7.000000000000000000000000000000e+01 1.280000000000000000000000000000e+02 2.113664000000000000000000000000e+06 3.300000000000000000000000000000e+01
7.100000000000000000000000000000e+01 2.110000000000000000000000000000e+02 9.438663000000000000000000000000e+06 3.400000000000000000000000000000e+01
7.300000000000000000000000000000e+01 2.200000000000000000000000000000e+01 1.115400000000000000000000000000e+04 3.500000000000000000000000000000e+01
7.600000000000000000000000000000e+01 2.900000000000000000000000000000e+01 2.525900000000000000000000000000e+04 3.600000000000000000000000000000e+01
7.900000000000000000000000000000e+01 8.200000000000000000000000000000e+01 5.581740000000000000000000000000e+05 3.700000000000000000000000000000e+01
8.100000000000000000000000000000e+01 1.590000000000000000000000000000e+02 4.045119000000000000000000000000e+06 3.800000000000000000000000000000e+01
8.700000000000000000000000000000e+01 1.500000000000000000000000000000e+01 3.615000000000000000000000000000e+03 3.900000000000000000000000000000e+01
8.800000000000000000000000000000e+01 7.000000000000000000000000000000e+01 3.479700000000000000000000000000e+05 4.000000000000000000000000000000e+01
9.000000000000000000000000000000e+01 1.670000000000000000000000000000e+02 4.685519000000000000000000000000e+06 4.100000000000000000000000000000e+01
9.200000000000000000000000000000e+01 3.100000000000000000000000000000e+01 3.078300000000000000000000000000e+04 4.200000000000000000000000000000e+01
9.300000000000000000000000000000e+01 1.000000000000000000000000000000e+00 3.000000000000000000000000000000e+00 4.300000000000000000000000000000e+01
9.600000000000000000000000000000e+01 7.300000000000000000000000000000e+01 3.944190000000000000000000000000e+05 4.400000000000000000000000000000e+01
9.700000000000000000000000000000e+01 9.100000000000000000000000000000e+01 7.619430000000000000000000000000e+05 4.500000000000000000000000000000e+01
1.010000000000000000000000000000e+02 1.150000000000000000000000000000e+02 1.534215000000000000000000000000e+06 4.600000000000000000000000000000e+01
1.020000000000000000000000000000e+02 3.000000000000000000000000000000e+00 3.900000000000000000000000000000e+01 4.700000000000000000000000000000e+01
1.040000000000000000000000000000e+02 2.010000000000000000000000000000e+02 8.161203000000000000000000000000e+06 4.800000000000000000000000000000e+01
1.050000000000000000000000000000e+02 7.900000000000000000000000000000e+01 4.993590000000000000000000000000e+05 4.900000000000000000000000000000e+01
1.070000000000000000000000000000e+02 1.500000000000000000000000000000e+01 3.615000000000000000000000000000e+03 5.000000000000000000000000000000e+01
1.080000000000000000000000000000e+02 2.720000000000000000000000000000e+02 2.019790400000000000000000000000e+07 5.100000000000000000000000000000e+01
1.090000000000000000000000000000e+02 1.700000000000000000000000000000e+01 5.219000000000000000000000000000e+03 5.200000000000000000000000000000e+01
1.100000000000000000000000000000e+02 6.120000000000000000000000000000e+02 2.295960840000000000000000000000e+08 5.300000000000000000000000000000e+01
1.110000000000000000000000000000e+02 7.100000000000000000000000000000e+01 3.630230000000000000000000000000e+05 5.400000000000000000000000000000e+01
1.120000000000000000000000000000e+02 1.970000000000000000000000000000e+02 7.684379000000000000000000000000e+06 5.500000000000000000000000000000e+01
1.140000000000000000000000000000e+02 6.700000000000000000000000000000e+01 3.053190000000000000000000000000e+05 5.600000000000000000000000000000e+01
1.160000000000000000000000000000e+02 8.000000000000000000000000000000e+01 5.184800000000000000000000000000e+05 5.700000000000000000000000000000e+01
1.190000000000000000000000000000e+02 3.100000000000000000000000000000e+01 3.078300000000000000000000000000e+04 5.800000000000000000000000000000e+01
1.200000000000000000000000000000e+02 9.500000000000000000000000000000e+01 8.664950000000000000000000000000e+05 5.900000000000000000000000000000e+01
1.210000000000000000000000000000e+02 2.140000000000000000000000000000e+02 9.846354000000000000000000000000e+06 6.000000000000000000000000000000e+01
1.260000000000000000000000000000e+02 7.000000000000000000000000000000e+01 3.479700000000000000000000000000e+05 6.100000000000000000000000000000e+01
1.270000000000000000000000000000e+02 2.600000000000000000000000000000e+02 1.764386000000000000000000000000e+07 6.200000000000000000000000000000e+01
1.300000000000000000000000000000e+02 1.240000000000000000000000000000e+02 1.922124000000000000000000000000e+06 6.300000000000000000000000000000e+01
1.310000000000000000000000000000e+02 3.800000000000000000000000000000e+01 5.635400000000000000000000000000e+04 6.400000000000000000000000000000e+01
1.350000000000000000000000000000e+02 5.000000000000000000000000000000e+00 1.550000000000000000000000000000e+02 6.500000000000000000000000000000e+01
1.360000000000000000000000000000e+02 8.700000000000000000000000000000e+01 6.661590000000000000000000000000e+05 6.600000000000000000000000000000e+01
1.370000000000000000000000000000e+02 2.300000000000000000000000000000e+01 1.271900000000000000000000000000e+04 6.700000000000000000000000000000e+01
1.420000000000000000000000000000e+02 2.100000000000000000000000000000e+02 9.305310000000000000000000000000e+06 6.800000000000000000000000000000e+01
1.480000000000000000000000000000e+02 1.100000000000000000000000000000e+01 1.463000000000000000000000000000e+03 6.900000000000000000000000000000e+01
1.510000000000000000000000000000e+02 1.100000000000000000000000000000e+02 1.343210000000000000000000000000e+06 7.000000000000000000000000000000e+01
1.530000000000000000000000000000e+02 7.000000000000000000000000000000e+00 3.990000000000000000000000000000e+02 7.100000000000000000000000000000e+01
1.540000000000000000000000000000e+02 6.800000000000000000000000000000e+01 3.191240000000000000000000000000e+05 7.200000000000000000000000000000e+01
1.550000000000000000000000000000e+02 1.200000000000000000000000000000e+01 1.884000000000000000000000000000e+03 7.300000000000000000000000000000e+01
1.570000000000000000000000000000e+02 1.700000000000000000000000000000e+01 5.219000000000000000000000000000e+03 7.400000000000000000000000000000e+01
1.610000000000000000000000000000e+02 3.100000000000000000000000000000e+02 2.988741000000000000000000000000e+07 7.500000000000000000000000000000e+01
1.690000000000000000000000000000e+02 6.500000000000000000000000000000e+01 2.789150000000000000000000000000e+05 7.600000000000000000000000000000e+01
1.700000000000000000000000000000e+02 3.800000000000000000000000000000e+01 5.635400000000000000000000000000e+04 7.700000000000000000000000000000e+01
1.710000000000000000000000000000e+02 2.110000000000000000000000000000e+02 9.438663000000000000000000000000e+06 7.800000000000000000000000000000e+01
1.740000000000000000000000000000e+02 4.500000000000000000000000000000e+01 9.319500000000000000000000000000e+04 7.900000000000000000000000000000e+01
1.770000000000000000000000000000e+02 2.500000000000000000000000000000e+01 1.627500000000000000000000000000e+04 8.000000000000000000000000000000e+01
1.780000000000000000000000000000e+02 2.200000000000000000000000000000e+01 1.115400000000000000000000000000e+04 8.100000000000000000000000000000e+01
1.790000000000000000000000000000e+02 5.900000000000000000000000000000e+01 2.089190000000000000000000000000e+05 8.200000000000000000000000000000e+01
1.800000000000000000000000000000e+02 2.500000000000000000000000000000e+01 1.627500000000000000000000000000e+04 8.300000000000000000000000000000e+01
1.830000000000000000000000000000e+02 4.600000000000000000000000000000e+01 9.949800000000000000000000000000e+04 8.400000000000000000000000000000e+01
1.840000000000000000000000000000e+02 1.630000000000000000000000000000e+02 4.357479000000000000000000000000e+06 8.500000000000000000000000000000e+01
1.860000000000000000000000000000e+02 2.060000000000000000000000000000e+02 8.784458000000000000000000000000e+06 8.600000000000000000000000000000e+01
1.880000000000000000000000000000e+02 2.420000000000000000000000000000e+02 1.423129400000000000000000000000e+07 8.700000000000000000000000000000e+01
1.900000000000000000000000000000e+02 1.810000000000000000000000000000e+02 5.962683000000000000000000000000e+06 8.800000000000000000000000000000e+01
1.910000000000000000000000000000e+02 2.300000000000000000000000000000e+01 1.271900000000000000000000000000e+04 8.900000000000000000000000000000e+01
1.920000000000000000000000000000e+02 1.100000000000000000000000000000e+01 1.463000000000000000000000000000e+03 9.000000000000000000000000000000e+01
1.930000000000000000000000000000e+02 1.540000000000000000000000000000e+02 3.676134000000000000000000000000e+06 9.100000000000000000000000000000e+01
1.970000000000000000000000000000e+02 2.600000000000000000000000000000e+02 1.764386000000000000000000000000e+07 9.200000000000000000000000000000e+01
1.980000000000000000000000000000e+02 1.370000000000000000000000000000e+02 2.590259000000000000000000000000e+06 9.300000000000000000000000000000e+01
2.000000000000000000000000000000e+02 1.900000000000000000000000000000e+01 7.239000000000000000000000000000e+03 9.400000000000000000000000000000e+01
2.010000000000000000000000000000e+02 2.600000000000000000000000000000e+02 1.764386000000000000000000000000e+07 9.500000000000000000000000000000e+01
2.040000000000000000000000000000e+02 6.700000000000000000000000000000e+01 3.053190000000000000000000000000e+05 9.600000000000000000000000000000e+01
2.050000000000000000000000000000e+02 2.000000000000000000000000000000e+00 1.400000000000000000000000000000e+01 9.700000000000000000000000000000e+01
2.060000000000000000000000000000e+02 1.160000000000000000000000000000e+02 1.574468000000000000000000000000e+06 9.800000000000000000000000000000e+01
2.070000000000000000000000000000e+02 1.680000000000000000000000000000e+02 4.770024000000000000000000000000e+06 9.900000000000000000000000000000e+01
