0.000000000000000000000000000000e+00 4.300000000000000000000000000000e+01 8.139900000000000000000000000000e+04 0.000000000000000000000000000000e+00
4.000000000000000000000000000000e+00 1.260000000000000000000000000000e+02 2.016378000000000000000000000000e+06 1.000000000000000000000000000000e+00
5.000000000000000000000000000000e+00 2.800000000000000000000000000000e+01 2.276400000000000000000000000000e+04 2.000000000000000000000000000000e+00
7.000000000000000000000000000000e+00 2.620000000000000000000000000000e+02 1.805363400000000000000000000000e+07 3.000000000000000000000000000000e+00
1.100000000000000000000000000000e+01 4.700000000000000000000000000000e+01 1.060790000000000000000000000000e+05 4.000000000000000000000000000000e+00
1.200000000000000000000000000000e+01 1.150000000000000000000000000000e+02 1.534215000000000000000000000000e+06 5.000000000000000000000000000000e+00
1.500000000000000000000000000000e+01 4.000000000000000000000000000000e+00 8.400000000000000000000000000000e+01 6.000000000000000000000000000000e+00
1.700000000000000000000000000000e+01 2.650000000000000000000000000000e+02 1.868011500000000000000000000000e+07 7.000000000000000000000000000000e+00
2.100000000000000000000000000000e+01 9.000000000000000000000000000000e+00 8.190000000000000000000000000000e+02 8.000000000000000000000000000000e+00
2.200000000000000000000000000000e+01 1.300000000000000000000000000000e+02 2.214030000000000000000000000000e+06 9.000000000000000000000000000000e+00
2.400000000000000000000000000000e+01 9.000000000000000000000000000000e+00 8.190000000000000000000000000000e+02 1.000000000000000000000000000000e+01
2.500000000000000000000000000000e+01 3.140000000000000000000000000000e+02 3.105805400000000000000000000000e+07 1.100000000000000000000000000000e+01
2.600000000000000000000000000000e+01 2.500000000000000000000000000000e+01 1.627500000000000000000000000000e+04 1.200000000000000000000000000000e+01
2.700000000000000000000000000000e+01 1.420000000000000000000000000000e+02 2.883594000000000000000000000000e+06 1.300000000000000000000000000000e+01
2.900000000000000000000000000000e+01 3.700000000000000000000000000000e+02 5.079027000000000000000000000000e+07 1.400000000000000000000000000000e+01
3.000000000000000000000000000000e+01 4.900000000000000000000000000000e+01 1.200990000000000000000000000000e+05 1.500000000000000000000000000000e+01
3.100000000000000000000000000000e+01 4.400000000000000000000000000000e+01 8.716400000000000000000000000000e+04 1.600000000000000000000000000000e+01
3.200000000000000000000000000000e+01 5.400000000000000000000000000000e+01 1.604340000000000000000000000000e+05 1.700000000000000000000000000000e+01
3.400000000000000000000000000000e+01 4.700000000000000000000000000000e+01 1.060790000000000000000000000000e+05 1.800000000000000000000000000000e+01
3.700000000000000000000000000000e+01 5.900000000000000000000000000000e+01 2.089190000000000000000000000000e+05 1.900000000000000000000000000000e+01
3.800000000000000000000000000000e+01 7.000000000000000000000000000000e+00 3.990000000000000000000000000000e+02 2.000000000000000000000000000000e+01
4.000000000000000000000000000000e+01 1.420000000000000000000000000000e+02 2.883594000000000000000000000000e+06 2.100000000000000000000000000000e+01
4.100000000000000000000000000000e+01 1.980000000000000000000000000000e+02 7.801794000000000000000000000000e+06 2.200000000000000000000000000000e+01
4.200000000000000000000000000000e+01 1.930000000000000000000000000000e+02 7.226499000000000000000000000000e+06 2.300000000000000000000000000000e+01
4.500000000000000000000000000000e+01 2.520000000000000000000000000000e+02 1.606676400000000000000000000000e+07 2.400000000000000000000000000000e+01
4.700000000000000000000000000000e+01 1.730000000000000000000000000000e+02 5.207819000000000000000000000000e+06 2.500000000000000000000000000000e+01
4.800000000000000000000000000000e+01 2.000000000000000000000000000000e+00 1.400000000000000000000000000000e+01 2.600000000000000000000000000000e+01
5.000000000000000000000000000000e+01 1.020000000000000000000000000000e+02 1.071714000000000000000000000000e+06 2.700000000000000000000000000000e+01
5.200000000000000000000000000000e+01 4.500000000000000000000000000000e+01 9.319500000000000000000000000000e+04 2.800000000000000000000000000000e+01
5.400000000000000000000000000000e+01 2.060000000000000000000000000000e+02 8.784458000000000000000000000000e+06 2.900000000000000000000000000000e+01
5.500000000000000000000000000000e+01 8.000000000000000000000000000000e+01 5.184800000000000000000000000000e+05 3.000000000000000000000000000000e+01
5.600000000000000000000000000000e+01 2.300000000000000000000000000000e+01 1.271900000000000000000000000000e+04 3.100000000000000000000000000000e+01
5.700000000000000000000000000000e+01 9.700000000000000000000000000000e+01 9.221790000000000000000000000000e+05 3.200000000000000000000000000000e+01
5.800000000000000000000000000000e+01 7.200000000000000000000000000000e+01 3.785040000000000000000000000000e+05 3.300000000000000000000000000000e+01
6.000000000000000000000000000000e+01 4.900000000000000000000000000000e+01 1.200990000000000000000000000000e+05 3.400000000000000000000000000000e+01
6.100000000000000000000000000000e+01 2.700000000000000000000000000000e+01 2.043900000000000000000000000000e+04 3.500000000000000000000000000000e+01
6.400000000000000000000000000000e+01 1.630000000000000000000000000000e+02 4.357479000000000000000000000000e+06 3.600000000000000000000000000000e+01
6.600000000000000000000000000000e+01 1.900000000000000000000000000000e+01 7.239000000000000000000000000000e+03 3.700000000000000000000000000000e+01
6.800000000000000000000000000000e+01 1.900000000000000000000000000000e+01 7.239000000000000000000000000000e+03 3.800000000000000000000000000000e+01
6.900000000000000000000000000000e+01 8.800000000000000000000000000000e+01 6.893040000000000000000000000000e+05 3.900000000000000000000000000000e+01
7.000000000000000000000000000000e+01 4.800000000000000000000000000000e+01 1.129440000000000000000000000000e+05 4.000000000000000000000000000000e+01
7.300000000000000000000000000000e+01 1.240000000000000000000000000000e+02 1.922124000000000000000000000000e+06 4.100000000000000000000000000000e+01
7.600000000000000000000000000000e+01 1.520000000000000000000000000000e+02 3.535064000000000000000000000000e+06 4.200000000000000000000000000000e+01
7.800000000000000000000000000000e+01 9.100000000000000000000000000000e+01 7.619430000000000000000000000000e+05 4.300000000000000000000000000000e+01
8.100000000000000000000000000000e+01 6.300000000000000000000000000000e+01 2.540790000000000000000000000000e+05 4.400000000000000000000000000000e+01
8.300000000000000000000000000000e+01 5.300000000000000000000000000000e+01 1.517390000000000000000000000000e+05 4.500000000000000000000000000000e+01
8.400000000000000000000000000000e+01 4.040000000000000000000000000000e+02 6.610288400000000000000000000000e+07 4.600000000000000000000000000000e+01
8.500000000000000000000000000000e+01 1.560000000000000000000000000000e+02 3.820908000000000000000000000000e+06 4.700000000000000000000000000000e+01
8.600000000000000000000000000000e+01 1.000000000000000000000000000000e+01 1.110000000000000000000000000000e+03 4.800000000000000000000000000000e+01
8.700000000000000000000000000000e+01 3.000000000000000000000000000000e+00 3.900000000000000000000000000000e+01 4.900000000000000000000000000000e+01
9.100000000000000000000000000000e+01 5.900000000000000000000000000000e+01 2.089190000000000000000000000000e+05 5.000000000000000000000000000000e+01
9.400000000000000000000000000000e+01 2.700000000000000000000000000000e+01 2.043900000000000000000000000000e+04 5.100000000000000000000000000000e+01
9.500000000000000000000000000000e+01 1.000000000000000000000000000000e+01 1.110000000000000000000000000000e+03 5.200000000000000000000000000000e+01
9.600000000000000000000000000000e+01 8.000000000000000000000000000000e+00 5.840000000000000000000000000000e+02 5.300000000000000000000000000000e+01
1.030000000000000000000000000000e+02 1.660000000000000000000000000000e+02 4.602018000000000000000000000000e+06 5.400000000000000000000000000000e+01
1.070000000000000000000000000000e+02 5.300000000000000000000000000000e+01 1.517390000000000000000000000000e+05 5.500000000000000000000000000000e+01
1.090000000000000000000000000000e+02 1.420000000000000000000000000000e+02 2.883594000000000000000000000000e+06 5.600000000000000000000000000000e+01
1.110000000000000000000000000000e+02 1.600000000000000000000000000000e+01 4.368000000000000000000000000000e+03 5.700000000000000000000000000000e+01
1.120000000000000000000000000000e+02 2.500000000000000000000000000000e+01 1.627500000000000000000000000000e+04 5.800000000000000000000000000000e+01
1.140000000000000000000000000000e+02 1.380000000000000000000000000000e+02 2.647254000000000000000000000000e+06 5.900000000000000000000000000000e+01
1.170000000000000000000000000000e+02 4.500000000000000000000000000000e+01 9.319500000000000000000000000000e+04 6.000000000000000000000000000000e+01
1.200000000000000000000000000000e+02 1.000000000000000000000000000000e+01 1.110000000000000000000000000000e+03 6.100000000000000000000000000000e+01
1.230000000000000000000000000000e+02 1.900000000000000000000000000000e+01 7.239000000000000000000000000000e+03 6.200000000000000000000000000000e+01
1.240000000000000000000000000000e+02 1.620000000000000000000000000000e+02 4.277934000000000000000000000000e+06 6.300000000000000000000000000000e+01
1.260000000000000000000000000000e+02 2.800000000000000000000000000000e+01 2.276400000000000000000000000000e+04 6.400000000000000000000000000000e+01
1.280000000000000000000000000000e+02 8.100000000000000000000000000000e+01 5.380830000000000000000000000000e+05 6.500000000000000000000000000000e+01
1.320000000000000000000000000000e+02 1.570000000000000000000000000000e+02 3.894699000000000000000000000000e+06 6.600000000000000000000000000000e+01
1.330000000000000000000000000000e+02 4.600000000000000000000000000000e+01 9.949800000000000000000000000000e+04 6.700000000000000000000000000000e+01
1.340000000000000000000000000000e+02 1.920000000000000000000000000000e+02 7.114944000000000000000000000000e+06 6.800000000000000000000000000000e+01
1.370000000000000000000000000000e+02 2.200000000000000000000000000000e+01 1.115400000000000000000000000000e+04 6.900000000000000000000000000000e+01
1.380000000000000000000000000000e+02 2.000000000000000000000000000000e+00 1.400000000000000000000000000000e+01 7.000000000000000000000000000000e+01
1.410000000000000000000000000000e+02 4.300000000000000000000000000000e+01 8.139900000000000000000000000000e+04 7.100000000000000000000000000000e+01
1.420000000000000000000000000000e+02 1.070000000000000000000000000000e+02 1.236599000000000000000000000000e+06 7.200000000000000000000000000000e+01
1.430000000000000000000000000000e+02 7.000000000000000000000000000000e+00 3.990000000000000000000000000000e+02 7.300000000000000000000000000000e+01
1.440000000000000000000000000000e+02 9.900000000000000000000000000000e+01 9.801990000000000000000000000000e+05 7.400000000000000000000000000000e+01
1.460000000000000000000000000000e+02 3.100000000000000000000000000000e+01 3.078300000000000000000000000000e+04 7.500000000000000000000000000000e+01
1.480000000000000000000000000000e+02 7.000000000000000000000000000000e+01 3.479700000000000000000000000000e+05 7.600000000000000000000000000000e+01
1.500000000000000000000000000000e+02 8.100000000000000000000000000000e+01 5.380830000000000000000000000000e+05 7.700000000000000000000000000000e+01
1.510000000000000000000000000000e+02 2.290000000000000000000000000000e+02 1.206165900000000000000000000000e+07 7.800000000000000000000000000000e+01
1.530000000000000000000000000000e+02 9.200000000000000000000000000000e+01 7.872440000000000000000000000000e+05 7.900000000000000000000000000000e+01
1.540000000000000000000000000000e+02 4.000000000000000000000000000000e+00 8.400000000000000000000000000000e+01 8.000000000000000000000000000000e+01
1.590000000000000000000000000000e+02 9.300000000000000000000000000000e+01 8.130990000000000000000000000000e+05 8.100000000000000000000000000000e+01
1.600000000000000000000000000000e+02 7.800000000000000000000000000000e+01 4.807140000000000000000000000000e+05 8.200000000000000000000000000000e+01
1.610000000000000000000000000000e+02 2.020000000000000000000000000000e+02 8.283414000000000000000000000000e+06 8.300000000000000000000000000000e+01
1.620000000000000000000000000000e+02 4.000000000000000000000000000000e+00 8.400000000000000000000000000000e+01 8.400000000000000000000000000000e+01
1.630000000000000000000000000000e+02 1.370000000000000000000000000000e+02 2.590259000000000000000000000000e+06 8.500000000000000000000000000000e+01
1.640000000000000000000000000000e+02 1.150000000000000000000000000000e+02 1.534215000000000000000000000000e+06 8.600000000000000000000000000000e+01
1.660000000000000000000000000000e+02 4.000000000000000000000000000000e+00 8.400000000000000000000000000000e+01 8.700000000000000000000000000000e+01
1.670000000000000000000000000000e+02 7.800000000000000000000000000000e+01 4.807140000000000000000000000000e+05 8.800000000000000000000000000000e+01
1.680000000000000000000000000000e+02 2.780000000000000000000000000000e+02 2.156251400000000000000000000000e+07 8.900000000000000000000000000000e+01
1.690000000000000000000000000000e+02 3.600000000000000000000000000000e+01 4.798800000000000000000000000000e+04 9.000000000000000000000000000000e+01
1.700000000000000000000000000000e+02 3.310000000000000000000000000000e+02 3.637458300000000000000000000000e+07 9.100000000000000000000000000000e+01
1.730000000000000000000000000000e+02 7.300000000000000000000000000000e+01 3.944190000000000000000000000000e+05 9.200000000000000000000000000000e+01
1.750000000000000000000000000000e+02 2.350000000000000000000000000000e+02 1.303333500000000000000000000000e+07 9.300000000000000000000000000000e+01
1.760000000000000000000000000000e+02 1.550000000000000000000000000000e+02 3.748055000000000000000000000000e+06 9.400000000000000000000000000000e+01
1.800000000000000000000000000000e+02 6.800000000000000000000000000000e+01 3.191240000000000000000000000000e+05 9.500000000000000000000000000000e+01
1.830000000000000000000000000000e+02 5.800000000000000000000000000000e+01 1.985340000000000000000000000000e+05 9.600000000000000000000000000000e+01
1.850000000000000000000000000000e+02 3.400000000000000000000000000000e+01 4.049400000000000000000000000000e+04 9.700000000000000000000000000000e+01
1.880000000000000000000000000000e+02 1.000000000000000000000000000000e+00 3.000000000000000000000000000000e+00 9.800000000000000000000000000000e+01
1.900000000000000000000000000000e+02 4.800000000000000000000000000000e+01 1.129440000000000000000000000000e+05 9.900000000000000000000000000000e+01
