0.000000000000000000000000000000e+00 3.400000000000000000000000000000e+01 4.049400000000000000000000000000e+04 0.000000000000000000000000000000e+00
3.000000000000000000000000000000e+00 4.600000000000000000000000000000e+01 9.949800000000000000000000000000e+04 1.000000000000000000000000000000e+00
4.000000000000000000000000000000e+00 4.100000000000000000000000000000e+01 7.064300000000000000000000000000e+04 2.000000000000000000000000000000e+00
6.000000000000000000000000000000e+00 1.700000000000000000000000000000e+01 5.219000000000000000000000000000e+03 3.000000000000000000000000000000e+00
7.000000000000000000000000000000e+00 7.400000000000000000000000000000e+01 4.107740000000000000000000000000e+05 4.000000000000000000000000000000e+00
9.000000000000000000000000000000e+00 2.360000000000000000000000000000e+02 1.320018800000000000000000000000e+07 5.000000000000000000000000000000e+00
1.000000000000000000000000000000e+01 7.000000000000000000000000000000e+01 3.479700000000000000000000000000e+05 6.000000000000000000000000000000e+00
1.200000000000000000000000000000e+01 1.280000000000000000000000000000e+02 2.113664000000000000000000000000e+06 7.000000000000000000000000000000e+00
1.600000000000000000000000000000e+01 3.000000000000000000000000000000e+01 2.793000000000000000000000000000e+04 8.000000000000000000000000000000e+00
1.700000000000000000000000000000e+01 5.900000000000000000000000000000e+01 2.089190000000000000000000000000e+05 9.000000000000000000000000000000e+00
1.900000000000000000000000000000e+01 6.000000000000000000000000000000e+00 2.580000000000000000000000000000e+02 1.000000000000000000000000000000e+01
2.000000000000000000000000000000e+01 1.630000000000000000000000000000e+02 4.357479000000000000000000000000e+06 1.100000000000000000000000000000e+01
2.100000000000000000000000000000e+01 3.600000000000000000000000000000e+01 4.798800000000000000000000000000e+04 1.200000000000000000000000000000e+01
2.300000000000000000000000000000e+01 3.000000000000000000000000000000e+00 3.900000000000000000000000000000e+01 1.300000000000000000000000000000e+01
2.400000000000000000000000000000e+01 7.000000000000000000000000000000e+00 3.990000000000000000000000000000e+02 1.400000000000000000000000000000e+01
2.500000000000000000000000000000e+01 2.460000000000000000000000000000e+02 1.494769800000000000000000000000e+07 1.500000000000000000000000000000e+01
2.900000000000000000000000000000e+01 1.700000000000000000000000000000e+02 4.942070000000000000000000000000e+06 1.600000000000000000000000000000e+01
3.000000000000000000000000000000e+01 6.400000000000000000000000000000e+01 2.663040000000000000000000000000e+05 1.700000000000000000000000000000e+01
3.300000000000000000000000000000e+01 8.000000000000000000000000000000e+00 5.840000000000000000000000000000e+02 1.800000000000000000000000000000e+01
3.400000000000000000000000000000e+01 2.250000000000000000000000000000e+02 1.144147500000000000000000000000e+07 1.900000000000000000000000000000e+01
3.600000000000000000000000000000e+01 1.660000000000000000000000000000e+02 4.602018000000000000000000000000e+06 2.000000000000000000000000000000e+01
3.700000000000000000000000000000e+01 5.000000000000000000000000000000e+00 1.550000000000000000000000000000e+02 2.100000000000000000000000000000e+01
3.800000000000000000000000000000e+01 8.800000000000000000000000000000e+01 6.893040000000000000000000000000e+05 2.200000000000000000000000000000e+01
4.400000000000000000000000000000e+01 4.500000000000000000000000000000e+01 9.319500000000000000000000000000e+04 2.300000000000000000000000000000e+01
4.500000000000000000000000000000e+01 2.800000000000000000000000000000e+02 2.203068000000000000000000000000e+07 2.400000000000000000000000000000e+01
4.700000000000000000000000000000e+01 1.740000000000000000000000000000e+02 5.298474000000000000000000000000e+06 2.500000000000000000000000000000e+01
4.800000000000000000000000000000e+01 3.820000000000000000000000000000e+02 5.588927400000000000000000000000e+07 2.600000000000000000000000000000e+01
5.000000000000000000000000000000e+01 3.130000000000000000000000000000e+02 3.076257900000000000000000000000e+07 2.700000000000000000000000000000e+01
5.200000000000000000000000000000e+01 1.050000000000000000000000000000e+02 1.168755000000000000000000000000e+06 2.800000000000000000000000000000e+01
5.600000000000000000000000000000e+01 1.000000000000000000000000000000e+00 3.000000000000000000000000000000e+00 2.900000000000000000000000000000e+01
5.700000000000000000000000000000e+01 2.610000000000000000000000000000e+02 1.784796300000000000000000000000e+07 3.000000000000000000000000000000e+01
6.000000000000000000000000000000e+01 1.500000000000000000000000000000e+01 3.615000000000000000000000000000e+03 3.100000000000000000000000000000e+01
6.200000000000000000000000000000e+01 1.800000000000000000000000000000e+01 6.174000000000000000000000000000e+03 3.200000000000000000000000000000e+01
6.400000000000000000000000000000e+01 1.300000000000000000000000000000e+02 2.214030000000000000000000000000e+06 3.300000000000000000000000000000e+01
6.700000000000000000000000000000e+01 4.600000000000000000000000000000e+01 9.949800000000000000000000000000e+04 3.400000000000000000000000000000e+01
6.800000000000000000000000000000e+01 3.030000000000000000000000000000e+02 2.791023900000000000000000000000e+07 3.500000000000000000000000000000e+01
6.900000000000000000000000000000e+01 5.500000000000000000000000000000e+01 1.694550000000000000000000000000e+05 3.600000000000000000000000000000e+01
7.000000000000000000000000000000e+01 1.050000000000000000000000000000e+02 1.168755000000000000000000000000e+06 3.700000000000000000000000000000e+01
7.100000000000000000000000000000e+01 6.700000000000000000000000000000e+01 3.053190000000000000000000000000e+05 3.800000000000000000000000000000e+01
7.400000000000000000000000000000e+01 1.860000000000000000000000000000e+02 6.469638000000000000000000000000e+06 3.900000000000000000000000000000e+01
7.500000000000000000000000000000e+01 9.000000000000000000000000000000e+00 8.190000000000000000000000000000e+02 4.000000000000000000000000000000e+01
7.700000000000000000000000000000e+01 2.700000000000000000000000000000e+01 2.043900000000000000000000000000e+04 4.100000000000000000000000000000e+01
8.000000000000000000000000000000e+01 4.800000000000000000000000000000e+01 1.129440000000000000000000000000e+05 4.200000000000000000000000000000e+01
8.100000000000000000000000000000e+01 4.000000000000000000000000000000e+01 6.564000000000000000000000000000e+04 4.300000000000000000000000000000e+01
8.200000000000000000000000000000e+01 3.100000000000000000000000000000e+01 3.078300000000000000000000000000e+04 4.400000000000000000000000000000e+01
8.300000000000000000000000000000e+01 1.110000000000000000000000000000e+02 1.380063000000000000000000000000e+06 4.500000000000000000000000000000e+01
8.900000000000000000000000000000e+01 2.060000000000000000000000000000e+02 8.784458000000000000000000000000e+06 4.600000000000000000000000000000e+01
9.100000000000000000000000000000e+01 5.000000000000000000000000000000e+00 1.550000000000000000000000000000e+02 4.700000000000000000000000000000e+01
9.200000000000000000000000000000e+01 2.800000000000000000000000000000e+01 2.276400000000000000000000000000e+04 4.800000000000000000000000000000e+01
9.300000000000000000000000000000e+01 7.700000000000000000000000000000e+01 4.625390000000000000000000000000e+05 4.900000000000000000000000000000e+01
9.700000000000000000000000000000e+01 1.600000000000000000000000000000e+01 4.368000000000000000000000000000e+03 5.000000000000000000000000000000e+01
9.800000000000000000000000000000e+01 3.300000000000000000000000000000e+01 3.705900000000000000000000000000e+04 5.100000000000000000000000000000e+01
9.900000000000000000000000000000e+01 1.390000000000000000000000000000e+02 2.705079000000000000000000000000e+06 5.200000000000000000000000000000e+01
1.040000000000000000000000000000e+02 2.100000000000000000000000000000e+01 9.723000000000000000000000000000e+03 5.300000000000000000000000000000e+01
1.080000000000000000000000000000e+02 5.200000000000000000000000000000e+01 1.433640000000000000000000000000e+05 5.400000000000000000000000000000e+01
1.120000000000000000000000000000e+02 2.000000000000000000000000000000e+00 1.400000000000000000000000000000e+01 5.500000000000000000000000000000e+01
1.130000000000000000000000000000e+02 6.500000000000000000000000000000e+01 2.789150000000000000000000000000e+05 5.600000000000000000000000000000e+01
1.140000000000000000000000000000e+02 1.750000000000000000000000000000e+02 5.390175000000000000000000000000e+06 5.700000000000000000000000000000e+01
1.150000000000000000000000000000e+02 1.370000000000000000000000000000e+02 2.590259000000000000000000000000e+06 5.800000000000000000000000000000e+01
1.170000000000000000000000000000e+02 8.600000000000000000000000000000e+01 6.435380000000000000000000000000e+05 5.900000000000000000000000000000e+01
1.180000000000000000000000000000e+02 2.000000000000000000000000000000e+01 8.420000000000000000000000000000e+03 6.000000000000000000000000000000e+01
1.230000000000000000000000000000e+02 1.050000000000000000000000000000e+02 1.168755000000000000000000000000e+06 6.100000000000000000000000000000e+01
1.250000000000000000000000000000e+02 1.810000000000000000000000000000e+02 5.962683000000000000000000000000e+06 6.200000000000000000000000000000e+01
1.260000000000000000000000000000e+02 1.870000000000000000000000000000e+02 6.574359000000000000000000000000e+06 6.300000000000000000000000000000e+01
1.270000000000000000000000000000e+02 1.460000000000000000000000000000e+02 3.133598000000000000000000000000e+06 6.400000000000000000000000000000e+01
1.280000000000000000000000000000e+02 1.900000000000000000000000000000e+01 7.239000000000000000000000000000e+03 6.500000000000000000000000000000e+01
1.290000000000000000000000000000e+02 2.300000000000000000000000000000e+01 1.271900000000000000000000000000e+04 6.600000000000000000000000000000e+01
1.310000000000000000000000000000e+02 7.700000000000000000000000000000e+01 4.625390000000000000000000000000e+05 6.700000000000000000000000000000e+01
1.360000000000000000000000000000e+02 5.900000000000000000000000000000e+01 2.089190000000000000000000000000e+05 6.800000000000000000000000000000e+01
1.370000000000000000000000000000e+02 1.070000000000000000000000000000e+02 1.236599000000000000000000000000e+06 6.900000000000000000000000000000e+01
1.380000000000000000000000000000e+02 3.600000000000000000000000000000e+01 4.798800000000000000000000000000e+04 7.000000000000000000000000000000e+01
1.430000000000000000000000000000e+02 1.380000000000000000000000000000e+02 2.647254000000000000000000000000e+06 7.100000000000000000000000000000e+01
1.460000000000000000000000000000e+02 7.300000000000000000000000000000e+01 3.944190000000000000000000000000e+05 7.200000000000000000000000000000e+01
1.480000000000000000000000000000e+02 2.260000000000000000000000000000e+02 1.159447800000000000000000000000e+07 7.300000000000000000000000000000e+01
1.490000000000000000000000000000e+02 4.700000000000000000000000000000e+01 1.060790000000000000000000000000e+05 7.400000000000000000000000000000e+01
1.510000000000000000000000000000e+02 1.000000000000000000000000000000e+00 3.000000000000000000000000000000e+00 7.500000000000000000000000000000e+01
1.520000000000000000000000000000e+02 9.700000000000000000000000000000e+01 9.221790000000000000000000000000e+05 7.600000000000000000000000000000e+01
1.530000000000000000000000000000e+02 7.500000000000000000000000000000e+01 4.275750000000000000000000000000e+05 7.700000000000000000000000000000e+01
1.540000000000000000000000000000e+02 2.600000000000000000000000000000e+01 1.827800000000000000000000000000e+04 7.800000000000000000000000000000e+01
1.570000000000000000000000000000e+02 8.000000000000000000000000000000e+01 5.184800000000000000000000000000e+05 7.900000000000000000000000000000e+01
1.580000000000000000000000000000e+02 4.100000000000000000000000000000e+01 7.064300000000000000000000000000e+04 8.000000000000000000000000000000e+01
1.590000000000000000000000000000e+02 4.700000000000000000000000000000e+01 1.060790000000000000000000000000e+05 8.100000000000000000000000000000e+01
1.610000000000000000000000000000e+02 5.000000000000000000000000000000e+00 1.550000000000000000000000000000e+02 8.200000000000000000000000000000e+01
1.620000000000000000000000000000e+02 3.850000000000000000000000000000e+02 5.721523500000000000000000000000e+07 8.300000000000000000000000000000e+01
1.660000000000000000000000000000e+02 2.400000000000000000000000000000e+01 1.442400000000000000000000000000e+04 8.400000000000000000000000000000e+01
1.670000000000000000000000000000e+02 1.290000000000000000000000000000e+02 2.163459000000000000000000000000e+06 8.500000000000000000000000000000e+01
1.690000000000000000000000000000e+02 2.130000000000000000000000000000e+02 9.709179000000000000000000000000e+06 8.600000000000000000000000000000e+01
1.700000000000000000000000000000e+02 4.000000000000000000000000000000e+01 6.564000000000000000000000000000e+04 8.700000000000000000000000000000e+01
1.710000000000000000000000000000e+02 1.060000000000000000000000000000e+02 1.202358000000000000000000000000e+06 8.800000000000000000000000000000e+01
1.720000000000000000000000000000e+02 5.200000000000000000000000000000e+01 1.433640000000000000000000000000e+05 8.900000000000000000000000000000e+01
1.740000000000000000000000000000e+02 6.700000000000000000000000000000e+01 3.053190000000000000000000000000e+05 9.000000000000000000000000000000e+01
1.770000000000000000000000000000e+02 2.000000000000000000000000000000e+00 1.400000000000000000000000000000e+01 9.100000000000000000000000000000e+01
1.800000000000000000000000000000e+02 3.620000000000000000000000000000e+02 4.756933400000000000000000000000e+07 9.200000000000000000000000000000e+01
1.810000000000000000000000000000e+02 1.450000000000000000000000000000e+02 3.069795000000000000000000000000e+06 9.300000000000000000000000000000e+01
1.830000000000000000000000000000e+02 4.400000000000000000000000000000e+01 8.716400000000000000000000000000e+04 9.400000000000000000000000000000e+01
1.840000000000000000000000000000e+02 3.000000000000000000000000000000e+00 3.900000000000000000000000000000e+01 9.500000000000000000000000000000e+01
1.850000000000000000000000000000e+02 2.150000000000000000000000000000e+02 9.984815000000000000000000000000e+06 9.600000000000000000000000000000e+01
1.860000000000000000000000000000e+02 6.000000000000000000000000000000e+00 2.580000000000000000000000000000e+02 9.700000000000000000000000000000e+01
1.900000000000000000000000000000e+02 1.400000000000000000000000000000e+02 2.763740000000000000000000000000e+06 9.800000000000000000000000000000e+01
1.910000000000000000000000000000e+02 9.400000000000000000000000000000e+01 8.395140000000000000000000000000e+05 9.900000000000000000000000000000e+01
