2.000000000000000000000000000000e+00 1.020000000000000000000000000000e+02 1.071714000000000000000000000000e+06 0.000000000000000000000000000000e+00
7.000000000000000000000000000000e+00 2.600000000000000000000000000000e+01 1.827800000000000000000000000000e+04 1.000000000000000000000000000000e+00
8.000000000000000000000000000000e+00 1.300000000000000000000000000000e+01 2.379000000000000000000000000000e+03 2.000000000000000000000000000000e+00
9.000000000000000000000000000000e+00 2.900000000000000000000000000000e+01 2.525900000000000000000000000000e+04 3.000000000000000000000000000000e+00
1.300000000000000000000000000000e+01 1.700000000000000000000000000000e+01 5.219000000000000000000000000000e+03 4.000000000000000000000000000000e+00
1.700000000000000000000000000000e+01 3.500000000000000000000000000000e+01 4.413500000000000000000000000000e+04 5.000000000000000000000000000000e+00
1.900000000000000000000000000000e+01 1.600000000000000000000000000000e+01 4.368000000000000000000000000000e+03 6.000000000000000000000000000000e+00
2.100000000000000000000000000000e+01 1.000000000000000000000000000000e+01 1.110000000000000000000000000000e+03 7.000000000000000000000000000000e+00
2.200000000000000000000000000000e+01 1.340000000000000000000000000000e+02 2.424194000000000000000000000000e+06 8.000000000000000000000000000000e+00
2.400000000000000000000000000000e+01 2.000000000000000000000000000000e+00 1.400000000000000000000000000000e+01 9.000000000000000000000000000000e+00
2.500000000000000000000000000000e+01 8.800000000000000000000000000000e+01 6.893040000000000000000000000000e+05 1.000000000000000000000000000000e+01
3.100000000000000000000000000000e+01 1.150000000000000000000000000000e+02 1.534215000000000000000000000000e+06 1.100000000000000000000000000000e+01
3.300000000000000000000000000000e+01 1.970000000000000000000000000000e+02 7.684379000000000000000000000000e+06 1.200000000000000000000000000000e+01
3.600000000000000000000000000000e+01 2.230000000000000000000000000000e+02 1.113951900000000000000000000000e+07 1.300000000000000000000000000000e+01
3.700000000000000000000000000000e+01 1.990000000000000000000000000000e+02 7.920399000000000000000000000000e+06 1.400000000000000000000000000000e+01
4.100000000000000000000000000000e+01 4.200000000000000000000000000000e+01 7.589400000000000000000000000000e+04 1.500000000000000000000000000000e+01
4.200000000000000000000000000000e+01 2.600000000000000000000000000000e+01 1.827800000000000000000000000000e+04 1.600000000000000000000000000000e+01
4.800000000000000000000000000000e+01 2.080000000000000000000000000000e+02 9.042384000000000000000000000000e+06 1.700000000000000000000000000000e+01
4.900000000000000000000000000000e+01 5.000000000000000000000000000000e+02 1.252505000000000000000000000000e+08 1.800000000000000000000000000000e+01
5.000000000000000000000000000000e+01 1.900000000000000000000000000000e+01 7.239000000000000000000000000000e+03 1.900000000000000000000000000000e+01
5.300000000000000000000000000000e+01 4.400000000000000000000000000000e+01 8.716400000000000000000000000000e+04 2.000000000000000000000000000000e+01
5.500000000000000000000000000000e+01 3.200000000000000000000000000000e+01 3.382400000000000000000000000000e+04 2.100000000000000000000000000000e+01
5.700000000000000000000000000000e+01 5.300000000000000000000000000000e+01 1.517390000000000000000000000000e+05 2.200000000000000000000000000000e+01
5.800000000000000000000000000000e+01 3.900000000000000000000000000000e+01 6.087900000000000000000000000000e+04 2.300000000000000000000000000000e+01
5.900000000000000000000000000000e+01 3.100000000000000000000000000000e+01 3.078300000000000000000000000000e+04 2.400000000000000000000000000000e+01
6.000000000000000000000000000000e+01 3.860000000000000000000000000000e+02 5.766183800000000000000000000000e+07 2.500000000000000000000000000000e+01
6.100000000000000000000000000000e+01 6.400000000000000000000000000000e+01 2.663040000000000000000000000000e+05 2.600000000000000000000000000000e+01
6.400000000000000000000000000000e+01 3.480000000000000000000000000000e+02 4.226564400000000000000000000000e+07 2.700000000000000000000000000000e+01
6.500000000000000000000000000000e+01 6.700000000000000000000000000000e+01 3.053190000000000000000000000000e+05 2.800000000000000000000000000000e+01
6.600000000000000000000000000000e+01 1.700000000000000000000000000000e+01 5.219000000000000000000000000000e+03 2.900000000000000000000000000000e+01
6.800000000000000000000000000000e+01 5.000000000000000000000000000000e+00 1.550000000000000000000000000000e+02 3.000000000000000000000000000000e+01
7.000000000000000000000000000000e+01 2.520000000000000000000000000000e+02 1.606676400000000000000000000000e+07 3.100000000000000000000000000000e+01
7.200000000000000000000000000000e+01 5.100000000000000000000000000000e+01 1.353030000000000000000000000000e+05 3.200000000000000000000000000000e+01
7.300000000000000000000000000000e+01 2.480000000000000000000000000000e+02 1.531474400000000000000000000000e+07 3.300000000000000000000000000000e+01
7.400000000000000000000000000000e+01 1.150000000000000000000000000000e+02 1.534215000000000000000000000000e+06 3.400000000000000000000000000000e+01
7.700000000000000000000000000000e+01 1.400000000000000000000000000000e+01 2.954000000000000000000000000000e+03 3.500000000000000000000000000000e+01
7.800000000000000000000000000000e+01 4.000000000000000000000000000000e+01 6.564000000000000000000000000000e+04 3.600000000000000000000000000000e+01
7.900000000000000000000000000000e+01 1.500000000000000000000000000000e+02 3.397650000000000000000000000000e+06 3.700000000000000000000000000000e+01
8.000000000000000000000000000000e+01 3.220000000000000000000000000000e+02 3.349025400000000000000000000000e+07 3.800000000000000000000000000000e+01
8.100000000000000000000000000000e+01 1.130000000000000000000000000000e+02 1.455779000000000000000000000000e+06 3.900000000000000000000000000000e+01
8.200000000000000000000000000000e+01 2.500000000000000000000000000000e+02 1.568775000000000000000000000000e+07 4.000000000000000000000000000000e+01
8.300000000000000000000000000000e+01 2.600000000000000000000000000000e+01 1.827800000000000000000000000000e+04 4.100000000000000000000000000000e+01
8.600000000000000000000000000000e+01 1.000000000000000000000000000000e+00 3.000000000000000000000000000000e+00 4.200000000000000000000000000000e+01
8.700000000000000000000000000000e+01 2.490000000000000000000000000000e+02 1.550049900000000000000000000000e+07 4.300000000000000000000000000000e+01
9.000000000000000000000000000000e+01 9.300000000000000000000000000000e+01 8.130990000000000000000000000000e+05 4.400000000000000000000000000000e+01
9.400000000000000000000000000000e+01 1.710000000000000000000000000000e+02 5.029623000000000000000000000000e+06 4.500000000000000000000000000000e+01
9.600000000000000000000000000000e+01 7.300000000000000000000000000000e+01 3.944190000000000000000000000000e+05 4.600000000000000000000000000000e+01
9.700000000000000000000000000000e+01 5.000000000000000000000000000000e+00 1.550000000000000000000000000000e+02 4.700000000000000000000000000000e+01
9.800000000000000000000000000000e+01 1.810000000000000000000000000000e+02 5.962683000000000000000000000000e+06 4.800000000000000000000000000000e+01
9.900000000000000000000000000000e+01 7.500000000000000000000000000000e+01 4.275750000000000000000000000000e+05 4.900000000000000000000000000000e+01
1.010000000000000000000000000000e+02 2.750000000000000000000000000000e+02 2.087277500000000000000000000000e+07 5.000000000000000000000000000000e+01
1.030000000000000000000000000000e+02 1.300000000000000000000000000000e+01 2.379000000000000000000000000000e+03 5.100000000000000000000000000000e+01
1.040000000000000000000000000000e+02 1.100000000000000000000000000000e+01 1.463000000000000000000000000000e+03 5.200000000000000000000000000000e+01
1.050000000000000000000000000000e+02 5.200000000000000000000000000000e+01 1.433640000000000000000000000000e+05 5.300000000000000000000000000000e+01
1.090000000000000000000000000000e+02 3.580000000000000000000000000000e+02 4.601123400000000000000000000000e+07 5.400000000000000000000000000000e+01
1.110000000000000000000000000000e+02 1.620000000000000000000000000000e+02 4.277934000000000000000000000000e+06 5.500000000000000000000000000000e+01
1.120000000000000000000000000000e+02 1.000000000000000000000000000000e+02 1.010100000000000000000000000000e+06 5.600000000000000000000000000000e+01
1.150000000000000000000000000000e+02 4.900000000000000000000000000000e+01 1.200990000000000000000000000000e+05 5.700000000000000000000000000000e+01
1.230000000000000000000000000000e+02 7.500000000000000000000000000000e+01 4.275750000000000000000000000000e+05 5.800000000000000000000000000000e+01
1.250000000000000000000000000000e+02 2.400000000000000000000000000000e+01 1.442400000000000000000000000000e+04 5.900000000000000000000000000000e+01
1.270000000000000000000000000000e+02 7.100000000000000000000000000000e+01 3.630230000000000000000000000000e+05 6.000000000000000000000000000000e+01
1.280000000000000000000000000000e+02 9.700000000000000000000000000000e+01 9.221790000000000000000000000000e+05 6.100000000000000000000000000000e+01
1.290000000000000000000000000000e+02 2.400000000000000000000000000000e+01 1.442400000000000000000000000000e+04 6.200000000000000000000000000000e+01
1.300000000000000000000000000000e+02 6.900000000000000000000000000000e+01 3.333390000000000000000000000000e+05 6.300000000000000000000000000000e+01
1.310000000000000000000000000000e+02 1.840000000000000000000000000000e+02 6.263544000000000000000000000000e+06 6.400000000000000000000000000000e+01
1.330000000000000000000000000000e+02 8.400000000000000000000000000000e+01 5.998440000000000000000000000000e+05 6.500000000000000000000000000000e+01
1.350000000000000000000000000000e+02 7.300000000000000000000000000000e+01 3.944190000000000000000000000000e+05 6.600000000000000000000000000000e+01
1.370000000000000000000000000000e+02 2.400000000000000000000000000000e+01 1.442400000000000000000000000000e+04 6.700000000000000000000000000000e+01
1.380000000000000000000000000000e+02 2.100000000000000000000000000000e+01 9.723000000000000000000000000000e+03 6.800000000000000000000000000000e+01
1.400000000000000000000000000000e+02 1.370000000000000000000000000000e+02 2.590259000000000000000000000000e+06 6.900000000000000000000000000000e+01
1.430000000000000000000000000000e+02 6.500000000000000000000000000000e+01 2.789150000000000000000000000000e+05 7.000000000000000000000000000000e+01
1.440000000000000000000000000000e+02 1.320000000000000000000000000000e+02 2.317524000000000000000000000000e+06 7.100000000000000000000000000000e+01
1.460000000000000000000000000000e+02 4.400000000000000000000000000000e+01 8.716400000000000000000000000000e+04 7.200000000000000000000000000000e+01
1.480000000000000000000000000000e+02 5.600000000000000000000000000000e+01 1.788080000000000000000000000000e+05 7.300000000000000000000000000000e+01
1.510000000000000000000000000000e+02 7.500000000000000000000000000000e+01 4.275750000000000000000000000000e+05 7.400000000000000000000000000000e+01
1.560000000000000000000000000000e+02 1.300000000000000000000000000000e+01 2.379000000000000000000000000000e+03 7.500000000000000000000000000000e+01
1.570000000000000000000000000000e+02 5.000000000000000000000000000000e+00 1.550000000000000000000000000000e+02 7.600000000000000000000000000000e+01
1.580000000000000000000000000000e+02 1.970000000000000000000000000000e+02 7.684379000000000000000000000000e+06 7.700000000000000000000000000000e+01
1.600000000000000000000000000000e+02 2.250000000000000000000000000000e+02 1.144147500000000000000000000000e+07 7.800000000000000000000000000000e+01
1.620000000000000000000000000000e+02 1.390000000000000000000000000000e+02 2.705079000000000000000000000000e+06 7.900000000000000000000000000000e+01
1.640000000000000000000000000000e+02 2.020000000000000000000000000000e+02 8.283414000000000000000000000000e+06 8.000000000000000000000000000000e+01
1.650000000000000000000000000000e+02 1.380000000000000000000000000000e+02 2.647254000000000000000000000000e+06 8.100000000000000000000000000000e+01
1.660000000000000000000000000000e+02 1.720000000000000000000000000000e+02 5.118204000000000000000000000000e+06 8.200000000000000000000000000000e+01
1.670000000000000000000000000000e+02 7.900000000000000000000000000000e+01 4.993590000000000000000000000000e+05 8.300000000000000000000000000000e+01
1.680000000000000000000000000000e+02 1.050000000000000000000000000000e+02 1.168755000000000000000000000000e+06 8.400000000000000000000000000000e+01
1.690000000000000000000000000000e+02 1.900000000000000000000000000000e+01 7.239000000000000000000000000000e+03 8.500000000000000000000000000000e+01
1.710000000000000000000000000000e+02 5.700000000000000000000000000000e+01 1.884990000000000000000000000000e+05 8.600000000000000000000000000000e+01
1.730000000000000000000000000000e+02 3.000000000000000000000000000000e+01 2.793000000000000000000000000000e+04 8.700000000000000000000000000000e+01
1.740000000000000000000000000000e+02 4.500000000000000000000000000000e+01 9.319500000000000000000000000000e+04 8.800000000000000000000000000000e+01
1.750000000000000000000000000000e+02 1.000000000000000000000000000000e+00 3.000000000000000000000000000000e+00 8.900000000000000000000000000000e+01
1.810000000000000000000000000000e+02 1.000000000000000000000000000000e+00 3.000000000000000000000000000000e+00 9.000000000000000000000000000000e+01
1.830000000000000000000000000000e+02 5.500000000000000000000000000000e+01 1.694550000000000000000000000000e+05 9.100000000000000000000000000000e+01
1.840000000000000000000000000000e+02 1.790000000000000000000000000000e+02 5.767559000000000000000000000000e+06 9.200000000000000000000000000000e+01
1.850000000000000000000000000000e+02 3.140000000000000000000000000000e+02 3.105805400000000000000000000000e+07 9.300000000000000000000000000000e+01
1.870000000000000000000000000000e+02 3.900000000000000000000000000000e+01 6.087900000000000000000000000000e+04 9.400000000000000000000000000000e+01
1.880000000000000000000000000000e+02 5.000000000000000000000000000000e+01 1.275500000000000000000000000000e+05 9.500000000000000000000000000000e+01
1.890000000000000000000000000000e+02 1.220000000000000000000000000000e+02 1.830854000000000000000000000000e+06 9.600000000000000000000000000000e+01
1.900000000000000000000000000000e+02 3.200000000000000000000000000000e+01 3.382400000000000000000000000000e+04 9.700000000000000000000000000000e+01
1.910000000000000000000000000000e+02 2.420000000000000000000000000000e+02 1.423129400000000000000000000000e+07 9.800000000000000000000000000000e+01
1.930000000000000000000000000000e+02 2.960000000000000000000000000000e+02 2.602224800000000000000000000000e+07 9.900000000000000000000000000000e+01
