0.000000000000000000000000000000e+00 1.000000000000000000000000000000e+03 1.000000000000000000000000000000e+03 0.000000000000000000000000000000e+00
9.990000000000000000000000000000e+02 4.000000000000000000000000000000e+03 4.000000000000000000000000000000e+03 1.000000000000000000000000000000e+00
4.998000000000000000000000000000e+03 8.000000000000000000000000000000e+03 8.000000000000000000000000000000e+03 2.000000000000000000000000000000e+00
1.299700000000000000000000000000e+04 3.200000000000000000000000000000e+04 3.200000000000000000000000000000e+04 3.000000000000000000000000000000e+00
4.499600000000000000000000000000e+04 6.400000000000000000000000000000e+04 6.400000000000000000000000000000e+04 4.000000000000000000000000000000e+00
1.089950000000000000000000000000e+05 1.280000000000000000000000000000e+05 1.280000000000000000000000000000e+05 5.000000000000000000000000000000e+00
2.369940000000000000000000000000e+05 5.120000000000000000000000000000e+05 5.120000000000000000000000000000e+05 6.000000000000000000000000000000e+00
7.489930000000000000000000000000e+05 2.048000000000000000000000000000e+06 2.048000000000000000000000000000e+06 7.000000000000000000000000000000e+00
2.796992000000000000000000000000e+06 8.192000000000000000000000000000e+06 8.192000000000000000000000000000e+06 8.000000000000000000000000000000e+00
1.098899100000000000000000000000e+07 1.638400000000000000000000000000e+07 1.638400000000000000000000000000e+07 9.000000000000000000000000000000e+00
2.737299000000000000000000000000e+07 6.553600000000000000000000000000e+07 6.553600000000000000000000000000e+07 1.000000000000000000000000000000e+01
9.290898900000000000000000000000e+07 2.621440000000000000000000000000e+08 2.621440000000000000000000000000e+08 1.100000000000000000000000000000e+01
3.550529880000000000000000000000e+08 1.048576000000000000000000000000e+09 1.048576000000000000000000000000e+09 1.200000000000000000000000000000e+01
1.403628987000000000000000000000e+09 4.194304000000000000000000000000e+09 4.194304000000000000000000000000e+09 1.300000000000000000000000000000e+01
5.597932986000000000000000000000e+09 8.388608000000000000000000000000e+09 8.388608000000000000000000000000e+09 1.400000000000000000000000000000e+01
1.000000000000000000000000000000e+00 9.990000000000000000000000000000e+02 9.990000000000000000000000000000e+02 1.500000000000000000000000000000e+01
1.000000000000000000000000000000e+03 3.999000000000000000000000000000e+03 3.999000000000000000000000000000e+03 1.600000000000000000000000000000e+01
4.999000000000000000000000000000e+03 7.999000000000000000000000000000e+03 7.999000000000000000000000000000e+03 1.700000000000000000000000000000e+01
1.299800000000000000000000000000e+04 3.199900000000000000000000000000e+04 3.199900000000000000000000000000e+04 1.800000000000000000000000000000e+01
4.499700000000000000000000000000e+04 6.399900000000000000000000000000e+04 6.399900000000000000000000000000e+04 1.900000000000000000000000000000e+01
1.089960000000000000000000000000e+05 1.279990000000000000000000000000e+05 1.279990000000000000000000000000e+05 2.000000000000000000000000000000e+01
2.369950000000000000000000000000e+05 5.119990000000000000000000000000e+05 5.119990000000000000000000000000e+05 2.100000000000000000000000000000e+01
7.489940000000000000000000000000e+05 2.047999000000000000000000000000e+06 2.047999000000000000000000000000e+06 2.200000000000000000000000000000e+01
2.796993000000000000000000000000e+06 8.191999000000000000000000000000e+06 8.191999000000000000000000000000e+06 2.300000000000000000000000000000e+01
1.098899200000000000000000000000e+07 1.638399900000000000000000000000e+07 1.638399900000000000000000000000e+07 2.400000000000000000000000000000e+01
2.737299100000000000000000000000e+07 6.553599900000000000000000000000e+07 6.553599900000000000000000000000e+07 2.500000000000000000000000000000e+01
9.290899000000000000000000000000e+07 2.621439990000000000000000000000e+08 2.621439990000000000000000000000e+08 2.600000000000000000000000000000e+01
3.550529890000000000000000000000e+08 1.048575999000000000000000000000e+09 1.048575999000000000000000000000e+09 2.700000000000000000000000000000e+01
1.403628988000000000000000000000e+09 4.194303999000000000000000000000e+09 4.194303999000000000000000000000e+09 2.800000000000000000000000000000e+01
5.597932987000000000000000000000e+09 8.388607998000000000000000000000e+09 8.388607998000000000000000000000e+09 2.900000000000000000000000000000e+01
1.398654098500000000000000000000e+10 3.355443199900000000000000000000e+10 3.355443199900000000000000000000e+10 3.000000000000000000000000000000e+01
