0.000000000000000000000000000000e+00 1.000000000000000000000000000000e+03 1.000000000000000000000000000000e+03 0.000000000000000000000000000000e+00
9.990000000000000000000000000000e+02 2.000000000000000000000000000000e+03 2.000000000000000000000000000000e+03 1.000000000000000000000000000000e+00
2.998000000000000000000000000000e+03 8.000000000000000000000000000000e+03 8.000000000000000000000000000000e+03 2.000000000000000000000000000000e+00
1.099700000000000000000000000000e+04 1.600000000000000000000000000000e+04 1.600000000000000000000000000000e+04 3.000000000000000000000000000000e+00
2.699600000000000000000000000000e+04 3.200000000000000000000000000000e+04 3.200000000000000000000000000000e+04 4.000000000000000000000000000000e+00
5.899500000000000000000000000000e+04 6.400000000000000000000000000000e+04 6.400000000000000000000000000000e+04 5.000000000000000000000000000000e+00
1.229940000000000000000000000000e+05 2.560000000000000000000000000000e+05 2.560000000000000000000000000000e+05 6.000000000000000000000000000000e+00
3.789930000000000000000000000000e+05 1.024000000000000000000000000000e+06 1.024000000000000000000000000000e+06 7.000000000000000000000000000000e+00
1.402992000000000000000000000000e+06 2.048000000000000000000000000000e+06 2.048000000000000000000000000000e+06 8.000000000000000000000000000000e+00
3.450991000000000000000000000000e+06 4.096000000000000000000000000000e+06 4.096000000000000000000000000000e+06 9.000000000000000000000000000000e+00
7.546990000000000000000000000000e+06 8.192000000000000000000000000000e+06 8.192000000000000000000000000000e+06 1.000000000000000000000000000000e+01
1.573898900000000000000000000000e+07 1.638400000000000000000000000000e+07 1.638400000000000000000000000000e+07 1.100000000000000000000000000000e+01
3.212298800000000000000000000000e+07 6.553600000000000000000000000000e+07 6.553600000000000000000000000000e+07 1.200000000000000000000000000000e+01
9.765898700000000000000000000000e+07 2.621440000000000000000000000000e+08 2.621440000000000000000000000000e+08 1.300000000000000000000000000000e+01
3.598029860000000000000000000000e+08 5.242880000000000000000000000000e+08 5.242880000000000000000000000000e+08 1.400000000000000000000000000000e+01
1.000000000000000000000000000000e+00 9.990000000000000000000000000000e+02 9.990000000000000000000000000000e+02 1.500000000000000000000000000000e+01
1.000000000000000000000000000000e+03 1.999000000000000000000000000000e+03 1.999000000000000000000000000000e+03 1.600000000000000000000000000000e+01
2.999000000000000000000000000000e+03 7.999000000000000000000000000000e+03 7.999000000000000000000000000000e+03 1.700000000000000000000000000000e+01
1.099800000000000000000000000000e+04 1.599900000000000000000000000000e+04 1.599900000000000000000000000000e+04 1.800000000000000000000000000000e+01
2.699700000000000000000000000000e+04 3.199900000000000000000000000000e+04 3.199900000000000000000000000000e+04 1.900000000000000000000000000000e+01
5.899600000000000000000000000000e+04 6.399900000000000000000000000000e+04 6.399900000000000000000000000000e+04 2.000000000000000000000000000000e+01
1.229950000000000000000000000000e+05 2.559990000000000000000000000000e+05 2.559990000000000000000000000000e+05 2.100000000000000000000000000000e+01
3.789940000000000000000000000000e+05 1.023999000000000000000000000000e+06 1.023999000000000000000000000000e+06 2.200000000000000000000000000000e+01
1.402993000000000000000000000000e+06 2.047999000000000000000000000000e+06 2.047999000000000000000000000000e+06 2.300000000000000000000000000000e+01
3.450992000000000000000000000000e+06 4.095999000000000000000000000000e+06 4.095999000000000000000000000000e+06 2.400000000000000000000000000000e+01
7.546991000000000000000000000000e+06 8.191999000000000000000000000000e+06 8.191999000000000000000000000000e+06 2.500000000000000000000000000000e+01
1.573899000000000000000000000000e+07 1.638399900000000000000000000000e+07 1.638399900000000000000000000000e+07 2.600000000000000000000000000000e+01
3.212298900000000000000000000000e+07 6.553599900000000000000000000000e+07 6.553599900000000000000000000000e+07 2.700000000000000000000000000000e+01
9.765898800000000000000000000000e+07 2.621439990000000000000000000000e+08 2.621439990000000000000000000000e+08 2.800000000000000000000000000000e+01
3.598029870000000000000000000000e+08 5.242879980000000000000000000000e+08 5.242879980000000000000000000000e+08 2.900000000000000000000000000000e+01
8.840909850000000000000000000000e+08 1.048575999000000000000000000000e+09 1.048575999000000000000000000000e+09 3.000000000000000000000000000000e+01
