0.000000000000000000000000000000e+00 1.000000000000000000000000000000e+03 1.000000000000000000000000000000e+03 0.000000000000000000000000000000e+00
9.990000000000000000000000000000e+02 4.000000000000000000000000000000e+03 4.000000000000000000000000000000e+03 1.000000000000000000000000000000e+00
4.998000000000000000000000000000e+03 1.600000000000000000000000000000e+04 1.600000000000000000000000000000e+04 2.000000000000000000000000000000e+00
2.099700000000000000000000000000e+04 6.400000000000000000000000000000e+04 6.400000000000000000000000000000e+04 3.000000000000000000000000000000e+00
8.499600000000000000000000000000e+04 2.560000000000000000000000000000e+05 2.560000000000000000000000000000e+05 4.000000000000000000000000000000e+00
3.409950000000000000000000000000e+05 1.024000000000000000000000000000e+06 1.024000000000000000000000000000e+06 5.000000000000000000000000000000e+00
1.364994000000000000000000000000e+06 2.048000000000000000000000000000e+06 2.048000000000000000000000000000e+06 6.000000000000000000000000000000e+00
3.412993000000000000000000000000e+06 8.192000000000000000000000000000e+06 8.192000000000000000000000000000e+06 7.000000000000000000000000000000e+00
1.160499200000000000000000000000e+07 3.276800000000000000000000000000e+07 3.276800000000000000000000000000e+07 8.000000000000000000000000000000e+00
4.437299100000000000000000000000e+07 6.553600000000000000000000000000e+07 6.553600000000000000000000000000e+07 9.000000000000000000000000000000e+00
1.099089900000000000000000000000e+08 2.621440000000000000000000000000e+08 2.621440000000000000000000000000e+08 1.000000000000000000000000000000e+01
3.720529890000000000000000000000e+08 1.048576000000000000000000000000e+09 1.048576000000000000000000000000e+09 1.100000000000000000000000000000e+01
1.420628988000000000000000000000e+09 2.097152000000000000000000000000e+09 2.097152000000000000000000000000e+09 1.200000000000000000000000000000e+01
3.517780987000000000000000000000e+09 8.388608000000000000000000000000e+09 8.388608000000000000000000000000e+09 1.300000000000000000000000000000e+01
1.190638898600000000000000000000e+10 1.677721600000000000000000000000e+10 1.677721600000000000000000000000e+10 1.400000000000000000000000000000e+01
1.000000000000000000000000000000e+00 9.990000000000000000000000000000e+02 9.990000000000000000000000000000e+02 1.500000000000000000000000000000e+01
1.000000000000000000000000000000e+03 3.999000000000000000000000000000e+03 3.999000000000000000000000000000e+03 1.600000000000000000000000000000e+01
4.999000000000000000000000000000e+03 1.599900000000000000000000000000e+04 1.599900000000000000000000000000e+04 1.700000000000000000000000000000e+01
2.099800000000000000000000000000e+04 6.399900000000000000000000000000e+04 6.399900000000000000000000000000e+04 1.800000000000000000000000000000e+01
8.499700000000000000000000000000e+04 2.559990000000000000000000000000e+05 2.559990000000000000000000000000e+05 1.900000000000000000000000000000e+01
3.409960000000000000000000000000e+05 1.023999000000000000000000000000e+06 1.023999000000000000000000000000e+06 2.000000000000000000000000000000e+01
1.364995000000000000000000000000e+06 2.047999000000000000000000000000e+06 2.047999000000000000000000000000e+06 2.100000000000000000000000000000e+01
3.412994000000000000000000000000e+06 8.191999000000000000000000000000e+06 8.191999000000000000000000000000e+06 2.200000000000000000000000000000e+01
1.160499300000000000000000000000e+07 3.276799900000000000000000000000e+07 3.276799900000000000000000000000e+07 2.300000000000000000000000000000e+01
4.437299200000000000000000000000e+07 6.553599900000000000000000000000e+07 6.553599900000000000000000000000e+07 2.400000000000000000000000000000e+01
1.099089910000000000000000000000e+08 2.621439990000000000000000000000e+08 2.621439990000000000000000000000e+08 2.500000000000000000000000000000e+01
3.720529900000000000000000000000e+08 1.048575999000000000000000000000e+09 1.048575999000000000000000000000e+09 2.600000000000000000000000000000e+01
1.420628989000000000000000000000e+09 2.097151999000000000000000000000e+09 2.097151999000000000000000000000e+09 2.700000000000000000000000000000e+01
3.517780988000000000000000000000e+09 8.388607999000000000000000000000e+09 8.388607999000000000000000000000e+09 2.800000000000000000000000000000e+01
1.190638898700000000000000000000e+10 1.677721599800000000000000000000e+10 1.677721599800000000000000000000e+10 2.900000000000000000000000000000e+01
2.868360498500000000000000000000e+10 3.355443199900000000000000000000e+10 3.355443199900000000000000000000e+10 3.000000000000000000000000000000e+01
