0.000000000000000000000000000000e+00 1.000000000000000000000000000000e+03 1.000000000000000000000000000000e+03 0.000000000000000000000000000000e+00
9.990000000000000000000000000000e+02 4.000000000000000000000000000000e+03 4.000000000000000000000000000000e+03 1.000000000000000000000000000000e+00
4.998000000000000000000000000000e+03 8.000000000000000000000000000000e+03 8.000000000000000000000000000000e+03 2.000000000000000000000000000000e+00
1.299700000000000000000000000000e+04 1.600000000000000000000000000000e+04 1.600000000000000000000000000000e+04 3.000000000000000000000000000000e+00
2.899600000000000000000000000000e+04 6.400000000000000000000000000000e+04 6.400000000000000000000000000000e+04 4.000000000000000000000000000000e+00
9.299500000000000000000000000000e+04 2.560000000000000000000000000000e+05 2.560000000000000000000000000000e+05 5.000000000000000000000000000000e+00
3.489940000000000000000000000000e+05 5.120000000000000000000000000000e+05 5.120000000000000000000000000000e+05 6.000000000000000000000000000000e+00
8.609930000000000000000000000000e+05 1.024000000000000000000000000000e+06 1.024000000000000000000000000000e+06 7.000000000000000000000000000000e+00
1.884992000000000000000000000000e+06 4.096000000000000000000000000000e+06 4.096000000000000000000000000000e+06 8.000000000000000000000000000000e+00
5.980991000000000000000000000000e+06 8.192000000000000000000000000000e+06 8.192000000000000000000000000000e+06 9.000000000000000000000000000000e+00
1.417299000000000000000000000000e+07 3.276800000000000000000000000000e+07 3.276800000000000000000000000000e+07 1.000000000000000000000000000000e+01
4.694098900000000000000000000000e+07 1.310720000000000000000000000000e+08 1.310720000000000000000000000000e+08 1.100000000000000000000000000000e+01
1.780129880000000000000000000000e+08 2.621440000000000000000000000000e+08 2.621440000000000000000000000000e+08 1.200000000000000000000000000000e+01
4.401569870000000000000000000000e+08 5.242880000000000000000000000000e+08 5.242880000000000000000000000000e+08 1.300000000000000000000000000000e+01
9.644449860000000000000000000000e+08 1.048576000000000000000000000000e+09 1.048576000000000000000000000000e+09 1.400000000000000000000000000000e+01
1.000000000000000000000000000000e+00 9.990000000000000000000000000000e+02 9.990000000000000000000000000000e+02 1.500000000000000000000000000000e+01
1.000000000000000000000000000000e+03 3.999000000000000000000000000000e+03 3.999000000000000000000000000000e+03 1.600000000000000000000000000000e+01
4.999000000000000000000000000000e+03 7.999000000000000000000000000000e+03 7.999000000000000000000000000000e+03 1.700000000000000000000000000000e+01
1.299800000000000000000000000000e+04 1.599900000000000000000000000000e+04 1.599900000000000000000000000000e+04 1.800000000000000000000000000000e+01
2.899700000000000000000000000000e+04 6.399900000000000000000000000000e+04 6.399900000000000000000000000000e+04 1.900000000000000000000000000000e+01
9.299600000000000000000000000000e+04 2.559990000000000000000000000000e+05 2.559990000000000000000000000000e+05 2.000000000000000000000000000000e+01
3.489950000000000000000000000000e+05 5.119990000000000000000000000000e+05 5.119990000000000000000000000000e+05 2.100000000000000000000000000000e+01
8.609940000000000000000000000000e+05 1.023999000000000000000000000000e+06 1.023999000000000000000000000000e+06 2.200000000000000000000000000000e+01
1.884993000000000000000000000000e+06 4.095999000000000000000000000000e+06 4.095999000000000000000000000000e+06 2.300000000000000000000000000000e+01
5.980992000000000000000000000000e+06 8.191999000000000000000000000000e+06 8.191999000000000000000000000000e+06 2.400000000000000000000000000000e+01
1.417299100000000000000000000000e+07 3.276799900000000000000000000000e+07 3.276799900000000000000000000000e+07 2.500000000000000000000000000000e+01
4.694099000000000000000000000000e+07 1.310719990000000000000000000000e+08 1.310719990000000000000000000000e+08 2.600000000000000000000000000000e+01
1.780129890000000000000000000000e+08 2.621439990000000000000000000000e+08 2.621439990000000000000000000000e+08 2.700000000000000000000000000000e+01
4.401569880000000000000000000000e+08 5.242879990000000000000000000000e+08 5.242879990000000000000000000000e+08 2.800000000000000000000000000000e+01
9.644449870000000000000000000000e+08 1.048575998000000000000000000000e+09 1.048575998000000000000000000000e+09 2.900000000000000000000000000000e+01
2.013020985000000000000000000000e+09 2.097151999000000000000000000000e+09 2.097151999000000000000000000000e+09 3.000000000000000000000000000000e+01
