0.000000000000000000000000000000e+00 1.000000000000000000000000000000e+03 1.000000000000000000000000000000e+03 0.000000000000000000000000000000e+00
9.990000000000000000000000000000e+02 4.000000000000000000000000000000e+03 4.000000000000000000000000000000e+03 1.000000000000000000000000000000e+00
4.998000000000000000000000000000e+03 1.600000000000000000000000000000e+04 1.600000000000000000000000000000e+04 2.000000000000000000000000000000e+00
2.099700000000000000000000000000e+04 6.400000000000000000000000000000e+04 6.400000000000000000000000000000e+04 3.000000000000000000000000000000e+00
8.499600000000000000000000000000e+04 2.560000000000000000000000000000e+05 2.560000000000000000000000000000e+05 4.000000000000000000000000000000e+00
3.409950000000000000000000000000e+05 5.120000000000000000000000000000e+05 5.120000000000000000000000000000e+05 5.000000000000000000000000000000e+00
8.529940000000000000000000000000e+05 1.024000000000000000000000000000e+06 1.024000000000000000000000000000e+06 6.000000000000000000000000000000e+00
1.876993000000000000000000000000e+06 4.096000000000000000000000000000e+06 4.096000000000000000000000000000e+06 7.000000000000000000000000000000e+00
5.972992000000000000000000000000e+06 1.638400000000000000000000000000e+07 1.638400000000000000000000000000e+07 8.000000000000000000000000000000e+00
2.235699100000000000000000000000e+07 3.276800000000000000000000000000e+07 3.276800000000000000000000000000e+07 9.000000000000000000000000000000e+00
5.512499000000000000000000000000e+07 6.553600000000000000000000000000e+07 6.553600000000000000000000000000e+07 1.000000000000000000000000000000e+01
1.206609890000000000000000000000e+08 1.310720000000000000000000000000e+08 1.310720000000000000000000000000e+08 1.100000000000000000000000000000e+01
2.517329880000000000000000000000e+08 2.621440000000000000000000000000e+08 2.621440000000000000000000000000e+08 1.200000000000000000000000000000e+01
5.138769870000000000000000000000e+08 5.242880000000000000000000000000e+08 5.242880000000000000000000000000e+08 1.300000000000000000000000000000e+01
1.038164986000000000000000000000e+09 2.097152000000000000000000000000e+09 2.097152000000000000000000000000e+09 1.400000000000000000000000000000e+01
1.000000000000000000000000000000e+00 9.990000000000000000000000000000e+02 9.990000000000000000000000000000e+02 1.500000000000000000000000000000e+01
1.000000000000000000000000000000e+03 3.999000000000000000000000000000e+03 3.999000000000000000000000000000e+03 1.600000000000000000000000000000e+01
4.999000000000000000000000000000e+03 1.599900000000000000000000000000e+04 1.599900000000000000000000000000e+04 1.700000000000000000000000000000e+01
2.099800000000000000000000000000e+04 6.399900000000000000000000000000e+04 6.399900000000000000000000000000e+04 1.800000000000000000000000000000e+01
8.499700000000000000000000000000e+04 2.559990000000000000000000000000e+05 2.559990000000000000000000000000e+05 1.900000000000000000000000000000e+01
3.409960000000000000000000000000e+05 5.119990000000000000000000000000e+05 5.119990000000000000000000000000e+05 2.000000000000000000000000000000e+01
8.529950000000000000000000000000e+05 1.023999000000000000000000000000e+06 1.023999000000000000000000000000e+06 2.100000000000000000000000000000e+01
1.876994000000000000000000000000e+06 4.095999000000000000000000000000e+06 4.095999000000000000000000000000e+06 2.200000000000000000000000000000e+01
5.972993000000000000000000000000e+06 1.638399900000000000000000000000e+07 1.638399900000000000000000000000e+07 2.300000000000000000000000000000e+01
2.235699200000000000000000000000e+07 3.276799900000000000000000000000e+07 3.276799900000000000000000000000e+07 2.400000000000000000000000000000e+01
5.512499100000000000000000000000e+07 6.553599900000000000000000000000e+07 6.553599900000000000000000000000e+07 2.500000000000000000000000000000e+01
1.206609900000000000000000000000e+08 1.310719990000000000000000000000e+08 1.310719990000000000000000000000e+08 2.600000000000000000000000000000e+01
2.517329890000000000000000000000e+08 2.621439990000000000000000000000e+08 2.621439990000000000000000000000e+08 2.700000000000000000000000000000e+01
5.138769880000000000000000000000e+08 5.242879990000000000000000000000e+08 5.242879990000000000000000000000e+08 2.800000000000000000000000000000e+01
1.038164987000000000000000000000e+09 2.097151998000000000000000000000e+09 2.097151998000000000000000000000e+09 2.900000000000000000000000000000e+01
3.135316985000000000000000000000e+09 8.388607999000000000000000000000e+09 8.388607999000000000000000000000e+09 3.000000000000000000000000000000e+01
