0.000000000000000000000000000000e+00 1.000000000000000000000000000000e+03 1.000000000000000000000000000000e+03 0.000000000000000000000000000000e+00
9.990000000000000000000000000000e+02 2.000000000000000000000000000000e+03 2.000000000000000000000000000000e+03 1.000000000000000000000000000000e+00
2.998000000000000000000000000000e+03 4.000000000000000000000000000000e+03 4.000000000000000000000000000000e+03 2.000000000000000000000000000000e+00
6.997000000000000000000000000000e+03 1.600000000000000000000000000000e+04 1.600000000000000000000000000000e+04 3.000000000000000000000000000000e+00
2.299600000000000000000000000000e+04 3.200000000000000000000000000000e+04 3.200000000000000000000000000000e+04 4.000000000000000000000000000000e+00
5.499500000000000000000000000000e+04 6.400000000000000000000000000000e+04 6.400000000000000000000000000000e+04 5.000000000000000000000000000000e+00
1.189940000000000000000000000000e+05 1.280000000000000000000000000000e+05 1.280000000000000000000000000000e+05 6.000000000000000000000000000000e+00
2.469930000000000000000000000000e+05 5.120000000000000000000000000000e+05 5.120000000000000000000000000000e+05 7.000000000000000000000000000000e+00
7.589920000000000000000000000000e+05 2.048000000000000000000000000000e+06 2.048000000000000000000000000000e+06 8.000000000000000000000000000000e+00
2.806991000000000000000000000000e+06 8.192000000000000000000000000000e+06 8.192000000000000000000000000000e+06 9.000000000000000000000000000000e+00
1.099899000000000000000000000000e+07 3.276800000000000000000000000000e+07 3.276800000000000000000000000000e+07 1.000000000000000000000000000000e+01
4.376698900000000000000000000000e+07 1.310720000000000000000000000000e+08 1.310720000000000000000000000000e+08 1.100000000000000000000000000000e+01
1.748389880000000000000000000000e+08 2.621440000000000000000000000000e+08 2.621440000000000000000000000000e+08 1.200000000000000000000000000000e+01
4.369829870000000000000000000000e+08 1.048576000000000000000000000000e+09 1.048576000000000000000000000000e+09 1.300000000000000000000000000000e+01
1.485558986000000000000000000000e+09 4.194304000000000000000000000000e+09 4.194304000000000000000000000000e+09 1.400000000000000000000000000000e+01
1.000000000000000000000000000000e+00 9.990000000000000000000000000000e+02 9.990000000000000000000000000000e+02 1.500000000000000000000000000000e+01
1.000000000000000000000000000000e+03 1.999000000000000000000000000000e+03 1.999000000000000000000000000000e+03 1.600000000000000000000000000000e+01
2.999000000000000000000000000000e+03 3.999000000000000000000000000000e+03 3.999000000000000000000000000000e+03 1.700000000000000000000000000000e+01
6.998000000000000000000000000000e+03 1.599900000000000000000000000000e+04 1.599900000000000000000000000000e+04 1.800000000000000000000000000000e+01
2.299700000000000000000000000000e+04 3.199900000000000000000000000000e+04 3.199900000000000000000000000000e+04 1.900000000000000000000000000000e+01
5.499600000000000000000000000000e+04 6.399900000000000000000000000000e+04 6.399900000000000000000000000000e+04 2.000000000000000000000000000000e+01
1.189950000000000000000000000000e+05 1.279990000000000000000000000000e+05 1.279990000000000000000000000000e+05 2.100000000000000000000000000000e+01
2.469940000000000000000000000000e+05 5.119990000000000000000000000000e+05 5.119990000000000000000000000000e+05 2.200000000000000000000000000000e+01
7.589930000000000000000000000000e+05 2.047999000000000000000000000000e+06 2.047999000000000000000000000000e+06 2.300000000000000000000000000000e+01
2.806992000000000000000000000000e+06 8.191999000000000000000000000000e+06 8.191999000000000000000000000000e+06 2.400000000000000000000000000000e+01
1.099899100000000000000000000000e+07 3.276799900000000000000000000000e+07 3.276799900000000000000000000000e+07 2.500000000000000000000000000000e+01
4.376699000000000000000000000000e+07 1.310719990000000000000000000000e+08 1.310719990000000000000000000000e+08 2.600000000000000000000000000000e+01
1.748389890000000000000000000000e+08 2.621439990000000000000000000000e+08 2.621439990000000000000000000000e+08 2.700000000000000000000000000000e+01
4.369829880000000000000000000000e+08 1.048575999000000000000000000000e+09 1.048575999000000000000000000000e+09 2.800000000000000000000000000000e+01
1.485558987000000000000000000000e+09 4.194303998000000000000000000000e+09 4.194303998000000000000000000000e+09 2.900000000000000000000000000000e+01
5.679862985000000000000000000000e+09 8.388607999000000000000000000000e+09 8.388607999000000000000000000000e+09 3.000000000000000000000000000000e+01
