0.000000000000000000000000000000e+00 1.000000000000000000000000000000e+03 1.000000000000000000000000000000e+03 0.000000000000000000000000000000e+00
9.990000000000000000000000000000e+02 2.000000000000000000000000000000e+03 2.000000000000000000000000000000e+03 1.000000000000000000000000000000e+00
2.998000000000000000000000000000e+03 4.000000000000000000000000000000e+03 4.000000000000000000000000000000e+03 2.000000000000000000000000000000e+00
6.997000000000000000000000000000e+03 8.000000000000000000000000000000e+03 8.000000000000000000000000000000e+03 3.000000000000000000000000000000e+00
1.499600000000000000000000000000e+04 1.600000000000000000000000000000e+04 1.600000000000000000000000000000e+04 4.000000000000000000000000000000e+00
3.099500000000000000000000000000e+04 3.200000000000000000000000000000e+04 3.200000000000000000000000000000e+04 5.000000000000000000000000000000e+00
6.299400000000000000000000000000e+04 6.400000000000000000000000000000e+04 6.400000000000000000000000000000e+04 6.000000000000000000000000000000e+00
1.269930000000000000000000000000e+05 1.280000000000000000000000000000e+05 1.280000000000000000000000000000e+05 7.000000000000000000000000000000e+00
2.549920000000000000000000000000e+05 5.120000000000000000000000000000e+05 5.120000000000000000000000000000e+05 8.000000000000000000000000000000e+00
7.669910000000000000000000000000e+05 2.048000000000000000000000000000e+06 2.048000000000000000000000000000e+06 9.000000000000000000000000000000e+00
2.814990000000000000000000000000e+06 8.192000000000000000000000000000e+06 8.192000000000000000000000000000e+06 1.000000000000000000000000000000e+01
1.100698900000000000000000000000e+07 3.276800000000000000000000000000e+07 3.276800000000000000000000000000e+07 1.100000000000000000000000000000e+01
4.377498800000000000000000000000e+07 1.310720000000000000000000000000e+08 1.310720000000000000000000000000e+08 1.200000000000000000000000000000e+01
1.748469870000000000000000000000e+08 2.621440000000000000000000000000e+08 2.621440000000000000000000000000e+08 1.300000000000000000000000000000e+01
4.369909860000000000000000000000e+08 5.242880000000000000000000000000e+08 5.242880000000000000000000000000e+08 1.400000000000000000000000000000e+01
1.000000000000000000000000000000e+00 9.990000000000000000000000000000e+02 9.990000000000000000000000000000e+02 1.500000000000000000000000000000e+01
1.000000000000000000000000000000e+03 1.999000000000000000000000000000e+03 1.999000000000000000000000000000e+03 1.600000000000000000000000000000e+01
2.999000000000000000000000000000e+03 3.999000000000000000000000000000e+03 3.999000000000000000000000000000e+03 1.700000000000000000000000000000e+01
6.998000000000000000000000000000e+03 7.999000000000000000000000000000e+03 7.999000000000000000000000000000e+03 1.800000000000000000000000000000e+01
1.499700000000000000000000000000e+04 1.599900000000000000000000000000e+04 1.599900000000000000000000000000e+04 1.900000000000000000000000000000e+01
3.099600000000000000000000000000e+04 3.199900000000000000000000000000e+04 3.199900000000000000000000000000e+04 2.000000000000000000000000000000e+01
6.299500000000000000000000000000e+04 6.399900000000000000000000000000e+04 6.399900000000000000000000000000e+04 2.100000000000000000000000000000e+01
1.269940000000000000000000000000e+05 1.279990000000000000000000000000e+05 1.279990000000000000000000000000e+05 2.200000000000000000000000000000e+01
2.549930000000000000000000000000e+05 5.119990000000000000000000000000e+05 5.119990000000000000000000000000e+05 2.300000000000000000000000000000e+01
7.669920000000000000000000000000e+05 2.047999000000000000000000000000e+06 2.047999000000000000000000000000e+06 2.400000000000000000000000000000e+01
2.814991000000000000000000000000e+06 8.191999000000000000000000000000e+06 8.191999000000000000000000000000e+06 2.500000000000000000000000000000e+01
1.100699000000000000000000000000e+07 3.276799900000000000000000000000e+07 3.276799900000000000000000000000e+07 2.600000000000000000000000000000e+01
4.377498900000000000000000000000e+07 1.310719990000000000000000000000e+08 1.310719990000000000000000000000e+08 2.700000000000000000000000000000e+01
1.748469880000000000000000000000e+08 2.621439990000000000000000000000e+08 2.621439990000000000000000000000e+08 2.800000000000000000000000000000e+01
4.369909870000000000000000000000e+08 5.242879980000000000000000000000e+08 5.242879980000000000000000000000e+08 2.900000000000000000000000000000e+01
9.612789850000000000000000000000e+08 2.097151999000000000000000000000e+09 2.097151999000000000000000000000e+09 3.000000000000000000000000000000e+01
