2.000000000000000000000000000000e+00 1.500000000000000000000000000000e+01 2.250000000000000000000000000000e+02 0.000000000000000000000000000000e+00
1.500000000000000000000000000000e+01 1.700000000000000000000000000000e+01 2.890000000000000000000000000000e+02 1.000000000000000000000000000000e+00
2.200000000000000000000000000000e+01 1.400000000000000000000000000000e+01 1.960000000000000000000000000000e+02 2.000000000000000000000000000000e+00
2.500000000000000000000000000000e+01 1.300000000000000000000000000000e+01 1.690000000000000000000000000000e+02 3.000000000000000000000000000000e+00
3.100000000000000000000000000000e+01 9.000000000000000000000000000000e+00 8.100000000000000000000000000000e+01 4.000000000000000000000000000000e+00
4.200000000000000000000000000000e+01 1.100000000000000000000000000000e+01 1.210000000000000000000000000000e+02 5.000000000000000000000000000000e+00
4.300000000000000000000000000000e+01 9.000000000000000000000000000000e+00 8.100000000000000000000000000000e+01 6.000000000000000000000000000000e+00
6.100000000000000000000000000000e+01 1.500000000000000000000000000000e+01 2.250000000000000000000000000000e+02 7.000000000000000000000000000000e+00
6.500000000000000000000000000000e+01 8.000000000000000000000000000000e+00 6.400000000000000000000000000000e+01 8.000000000000000000000000000000e+00
6.600000000000000000000000000000e+01 1.200000000000000000000000000000e+01 1.440000000000000000000000000000e+02 9.000000000000000000000000000000e+00
7.700000000000000000000000000000e+01 8.000000000000000000000000000000e+00 6.400000000000000000000000000000e+01 1.000000000000000000000000000000e+01
8.000000000000000000000000000000e+01 1.100000000000000000000000000000e+01 1.210000000000000000000000000000e+02 1.100000000000000000000000000000e+01
8.100000000000000000000000000000e+01 1.300000000000000000000000000000e+01 1.690000000000000000000000000000e+02 1.200000000000000000000000000000e+01
8.700000000000000000000000000000e+01 1.000000000000000000000000000000e+01 1.000000000000000000000000000000e+02 1.300000000000000000000000000000e+01
9.800000000000000000000000000000e+01 1.300000000000000000000000000000e+01 1.690000000000000000000000000000e+02 1.400000000000000000000000000000e+01
1.050000000000000000000000000000e+02 1.600000000000000000000000000000e+01 2.560000000000000000000000000000e+02 1.500000000000000000000000000000e+01
1.150000000000000000000000000000e+02 1.300000000000000000000000000000e+01 1.690000000000000000000000000000e+02 1.600000000000000000000000000000e+01
1.230000000000000000000000000000e+02 9.000000000000000000000000000000e+00 8.100000000000000000000000000000e+01 1.700000000000000000000000000000e+01
1.290000000000000000000000000000e+02 1.400000000000000000000000000000e+01 1.960000000000000000000000000000e+02 1.800000000000000000000000000000e+01
1.360000000000000000000000000000e+02 1.200000000000000000000000000000e+01 1.440000000000000000000000000000e+02 1.900000000000000000000000000000e+01
1.400000000000000000000000000000e+02 7.000000000000000000000000000000e+00 4.900000000000000000000000000000e+01 2.000000000000000000000000000000e+01
1.520000000000000000000000000000e+02 8.000000000000000000000000000000e+00 6.400000000000000000000000000000e+01 2.100000000000000000000000000000e+01
1.560000000000000000000000000000e+02 1.200000000000000000000000000000e+01 1.440000000000000000000000000000e+02 2.200000000000000000000000000000e+01
1.680000000000000000000000000000e+02 1.600000000000000000000000000000e+01 2.560000000000000000000000000000e+02 2.300000000000000000000000000000e+01
1.760000000000000000000000000000e+02 8.000000000000000000000000000000e+00 6.400000000000000000000000000000e+01 2.400000000000000000000000000000e+01
1.770000000000000000000000000000e+02 1.600000000000000000000000000000e+01 2.560000000000000000000000000000e+02 2.500000000000000000000000000000e+01
1.790000000000000000000000000000e+02 1.000000000000000000000000000000e+01 1.000000000000000000000000000000e+02 2.600000000000000000000000000000e+01
1.850000000000000000000000000000e+02 9.000000000000000000000000000000e+00 8.100000000000000000000000000000e+01 2.700000000000000000000000000000e+01
1.910000000000000000000000000000e+02 1.300000000000000000000000000000e+01 1.690000000000000000000000000000e+02 2.800000000000000000000000000000e+01
2.230000000000000000000000000000e+02 5.000000000000000000000000000000e+00 2.500000000000000000000000000000e+01 2.900000000000000000000000000000e+01
2.310000000000000000000000000000e+02 1.300000000000000000000000000000e+01 1.690000000000000000000000000000e+02 3.000000000000000000000000000000e+01
2.340000000000000000000000000000e+02 1.100000000000000000000000000000e+01 1.210000000000000000000000000000e+02 3.100000000000000000000000000000e+01
2.420000000000000000000000000000e+02 6.000000000000000000000000000000e+00 3.600000000000000000000000000000e+01 3.200000000000000000000000000000e+01
2.460000000000000000000000000000e+02 7.000000000000000000000000000000e+00 4.900000000000000000000000000000e+01 3.300000000000000000000000000000e+01
2.550000000000000000000000000000e+02 1.000000000000000000000000000000e+01 1.000000000000000000000000000000e+02 3.400000000000000000000000000000e+01
2.560000000000000000000000000000e+02 1.100000000000000000000000000000e+01 1.210000000000000000000000000000e+02 3.500000000000000000000000000000e+01
2.790000000000000000000000000000e+02 1.400000000000000000000000000000e+01 1.960000000000000000000000000000e+02 3.600000000000000000000000000000e+01
2.810000000000000000000000000000e+02 4.000000000000000000000000000000e+00 1.600000000000000000000000000000e+01 3.700000000000000000000000000000e+01
3.000000000000000000000000000000e+02 9.000000000000000000000000000000e+00 8.100000000000000000000000000000e+01 3.800000000000000000000000000000e+01
3.010000000000000000000000000000e+02 1.400000000000000000000000000000e+01 1.960000000000000000000000000000e+02 3.900000000000000000000000000000e+01
3.040000000000000000000000000000e+02 1.500000000000000000000000000000e+01 2.250000000000000000000000000000e+02 4.000000000000000000000000000000e+01
3.080000000000000000000000000000e+02 1.000000000000000000000000000000e+01 1.000000000000000000000000000000e+02 4.100000000000000000000000000000e+01
3.350000000000000000000000000000e+02 1.000000000000000000000000000000e+01 1.000000000000000000000000000000e+02 4.200000000000000000000000000000e+01
3.450000000000000000000000000000e+02 1.200000000000000000000000000000e+01 1.440000000000000000000000000000e+02 4.300000000000000000000000000000e+01
3.460000000000000000000000000000e+02 1.200000000000000000000000000000e+01 1.440000000000000000000000000000e+02 4.400000000000000000000000000000e+01
3.470000000000000000000000000000e+02 1.100000000000000000000000000000e+01 1.210000000000000000000000000000e+02 4.500000000000000000000000000000e+01
3.560000000000000000000000000000e+02 1.200000000000000000000000000000e+01 1.440000000000000000000000000000e+02 4.600000000000000000000000000000e+01
3.580000000000000000000000000000e+02 1.400000000000000000000000000000e+01 1.960000000000000000000000000000e+02 4.700000000000000000000000000000e+01
3.610000000000000000000000000000e+02 7.000000000000000000000000000000e+00 4.900000000000000000000000000000e+01 4.800000000000000000000000000000e+01
3.640000000000000000000000000000e+02 1.200000000000000000000000000000e+01 1.440000000000000000000000000000e+02 4.900000000000000000000000000000e+01
3.670000000000000000000000000000e+02 1.100000000000000000000000000000e+01 1.210000000000000000000000000000e+02 5.000000000000000000000000000000e+01
3.810000000000000000000000000000e+02 1.300000000000000000000000000000e+01 1.690000000000000000000000000000e+02 5.100000000000000000000000000000e+01
4.250000000000000000000000000000e+02 1.400000000000000000000000000000e+01 1.960000000000000000000000000000e+02 5.200000000000000000000000000000e+01
4.400000000000000000000000000000e+02 1.000000000000000000000000000000e+01 1.000000000000000000000000000000e+02 5.300000000000000000000000000000e+01
4.410000000000000000000000000000e+02 1.000000000000000000000000000000e+01 1.000000000000000000000000000000e+02 5.400000000000000000000000000000e+01
4.530000000000000000000000000000e+02 1.500000000000000000000000000000e+01 2.250000000000000000000000000000e+02 5.500000000000000000000000000000e+01
4.560000000000000000000000000000e+02 4.000000000000000000000000000000e+00 1.600000000000000000000000000000e+01 5.600000000000000000000000000000e+01
4.670000000000000000000000000000e+02 1.300000000000000000000000000000e+01 1.690000000000000000000000000000e+02 5.700000000000000000000000000000e+01
4.690000000000000000000000000000e+02 1.000000000000000000000000000000e+01 1.000000000000000000000000000000e+02 5.800000000000000000000000000000e+01
4.700000000000000000000000000000e+02 1.100000000000000000000000000000e+01 1.210000000000000000000000000000e+02 5.900000000000000000000000000000e+01
4.740000000000000000000000000000e+02 8.000000000000000000000000000000e+00 6.400000000000000000000000000000e+01 6.000000000000000000000000000000e+01
4.750000000000000000000000000000e+02 9.000000000000000000000000000000e+00 8.100000000000000000000000000000e+01 6.100000000000000000000000000000e+01
4.770000000000000000000000000000e+02 6.000000000000000000000000000000e+00 3.600000000000000000000000000000e+01 6.200000000000000000000000000000e+01
4.860000000000000000000000000000e+02 1.200000000000000000000000000000e+01 1.440000000000000000000000000000e+02 6.300000000000000000000000000000e+01
4.870000000000000000000000000000e+02 1.400000000000000000000000000000e+01 1.960000000000000000000000000000e+02 6.400000000000000000000000000000e+01
4.920000000000000000000000000000e+02 1.000000000000000000000000000000e+01 1.000000000000000000000000000000e+02 6.500000000000000000000000000000e+01
4.950000000000000000000000000000e+02 7.000000000000000000000000000000e+00 4.900000000000000000000000000000e+01 6.600000000000000000000000000000e+01
5.000000000000000000000000000000e+02 1.100000000000000000000000000000e+01 1.210000000000000000000000000000e+02 6.700000000000000000000000000000e+01
5.030000000000000000000000000000e+02 1.000000000000000000000000000000e+01 1.000000000000000000000000000000e+02 6.800000000000000000000000000000e+01
5.140000000000000000000000000000e+02 1.200000000000000000000000000000e+01 1.440000000000000000000000000000e+02 6.900000000000000000000000000000e+01
5.190000000000000000000000000000e+02 5.000000000000000000000000000000e+00 2.500000000000000000000000000000e+01 7.000000000000000000000000000000e+01
5.260000000000000000000000000000e+02 1.300000000000000000000000000000e+01 1.690000000000000000000000000000e+02 7.100000000000000000000000000000e+01
5.280000000000000000000000000000e+02 1.400000000000000000000000000000e+01 1.960000000000000000000000000000e+02 7.200000000000000000000000000000e+01
5.310000000000000000000000000000e+02 1.100000000000000000000000000000e+01 1.210000000000000000000000000000e+02 7.300000000000000000000000000000e+01
5.510000000000000000000000000000e+02 8.000000000000000000000000000000e+00 6.400000000000000000000000000000e+01 7.400000000000000000000000000000e+01
5.540000000000000000000000000000e+02 1.000000000000000000000000000000e+01 1.000000000000000000000000000000e+02 7.500000000000000000000000000000e+01
5.620000000000000000000000000000e+02 7.000000000000000000000000000000e+00 4.900000000000000000000000000000e+01 7.600000000000000000000000000000e+01
5.660000000000000000000000000000e+02 1.000000000000000000000000000000e+01 1.000000000000000000000000000000e+02 7.700000000000000000000000000000e+01
5.690000000000000000000000000000e+02 1.400000000000000000000000000000e+01 1.960000000000000000000000000000e+02 7.800000000000000000000000000000e+01
5.850000000000000000000000000000e+02 1.600000000000000000000000000000e+01 2.560000000000000000000000000000e+02 7.900000000000000000000000000000e+01
5.980000000000000000000000000000e+02 1.200000000000000000000000000000e+01 1.440000000000000000000000000000e+02 8.000000000000000000000000000000e+01
6.260000000000000000000000000000e+02 1.500000000000000000000000000000e+01 2.250000000000000000000000000000e+02 8.100000000000000000000000000000e+01
6.280000000000000000000000000000e+02 1.400000000000000000000000000000e+01 1.960000000000000000000000000000e+02 8.200000000000000000000000000000e+01
6.320000000000000000000000000000e+02 9.000000000000000000000000000000e+00 8.100000000000000000000000000000e+01 8.300000000000000000000000000000e+01
6.400000000000000000000000000000e+02 1.200000000000000000000000000000e+01 1.440000000000000000000000000000e+02 8.400000000000000000000000000000e+01
6.410000000000000000000000000000e+02 1.000000000000000000000000000000e+01 1.000000000000000000000000000000e+02 8.500000000000000000000000000000e+01
6.450000000000000000000000000000e+02 1.900000000000000000000000000000e+01 3.610000000000000000000000000000e+02 8.600000000000000000000000000000e+01
6.560000000000000000000000000000e+02 1.100000000000000000000000000000e+01 1.210000000000000000000000000000e+02 8.700000000000000000000000000000e+01
6.610000000000000000000000000000e+02 1.800000000000000000000000000000e+01 3.240000000000000000000000000000e+02 8.800000000000000000000000000000e+01
6.640000000000000000000000000000e+02 1.200000000000000000000000000000e+01 1.440000000000000000000000000000e+02 8.900000000000000000000000000000e+01
6.660000000000000000000000000000e+02 1.200000000000000000000000000000e+01 1.440000000000000000000000000000e+02 9.000000000000000000000000000000e+01
6.680000000000000000000000000000e+02 8.000000000000000000000000000000e+00 6.400000000000000000000000000000e+01 9.100000000000000000000000000000e+01
6.760000000000000000000000000000e+02 1.100000000000000000000000000000e+01 1.210000000000000000000000000000e+02 9.200000000000000000000000000000e+01
6.790000000000000000000000000000e+02 1.200000000000000000000000000000e+01 1.440000000000000000000000000000e+02 9.300000000000000000000000000000e+01
6.800000000000000000000000000000e+02 1.100000000000000000000000000000e+01 1.210000000000000000000000000000e+02 9.400000000000000000000000000000e+01
6.820000000000000000000000000000e+02 9.000000000000000000000000000000e+00 8.100000000000000000000000000000e+01 9.500000000000000000000000000000e+01
6.850000000000000000000000000000e+02 1.200000000000000000000000000000e+01 1.440000000000000000000000000000e+02 9.600000000000000000000000000000e+01
6.940000000000000000000000000000e+02 1.400000000000000000000000000000e+01 1.960000000000000000000000000000e+02 9.700000000000000000000000000000e+01
6.960000000000000000000000000000e+02 1.400000000000000000000000000000e+01 1.960000000000000000000000000000e+02 9.800000000000000000000000000000e+01
7.030000000000000000000000000000e+02 1.200000000000000000000000000000e+01 1.440000000000000000000000000000e+02 9.900000000000000000000000000000e+01
7.080000000000000000000000000000e+02 1.500000000000000000000000000000e+01 2.250000000000000000000000000000e+02 1.000000000000000000000000000000e+02
7.090000000000000000000000000000e+02 9.000000000000000000000000000000e+00 8.100000000000000000000000000000e+01 1.010000000000000000000000000000e+02
7.170000000000000000000000000000e+02 1.400000000000000000000000000000e+01 1.960000000000000000000000000000e+02 1.020000000000000000000000000000e+02
7.380000000000000000000000000000e+02 4.000000000000000000000000000000e+00 1.600000000000000000000000000000e+01 1.030000000000000000000000000000e+02
7.400000000000000000000000000000e+02 1.000000000000000000000000000000e+01 1.000000000000000000000000000000e+02 1.040000000000000000000000000000e+02
7.420000000000000000000000000000e+02 1.300000000000000000000000000000e+01 1.690000000000000000000000000000e+02 1.050000000000000000000000000000e+02
7.480000000000000000000000000000e+02 5.000000000000000000000000000000e+00 2.500000000000000000000000000000e+01 1.060000000000000000000000000000e+02
7.700000000000000000000000000000e+02 1.900000000000000000000000000000e+01 3.610000000000000000000000000000e+02 1.070000000000000000000000000000e+02
7.780000000000000000000000000000e+02 1.200000000000000000000000000000e+01 1.440000000000000000000000000000e+02 1.080000000000000000000000000000e+02
7.860000000000000000000000000000e+02 1.200000000000000000000000000000e+01 1.440000000000000000000000000000e+02 1.090000000000000000000000000000e+02
7.930000000000000000000000000000e+02 8.000000000000000000000000000000e+00 6.400000000000000000000000000000e+01 1.100000000000000000000000000000e+02
8.060000000000000000000000000000e+02 1.500000000000000000000000000000e+01 2.250000000000000000000000000000e+02 1.110000000000000000000000000000e+02
8.080000000000000000000000000000e+02 8.000000000000000000000000000000e+00 6.400000000000000000000000000000e+01 1.120000000000000000000000000000e+02
8.110000000000000000000000000000e+02 1.100000000000000000000000000000e+01 1.210000000000000000000000000000e+02 1.130000000000000000000000000000e+02
8.290000000000000000000000000000e+02 1.000000000000000000000000000000e+01 1.000000000000000000000000000000e+02 1.140000000000000000000000000000e+02
8.320000000000000000000000000000e+02 9.000000000000000000000000000000e+00 8.100000000000000000000000000000e+01 1.150000000000000000000000000000e+02
8.350000000000000000000000000000e+02 1.200000000000000000000000000000e+01 1.440000000000000000000000000000e+02 1.160000000000000000000000000000e+02
8.540000000000000000000000000000e+02 1.300000000000000000000000000000e+01 1.690000000000000000000000000000e+02 1.170000000000000000000000000000e+02
8.570000000000000000000000000000e+02 4.000000000000000000000000000000e+00 1.600000000000000000000000000000e+01 1.180000000000000000000000000000e+02
8.690000000000000000000000000000e+02 1.200000000000000000000000000000e+01 1.440000000000000000000000000000e+02 1.190000000000000000000000000000e+02
8.720000000000000000000000000000e+02 4.000000000000000000000000000000e+00 1.600000000000000000000000000000e+01 1.200000000000000000000000000000e+02
8.740000000000000000000000000000e+02 1.300000000000000000000000000000e+01 1.690000000000000000000000000000e+02 1.210000000000000000000000000000e+02
8.780000000000000000000000000000e+02 5.000000000000000000000000000000e+00 2.500000000000000000000000000000e+01 1.220000000000000000000000000000e+02
8.840000000000000000000000000000e+02 9.000000000000000000000000000000e+00 8.100000000000000000000000000000e+01 1.230000000000000000000000000000e+02
8.870000000000000000000000000000e+02 1.100000000000000000000000000000e+01 1.210000000000000000000000000000e+02 1.240000000000000000000000000000e+02
8.920000000000000000000000000000e+02 8.000000000000000000000000000000e+00 6.400000000000000000000000000000e+01 1.250000000000000000000000000000e+02
8.990000000000000000000000000000e+02 1.400000000000000000000000000000e+01 1.960000000000000000000000000000e+02 1.260000000000000000000000000000e+02
9.000000000000000000000000000000e+02 7.000000000000000000000000000000e+00 4.900000000000000000000000000000e+01 1.270000000000000000000000000000e+02
9.250000000000000000000000000000e+02 1.200000000000000000000000000000e+01 1.440000000000000000000000000000e+02 1.280000000000000000000000000000e+02
9.270000000000000000000000000000e+02 8.000000000000000000000000000000e+00 6.400000000000000000000000000000e+01 1.290000000000000000000000000000e+02
9.340000000000000000000000000000e+02 7.000000000000000000000000000000e+00 4.900000000000000000000000000000e+01 1.300000000000000000000000000000e+02
9.480000000000000000000000000000e+02 1.000000000000000000000000000000e+01 1.000000000000000000000000000000e+02 1.310000000000000000000000000000e+02
9.610000000000000000000000000000e+02 5.000000000000000000000000000000e+00 2.500000000000000000000000000000e+01 1.320000000000000000000000000000e+02
9.640000000000000000000000000000e+02 8.000000000000000000000000000000e+00 6.400000000000000000000000000000e+01 1.330000000000000000000000000000e+02
9.690000000000000000000000000000e+02 1.700000000000000000000000000000e+01 2.890000000000000000000000000000e+02 1.340000000000000000000000000000e+02
9.890000000000000000000000000000e+02 1.700000000000000000000000000000e+01 2.890000000000000000000000000000e+02 1.350000000000000000000000000000e+02
9.930000000000000000000000000000e+02 7.000000000000000000000000000000e+00 4.900000000000000000000000000000e+01 1.360000000000000000000000000000e+02
9.960000000000000000000000000000e+02 9.000000000000000000000000000000e+00 8.100000000000000000000000000000e+01 1.370000000000000000000000000000e+02
1.004000000000000000000000000000e+03 8.000000000000000000000000000000e+00 6.400000000000000000000000000000e+01 1.380000000000000000000000000000e+02
1.012000000000000000000000000000e+03 1.700000000000000000000000000000e+01 2.890000000000000000000000000000e+02 1.390000000000000000000000000000e+02
1.029000000000000000000000000000e+03 8.000000000000000000000000000000e+00 6.400000000000000000000000000000e+01 1.400000000000000000000000000000e+02
1.035000000000000000000000000000e+03 9.000000000000000000000000000000e+00 8.100000000000000000000000000000e+01 1.410000000000000000000000000000e+02
1.047000000000000000000000000000e+03 1.400000000000000000000000000000e+01 1.960000000000000000000000000000e+02 1.420000000000000000000000000000e+02
1.070000000000000000000000000000e+03 1.400000000000000000000000000000e+01 1.960000000000000000000000000000e+02 1.430000000000000000000000000000e+02
1.090000000000000000000000000000e+03 1.100000000000000000000000000000e+01 1.210000000000000000000000000000e+02 1.440000000000000000000000000000e+02
1.102000000000000000000000000000e+03 1.200000000000000000000000000000e+01 1.440000000000000000000000000000e+02 1.450000000000000000000000000000e+02
1.107000000000000000000000000000e+03 1.000000000000000000000000000000e+01 1.000000000000000000000000000000e+02 1.460000000000000000000000000000e+02
1.110000000000000000000000000000e+03 1.100000000000000000000000000000e+01 1.210000000000000000000000000000e+02 1.470000000000000000000000000000e+02
1.128000000000000000000000000000e+03 1.000000000000000000000000000000e+01 1.000000000000000000000000000000e+02 1.480000000000000000000000000000e+02
1.130000000000000000000000000000e+03 1.700000000000000000000000000000e+01 2.890000000000000000000000000000e+02 1.490000000000000000000000000000e+02
1.132000000000000000000000000000e+03 1.100000000000000000000000000000e+01 1.210000000000000000000000000000e+02 1.500000000000000000000000000000e+02
1.138000000000000000000000000000e+03 1.300000000000000000000000000000e+01 1.690000000000000000000000000000e+02 1.510000000000000000000000000000e+02
1.149000000000000000000000000000e+03 1.000000000000000000000000000000e+01 1.000000000000000000000000000000e+02 1.520000000000000000000000000000e+02
1.150000000000000000000000000000e+03 1.200000000000000000000000000000e+01 1.440000000000000000000000000000e+02 1.530000000000000000000000000000e+02
1.158000000000000000000000000000e+03 1.200000000000000000000000000000e+01 1.440000000000000000000000000000e+02 1.540000000000000000000000000000e+02
1.159000000000000000000000000000e+03 7.000000000000000000000000000000e+00 4.900000000000000000000000000000e+01 1.550000000000000000000000000000e+02
1.180000000000000000000000000000e+03 8.000000000000000000000000000000e+00 6.400000000000000000000000000000e+01 1.560000000000000000000000000000e+02
1.198000000000000000000000000000e+03 1.000000000000000000000000000000e+01 1.000000000000000000000000000000e+02 1.570000000000000000000000000000e+02
1.203000000000000000000000000000e+03 1.500000000000000000000000000000e+01 2.250000000000000000000000000000e+02 1.580000000000000000000000000000e+02
1.204000000000000000000000000000e+03 1.700000000000000000000000000000e+01 2.890000000000000000000000000000e+02 1.590000000000000000000000000000e+02
1.207000000000000000000000000000e+03 7.000000000000000000000000000000e+00 4.900000000000000000000000000000e+01 1.600000000000000000000000000000e+02
1.229000000000000000000000000000e+03 6.000000000000000000000000000000e+00 3.600000000000000000000000000000e+01 1.610000000000000000000000000000e+02
1.242000000000000000000000000000e+03 8.000000000000000000000000000000e+00 6.400000000000000000000000000000e+01 1.620000000000000000000000000000e+02
1.250000000000000000000000000000e+03 8.000000000000000000000000000000e+00 6.400000000000000000000000000000e+01 1.630000000000000000000000000000e+02
1.251000000000000000000000000000e+03 1.200000000000000000000000000000e+01 1.440000000000000000000000000000e+02 1.640000000000000000000000000000e+02
1.253000000000000000000000000000e+03 8.000000000000000000000000000000e+00 6.400000000000000000000000000000e+01 1.650000000000000000000000000000e+02
1.255000000000000000000000000000e+03 1.700000000000000000000000000000e+01 2.890000000000000000000000000000e+02 1.660000000000000000000000000000e+02
1.258000000000000000000000000000e+03 8.000000000000000000000000000000e+00 6.400000000000000000000000000000e+01 1.670000000000000000000000000000e+02
1.276000000000000000000000000000e+03 1.400000000000000000000000000000e+01 1.960000000000000000000000000000e+02 1.680000000000000000000000000000e+02
1.284000000000000000000000000000e+03 1.000000000000000000000000000000e+01 1.000000000000000000000000000000e+02 1.690000000000000000000000000000e+02
1.292000000000000000000000000000e+03 1.100000000000000000000000000000e+01 1.210000000000000000000000000000e+02 1.700000000000000000000000000000e+02
1.299000000000000000000000000000e+03 1.200000000000000000000000000000e+01 1.440000000000000000000000000000e+02 1.710000000000000000000000000000e+02
1.304000000000000000000000000000e+03 8.000000000000000000000000000000e+00 6.400000000000000000000000000000e+01 1.720000000000000000000000000000e+02
1.310000000000000000000000000000e+03 6.000000000000000000000000000000e+00 3.600000000000000000000000000000e+01 1.730000000000000000000000000000e+02
1.319000000000000000000000000000e+03 9.000000000000000000000000000000e+00 8.100000000000000000000000000000e+01 1.740000000000000000000000000000e+02
1.330000000000000000000000000000e+03 8.000000000000000000000000000000e+00 6.400000000000000000000000000000e+01 1.750000000000000000000000000000e+02
1.337000000000000000000000000000e+03 5.000000000000000000000000000000e+00 2.500000000000000000000000000000e+01 1.760000000000000000000000000000e+02
1.343000000000000000000000000000e+03 1.300000000000000000000000000000e+01 1.690000000000000000000000000000e+02 1.770000000000000000000000000000e+02
1.345000000000000000000000000000e+03 7.000000000000000000000000000000e+00 4.900000000000000000000000000000e+01 1.780000000000000000000000000000e+02
1.354000000000000000000000000000e+03 1.000000000000000000000000000000e+01 1.000000000000000000000000000000e+02 1.790000000000000000000000000000e+02
1.360000000000000000000000000000e+03 1.100000000000000000000000000000e+01 1.210000000000000000000000000000e+02 1.800000000000000000000000000000e+02
1.382000000000000000000000000000e+03 1.400000000000000000000000000000e+01 1.960000000000000000000000000000e+02 1.810000000000000000000000000000e+02
1.383000000000000000000000000000e+03 2.000000000000000000000000000000e+00 4.000000000000000000000000000000e+00 1.820000000000000000000000000000e+02
1.384000000000000000000000000000e+03 6.000000000000000000000000000000e+00 3.600000000000000000000000000000e+01 1.830000000000000000000000000000e+02
1.385000000000000000000000000000e+03 8.000000000000000000000000000000e+00 6.400000000000000000000000000000e+01 1.840000000000000000000000000000e+02
1.392000000000000000000000000000e+03 1.500000000000000000000000000000e+01 2.250000000000000000000000000000e+02 1.850000000000000000000000000000e+02
1.394000000000000000000000000000e+03 1.100000000000000000000000000000e+01 1.210000000000000000000000000000e+02 1.860000000000000000000000000000e+02
1.402000000000000000000000000000e+03 1.100000000000000000000000000000e+01 1.210000000000000000000000000000e+02 1.870000000000000000000000000000e+02
1.405000000000000000000000000000e+03 9.000000000000000000000000000000e+00 8.100000000000000000000000000000e+01 1.880000000000000000000000000000e+02
1.410000000000000000000000000000e+03 1.100000000000000000000000000000e+01 1.210000000000000000000000000000e+02 1.890000000000000000000000000000e+02
1.419000000000000000000000000000e+03 1.100000000000000000000000000000e+01 1.210000000000000000000000000000e+02 1.900000000000000000000000000000e+02
1.426000000000000000000000000000e+03 1.200000000000000000000000000000e+01 1.440000000000000000000000000000e+02 1.910000000000000000000000000000e+02
1.428000000000000000000000000000e+03 8.000000000000000000000000000000e+00 6.400000000000000000000000000000e+01 1.920000000000000000000000000000e+02
1.435000000000000000000000000000e+03 8.000000000000000000000000000000e+00 6.400000000000000000000000000000e+01 1.930000000000000000000000000000e+02
1.440000000000000000000000000000e+03 1.000000000000000000000000000000e+01 1.000000000000000000000000000000e+02 1.940000000000000000000000000000e+02
1.442000000000000000000000000000e+03 7.000000000000000000000000000000e+00 4.900000000000000000000000000000e+01 1.950000000000000000000000000000e+02
1.443000000000000000000000000000e+03 1.000000000000000000000000000000e+01 1.000000000000000000000000000000e+02 1.960000000000000000000000000000e+02
1.465000000000000000000000000000e+03 1.000000000000000000000000000000e+01 1.000000000000000000000000000000e+02 1.970000000000000000000000000000e+02
1.477000000000000000000000000000e+03 9.000000000000000000000000000000e+00 8.100000000000000000000000000000e+01 1.980000000000000000000000000000e+02
1.481000000000000000000000000000e+03 1.100000000000000000000000000000e+01 1.210000000000000000000000000000e+02 1.990000000000000000000000000000e+02
1.485000000000000000000000000000e+03 1.500000000000000000000000000000e+01 2.250000000000000000000000000000e+02 2.000000000000000000000000000000e+02
1.496000000000000000000000000000e+03 1.100000000000000000000000000000e+01 1.210000000000000000000000000000e+02 2.010000000000000000000000000000e+02
1.498000000000000000000000000000e+03 7.000000000000000000000000000000e+00 4.900000000000000000000000000000e+01 2.020000000000000000000000000000e+02
1.502000000000000000000000000000e+03 8.000000000000000000000000000000e+00 6.400000000000000000000000000000e+01 2.030000000000000000000000000000e+02
1.505000000000000000000000000000e+03 1.100000000000000000000000000000e+01 1.210000000000000000000000000000e+02 2.040000000000000000000000000000e+02
1.507000000000000000000000000000e+03 1.200000000000000000000000000000e+01 1.440000000000000000000000000000e+02 2.050000000000000000000000000000e+02
1.510000000000000000000000000000e+03 1.300000000000000000000000000000e+01 1.690000000000000000000000000000e+02 2.060000000000000000000000000000e+02
1.514000000000000000000000000000e+03 8.000000000000000000000000000000e+00 6.400000000000000000000000000000e+01 2.070000000000000000000000000000e+02
1.518000000000000000000000000000e+03 1.000000000000000000000000000000e+01 1.000000000000000000000000000000e+02 2.080000000000000000000000000000e+02
1.519000000000000000000000000000e+03 1.100000000000000000000000000000e+01 1.210000000000000000000000000000e+02 2.090000000000000000000000000000e+02
1.522000000000000000000000000000e+03 1.100000000000000000000000000000e+01 1.210000000000000000000000000000e+02 2.100000000000000000000000000000e+02
1.536000000000000000000000000000e+03 1.100000000000000000000000000000e+01 1.210000000000000000000000000000e+02 2.110000000000000000000000000000e+02
1.537000000000000000000000000000e+03 1.200000000000000000000000000000e+01 1.440000000000000000000000000000e+02 2.120000000000000000000000000000e+02
1.539000000000000000000000000000e+03 8.000000000000000000000000000000e+00 6.400000000000000000000000000000e+01 2.130000000000000000000000000000e+02
1.546000000000000000000000000000e+03 1.000000000000000000000000000000e+01 1.000000000000000000000000000000e+02 2.140000000000000000000000000000e+02
1.547000000000000000000000000000e+03 1.300000000000000000000000000000e+01 1.690000000000000000000000000000e+02 2.150000000000000000000000000000e+02
1.556000000000000000000000000000e+03 1.100000000000000000000000000000e+01 1.210000000000000000000000000000e+02 2.160000000000000000000000000000e+02
1.558000000000000000000000000000e+03 8.000000000000000000000000000000e+00 6.400000000000000000000000000000e+01 2.170000000000000000000000000000e+02
1.562000000000000000000000000000e+03 1.700000000000000000000000000000e+01 2.890000000000000000000000000000e+02 2.180000000000000000000000000000e+02
1.572000000000000000000000000000e+03 1.500000000000000000000000000000e+01 2.250000000000000000000000000000e+02 2.190000000000000000000000000000e+02
1.595000000000000000000000000000e+03 6.000000000000000000000000000000e+00 3.600000000000000000000000000000e+01 2.200000000000000000000000000000e+02
1.597000000000000000000000000000e+03 1.000000000000000000000000000000e+01 1.000000000000000000000000000000e+02 2.210000000000000000000000000000e+02
1.602000000000000000000000000000e+03 1.100000000000000000000000000000e+01 1.210000000000000000000000000000e+02 2.220000000000000000000000000000e+02
1.603000000000000000000000000000e+03 1.700000000000000000000000000000e+01 2.890000000000000000000000000000e+02 2.230000000000000000000000000000e+02
1.605000000000000000000000000000e+03 8.000000000000000000000000000000e+00 6.400000000000000000000000000000e+01 2.240000000000000000000000000000e+02
1.623000000000000000000000000000e+03 1.000000000000000000000000000000e+01 1.000000000000000000000000000000e+02 2.250000000000000000000000000000e+02
1.629000000000000000000000000000e+03 7.000000000000000000000000000000e+00 4.900000000000000000000000000000e+01 2.260000000000000000000000000000e+02
1.640000000000000000000000000000e+03 1.000000000000000000000000000000e+01 1.000000000000000000000000000000e+02 2.270000000000000000000000000000e+02
1.641000000000000000000000000000e+03 1.200000000000000000000000000000e+01 1.440000000000000000000000000000e+02 2.280000000000000000000000000000e+02
1.657000000000000000000000000000e+03 5.000000000000000000000000000000e+00 2.500000000000000000000000000000e+01 2.290000000000000000000000000000e+02
1.661000000000000000000000000000e+03 9.000000000000000000000000000000e+00 8.100000000000000000000000000000e+01 2.300000000000000000000000000000e+02
1.683000000000000000000000000000e+03 1.100000000000000000000000000000e+01 1.210000000000000000000000000000e+02 2.310000000000000000000000000000e+02
1.690000000000000000000000000000e+03 1.000000000000000000000000000000e+01 1.000000000000000000000000000000e+02 2.320000000000000000000000000000e+02
1.691000000000000000000000000000e+03 1.200000000000000000000000000000e+01 1.440000000000000000000000000000e+02 2.330000000000000000000000000000e+02
1.698000000000000000000000000000e+03 1.400000000000000000000000000000e+01 1.960000000000000000000000000000e+02 2.340000000000000000000000000000e+02
1.707000000000000000000000000000e+03 9.000000000000000000000000000000e+00 8.100000000000000000000000000000e+01 2.350000000000000000000000000000e+02
1.727000000000000000000000000000e+03 1.200000000000000000000000000000e+01 1.440000000000000000000000000000e+02 2.360000000000000000000000000000e+02
1.746000000000000000000000000000e+03 1.200000000000000000000000000000e+01 1.440000000000000000000000000000e+02 2.370000000000000000000000000000e+02
1.749000000000000000000000000000e+03 8.000000000000000000000000000000e+00 6.400000000000000000000000000000e+01 2.380000000000000000000000000000e+02
1.751000000000000000000000000000e+03 1.600000000000000000000000000000e+01 2.560000000000000000000000000000e+02 2.390000000000000000000000000000e+02
1.754000000000000000000000000000e+03 1.200000000000000000000000000000e+01 1.440000000000000000000000000000e+02 2.400000000000000000000000000000e+02
1.755000000000000000000000000000e+03 1.100000000000000000000000000000e+01 1.210000000000000000000000000000e+02 2.410000000000000000000000000000e+02
1.760000000000000000000000000000e+03 1.100000000000000000000000000000e+01 1.210000000000000000000000000000e+02 2.420000000000000000000000000000e+02
1.763000000000000000000000000000e+03 1.100000000000000000000000000000e+01 1.210000000000000000000000000000e+02 2.430000000000000000000000000000e+02
1.782000000000000000000000000000e+03 1.200000000000000000000000000000e+01 1.440000000000000000000000000000e+02 2.440000000000000000000000000000e+02
1.792000000000000000000000000000e+03 1.000000000000000000000000000000e+01 1.000000000000000000000000000000e+02 2.450000000000000000000000000000e+02
1.821000000000000000000000000000e+03 1.500000000000000000000000000000e+01 2.250000000000000000000000000000e+02 2.460000000000000000000000000000e+02
1.826000000000000000000000000000e+03 1.200000000000000000000000000000e+01 1.440000000000000000000000000000e+02 2.470000000000000000000000000000e+02
1.836000000000000000000000000000e+03 1.100000000000000000000000000000e+01 1.210000000000000000000000000000e+02 2.480000000000000000000000000000e+02
1.845000000000000000000000000000e+03 1.400000000000000000000000000000e+01 1.960000000000000000000000000000e+02 2.490000000000000000000000000000e+02
1.851000000000000000000000000000e+03 1.600000000000000000000000000000e+01 2.560000000000000000000000000000e+02 2.500000000000000000000000000000e+02
1.852000000000000000000000000000e+03 1.400000000000000000000000000000e+01 1.960000000000000000000000000000e+02 2.510000000000000000000000000000e+02
1.858000000000000000000000000000e+03 8.000000000000000000000000000000e+00 6.400000000000000000000000000000e+01 2.520000000000000000000000000000e+02
1.870000000000000000000000000000e+03 1.000000000000000000000000000000e+01 1.000000000000000000000000000000e+02 2.530000000000000000000000000000e+02
1.874000000000000000000000000000e+03 1.000000000000000000000000000000e+01 1.000000000000000000000000000000e+02 2.540000000000000000000000000000e+02
1.878000000000000000000000000000e+03 1.000000000000000000000000000000e+01 1.000000000000000000000000000000e+02 2.550000000000000000000000000000e+02
1.883000000000000000000000000000e+03 1.000000000000000000000000000000e+01 1.000000000000000000000000000000e+02 2.560000000000000000000000000000e+02
1.889000000000000000000000000000e+03 8.000000000000000000000000000000e+00 6.400000000000000000000000000000e+01 2.570000000000000000000000000000e+02
1.891000000000000000000000000000e+03 1.000000000000000000000000000000e+01 1.000000000000000000000000000000e+02 2.580000000000000000000000000000e+02
1.913000000000000000000000000000e+03 1.600000000000000000000000000000e+01 2.560000000000000000000000000000e+02 2.590000000000000000000000000000e+02
1.930000000000000000000000000000e+03 1.200000000000000000000000000000e+01 1.440000000000000000000000000000e+02 2.600000000000000000000000000000e+02
1.933000000000000000000000000000e+03 1.200000000000000000000000000000e+01 1.440000000000000000000000000000e+02 2.610000000000000000000000000000e+02
1.961000000000000000000000000000e+03 8.000000000000000000000000000000e+00 6.400000000000000000000000000000e+01 2.620000000000000000000000000000e+02
1.966000000000000000000000000000e+03 1.300000000000000000000000000000e+01 1.690000000000000000000000000000e+02 2.630000000000000000000000000000e+02
1.967000000000000000000000000000e+03 7.000000000000000000000000000000e+00 4.900000000000000000000000000000e+01 2.640000000000000000000000000000e+02
1.968000000000000000000000000000e+03 1.500000000000000000000000000000e+01 2.250000000000000000000000000000e+02 2.650000000000000000000000000000e+02
1.970000000000000000000000000000e+03 1.300000000000000000000000000000e+01 1.690000000000000000000000000000e+02 2.660000000000000000000000000000e+02
1.976000000000000000000000000000e+03 7.000000000000000000000000000000e+00 4.900000000000000000000000000000e+01 2.670000000000000000000000000000e+02
1.979000000000000000000000000000e+03 1.000000000000000000000000000000e+01 1.000000000000000000000000000000e+02 2.680000000000000000000000000000e+02
1.980000000000000000000000000000e+03 1.200000000000000000000000000000e+01 1.440000000000000000000000000000e+02 2.690000000000000000000000000000e+02
1.989000000000000000000000000000e+03 1.200000000000000000000000000000e+01 1.440000000000000000000000000000e+02 2.700000000000000000000000000000e+02
1.992000000000000000000000000000e+03 7.000000000000000000000000000000e+00 4.900000000000000000000000000000e+01 2.710000000000000000000000000000e+02
2.007000000000000000000000000000e+03 9.000000000000000000000000000000e+00 8.100000000000000000000000000000e+01 2.720000000000000000000000000000e+02
2.010000000000000000000000000000e+03 1.200000000000000000000000000000e+01 1.440000000000000000000000000000e+02 2.730000000000000000000000000000e+02
2.015000000000000000000000000000e+03 1.600000000000000000000000000000e+01 2.560000000000000000000000000000e+02 2.740000000000000000000000000000e+02
2.044000000000000000000000000000e+03 9.000000000000000000000000000000e+00 8.100000000000000000000000000000e+01 2.750000000000000000000000000000e+02
2.051000000000000000000000000000e+03 1.100000000000000000000000000000e+01 1.210000000000000000000000000000e+02 2.760000000000000000000000000000e+02
2.061000000000000000000000000000e+03 1.100000000000000000000000000000e+01 1.210000000000000000000000000000e+02 2.770000000000000000000000000000e+02
2.063000000000000000000000000000e+03 8.000000000000000000000000000000e+00 6.400000000000000000000000000000e+01 2.780000000000000000000000000000e+02
2.068000000000000000000000000000e+03 9.000000000000000000000000000000e+00 8.100000000000000000000000000000e+01 2.790000000000000000000000000000e+02
2.069000000000000000000000000000e+03 1.100000000000000000000000000000e+01 1.210000000000000000000000000000e+02 2.800000000000000000000000000000e+02
2.073000000000000000000000000000e+03 5.000000000000000000000000000000e+00 2.500000000000000000000000000000e+01 2.810000000000000000000000000000e+02
2.082000000000000000000000000000e+03 1.000000000000000000000000000000e+01 1.000000000000000000000000000000e+02 2.820000000000000000000000000000e+02
2.092000000000000000000000000000e+03 1.000000000000000000000000000000e+01 1.000000000000000000000000000000e+02 2.830000000000000000000000000000e+02
2.113000000000000000000000000000e+03 3.000000000000000000000000000000e+00 9.000000000000000000000000000000e+00 2.840000000000000000000000000000e+02
2.123000000000000000000000000000e+03 8.000000000000000000000000000000e+00 6.400000000000000000000000000000e+01 2.850000000000000000000000000000e+02
2.133000000000000000000000000000e+03 8.000000000000000000000000000000e+00 6.400000000000000000000000000000e+01 2.860000000000000000000000000000e+02
2.134000000000000000000000000000e+03 1.400000000000000000000000000000e+01 1.960000000000000000000000000000e+02 2.870000000000000000000000000000e+02
2.137000000000000000000000000000e+03 5.000000000000000000000000000000e+00 2.500000000000000000000000000000e+01 2.880000000000000000000000000000e+02
2.146000000000000000000000000000e+03 1.100000000000000000000000000000e+01 1.210000000000000000000000000000e+02 2.890000000000000000000000000000e+02
2.156000000000000000000000000000e+03 9.000000000000000000000000000000e+00 8.100000000000000000000000000000e+01 2.900000000000000000000000000000e+02
2.160000000000000000000000000000e+03 1.500000000000000000000000000000e+01 2.250000000000000000000000000000e+02 2.910000000000000000000000000000e+02
2.164000000000000000000000000000e+03 1.000000000000000000000000000000e+01 1.000000000000000000000000000000e+02 2.920000000000000000000000000000e+02
2.168000000000000000000000000000e+03 6.000000000000000000000000000000e+00 3.600000000000000000000000000000e+01 2.930000000000000000000000000000e+02
2.171000000000000000000000000000e+03 1.200000000000000000000000000000e+01 1.440000000000000000000000000000e+02 2.940000000000000000000000000000e+02
2.172000000000000000000000000000e+03 9.000000000000000000000000000000e+00 8.100000000000000000000000000000e+01 2.950000000000000000000000000000e+02
2.179000000000000000000000000000e+03 1.300000000000000000000000000000e+01 1.690000000000000000000000000000e+02 2.960000000000000000000000000000e+02
2.187000000000000000000000000000e+03 1.200000000000000000000000000000e+01 1.440000000000000000000000000000e+02 2.970000000000000000000000000000e+02
2.197000000000000000000000000000e+03 1.000000000000000000000000000000e+01 1.000000000000000000000000000000e+02 2.980000000000000000000000000000e+02
2.199000000000000000000000000000e+03 1.200000000000000000000000000000e+01 1.440000000000000000000000000000e+02 2.990000000000000000000000000000e+02
2.206000000000000000000000000000e+03 1.200000000000000000000000000000e+01 1.440000000000000000000000000000e+02 3.000000000000000000000000000000e+02
2.212000000000000000000000000000e+03 8.000000000000000000000000000000e+00 6.400000000000000000000000000000e+01 3.010000000000000000000000000000e+02
2.213000000000000000000000000000e+03 1.100000000000000000000000000000e+01 1.210000000000000000000000000000e+02 3.020000000000000000000000000000e+02
2.226000000000000000000000000000e+03 1.100000000000000000000000000000e+01 1.210000000000000000000000000000e+02 3.030000000000000000000000000000e+02
2.227000000000000000000000000000e+03 1.800000000000000000000000000000e+01 3.240000000000000000000000000000e+02 3.040000000000000000000000000000e+02
2.234000000000000000000000000000e+03 5.000000000000000000000000000000e+00 2.500000000000000000000000000000e+01 3.050000000000000000000000000000e+02
2.250000000000000000000000000000e+03 1.200000000000000000000000000000e+01 1.440000000000000000000000000000e+02 3.060000000000000000000000000000e+02
2.261000000000000000000000000000e+03 9.000000000000000000000000000000e+00 8.100000000000000000000000000000e+01 3.070000000000000000000000000000e+02
2.262000000000000000000000000000e+03 1.000000000000000000000000000000e+01 1.000000000000000000000000000000e+02 3.080000000000000000000000000000e+02
2.263000000000000000000000000000e+03 1.000000000000000000000000000000e+01 1.000000000000000000000000000000e+02 3.090000000000000000000000000000e+02
2.265000000000000000000000000000e+03 1.200000000000000000000000000000e+01 1.440000000000000000000000000000e+02 3.100000000000000000000000000000e+02
2.268000000000000000000000000000e+03 1.200000000000000000000000000000e+01 1.440000000000000000000000000000e+02 3.110000000000000000000000000000e+02
2.277000000000000000000000000000e+03 1.300000000000000000000000000000e+01 1.690000000000000000000000000000e+02 3.120000000000000000000000000000e+02
2.294000000000000000000000000000e+03 1.700000000000000000000000000000e+01 2.890000000000000000000000000000e+02 3.130000000000000000000000000000e+02
2.298000000000000000000000000000e+03 1.400000000000000000000000000000e+01 1.960000000000000000000000000000e+02 3.140000000000000000000000000000e+02
2.326000000000000000000000000000e+03 1.400000000000000000000000000000e+01 1.960000000000000000000000000000e+02 3.150000000000000000000000000000e+02
2.328000000000000000000000000000e+03 1.000000000000000000000000000000e+01 1.000000000000000000000000000000e+02 3.160000000000000000000000000000e+02
2.331000000000000000000000000000e+03 7.000000000000000000000000000000e+00 4.900000000000000000000000000000e+01 3.170000000000000000000000000000e+02
2.345000000000000000000000000000e+03 1.500000000000000000000000000000e+01 2.250000000000000000000000000000e+02 3.180000000000000000000000000000e+02
2.349000000000000000000000000000e+03 1.200000000000000000000000000000e+01 1.440000000000000000000000000000e+02 3.190000000000000000000000000000e+02
2.352000000000000000000000000000e+03 7.000000000000000000000000000000e+00 4.900000000000000000000000000000e+01 3.200000000000000000000000000000e+02
2.356000000000000000000000000000e+03 1.300000000000000000000000000000e+01 1.690000000000000000000000000000e+02 3.210000000000000000000000000000e+02
2.358000000000000000000000000000e+03 1.500000000000000000000000000000e+01 2.250000000000000000000000000000e+02 3.220000000000000000000000000000e+02
2.362000000000000000000000000000e+03 1.100000000000000000000000000000e+01 1.210000000000000000000000000000e+02 3.230000000000000000000000000000e+02
2.363000000000000000000000000000e+03 7.000000000000000000000000000000e+00 4.900000000000000000000000000000e+01 3.240000000000000000000000000000e+02
2.371000000000000000000000000000e+03 1.100000000000000000000000000000e+01 1.210000000000000000000000000000e+02 3.250000000000000000000000000000e+02
2.372000000000000000000000000000e+03 4.000000000000000000000000000000e+00 1.600000000000000000000000000000e+01 3.260000000000000000000000000000e+02
2.375000000000000000000000000000e+03 1.100000000000000000000000000000e+01 1.210000000000000000000000000000e+02 3.270000000000000000000000000000e+02
2.383000000000000000000000000000e+03 1.000000000000000000000000000000e+01 1.000000000000000000000000000000e+02 3.280000000000000000000000000000e+02
2.387000000000000000000000000000e+03 9.000000000000000000000000000000e+00 8.100000000000000000000000000000e+01 3.290000000000000000000000000000e+02
2.396000000000000000000000000000e+03 1.000000000000000000000000000000e+01 1.000000000000000000000000000000e+02 3.300000000000000000000000000000e+02
2.397000000000000000000000000000e+03 1.300000000000000000000000000000e+01 1.690000000000000000000000000000e+02 3.310000000000000000000000000000e+02
2.400000000000000000000000000000e+03 1.800000000000000000000000000000e+01 3.240000000000000000000000000000e+02 3.320000000000000000000000000000e+02
2.404000000000000000000000000000e+03 1.000000000000000000000000000000e+01 1.000000000000000000000000000000e+02 3.330000000000000000000000000000e+02
2.410000000000000000000000000000e+03 1.200000000000000000000000000000e+01 1.440000000000000000000000000000e+02 3.340000000000000000000000000000e+02
2.417000000000000000000000000000e+03 1.100000000000000000000000000000e+01 1.210000000000000000000000000000e+02 3.350000000000000000000000000000e+02
2.424000000000000000000000000000e+03 1.300000000000000000000000000000e+01 1.690000000000000000000000000000e+02 3.360000000000000000000000000000e+02
2.425000000000000000000000000000e+03 1.100000000000000000000000000000e+01 1.210000000000000000000000000000e+02 3.370000000000000000000000000000e+02
2.448000000000000000000000000000e+03 7.000000000000000000000000000000e+00 4.900000000000000000000000000000e+01 3.380000000000000000000000000000e+02
2.462000000000000000000000000000e+03 1.000000000000000000000000000000e+01 1.000000000000000000000000000000e+02 3.390000000000000000000000000000e+02
2.463000000000000000000000000000e+03 1.300000000000000000000000000000e+01 1.690000000000000000000000000000e+02 3.400000000000000000000000000000e+02
2.468000000000000000000000000000e+03 1.700000000000000000000000000000e+01 2.890000000000000000000000000000e+02 3.410000000000000000000000000000e+02
2.480000000000000000000000000000e+03 1.000000000000000000000000000000e+01 1.000000000000000000000000000000e+02 3.420000000000000000000000000000e+02
2.481000000000000000000000000000e+03 1.000000000000000000000000000000e+01 1.000000000000000000000000000000e+02 3.430000000000000000000000000000e+02
2.486000000000000000000000000000e+03 5.000000000000000000000000000000e+00 2.500000000000000000000000000000e+01 3.440000000000000000000000000000e+02
2.490000000000000000000000000000e+03 9.000000000000000000000000000000e+00 8.100000000000000000000000000000e+01 3.450000000000000000000000000000e+02
2.495000000000000000000000000000e+03 8.000000000000000000000000000000e+00 6.400000000000000000000000000000e+01 3.460000000000000000000000000000e+02
2.503000000000000000000000000000e+03 8.000000000000000000000000000000e+00 6.400000000000000000000000000000e+01 3.470000000000000000000000000000e+02
2.509000000000000000000000000000e+03 1.100000000000000000000000000000e+01 1.210000000000000000000000000000e+02 3.480000000000000000000000000000e+02
2.510000000000000000000000000000e+03 1.200000000000000000000000000000e+01 1.440000000000000000000000000000e+02 3.490000000000000000000000000000e+02
2.513000000000000000000000000000e+03 9.000000000000000000000000000000e+00 8.100000000000000000000000000000e+01 3.500000000000000000000000000000e+02
2.524000000000000000000000000000e+03 1.100000000000000000000000000000e+01 1.210000000000000000000000000000e+02 3.510000000000000000000000000000e+02
2.530000000000000000000000000000e+03 8.000000000000000000000000000000e+00 6.400000000000000000000000000000e+01 3.520000000000000000000000000000e+02
2.532000000000000000000000000000e+03 1.100000000000000000000000000000e+01 1.210000000000000000000000000000e+02 3.530000000000000000000000000000e+02
2.545000000000000000000000000000e+03 1.500000000000000000000000000000e+01 2.250000000000000000000000000000e+02 3.540000000000000000000000000000e+02
2.547000000000000000000000000000e+03 1.100000000000000000000000000000e+01 1.210000000000000000000000000000e+02 3.550000000000000000000000000000e+02
2.566000000000000000000000000000e+03 1.200000000000000000000000000000e+01 1.440000000000000000000000000000e+02 3.560000000000000000000000000000e+02
2.573000000000000000000000000000e+03 1.100000000000000000000000000000e+01 1.210000000000000000000000000000e+02 3.570000000000000000000000000000e+02
2.586000000000000000000000000000e+03 1.100000000000000000000000000000e+01 1.210000000000000000000000000000e+02 3.580000000000000000000000000000e+02
2.587000000000000000000000000000e+03 8.000000000000000000000000000000e+00 6.400000000000000000000000000000e+01 3.590000000000000000000000000000e+02
2.588000000000000000000000000000e+03 9.000000000000000000000000000000e+00 8.100000000000000000000000000000e+01 3.600000000000000000000000000000e+02
2.589000000000000000000000000000e+03 8.000000000000000000000000000000e+00 6.400000000000000000000000000000e+01 3.610000000000000000000000000000e+02
2.590000000000000000000000000000e+03 1.300000000000000000000000000000e+01 1.690000000000000000000000000000e+02 3.620000000000000000000000000000e+02
2.591000000000000000000000000000e+03 1.900000000000000000000000000000e+01 3.610000000000000000000000000000e+02 3.630000000000000000000000000000e+02
2.601000000000000000000000000000e+03 1.300000000000000000000000000000e+01 1.690000000000000000000000000000e+02 3.640000000000000000000000000000e+02
2.605000000000000000000000000000e+03 1.000000000000000000000000000000e+01 1.000000000000000000000000000000e+02 3.650000000000000000000000000000e+02
2.612000000000000000000000000000e+03 1.300000000000000000000000000000e+01 1.690000000000000000000000000000e+02 3.660000000000000000000000000000e+02
2.618000000000000000000000000000e+03 1.000000000000000000000000000000e+01 1.000000000000000000000000000000e+02 3.670000000000000000000000000000e+02
2.638000000000000000000000000000e+03 8.000000000000000000000000000000e+00 6.400000000000000000000000000000e+01 3.680000000000000000000000000000e+02
2.645000000000000000000000000000e+03 9.000000000000000000000000000000e+00 8.100000000000000000000000000000e+01 3.690000000000000000000000000000e+02
2.648000000000000000000000000000e+03 9.000000000000000000000000000000e+00 8.100000000000000000000000000000e+01 3.700000000000000000000000000000e+02
2.657000000000000000000000000000e+03 6.000000000000000000000000000000e+00 3.600000000000000000000000000000e+01 3.710000000000000000000000000000e+02
2.662000000000000000000000000000e+03 9.000000000000000000000000000000e+00 8.100000000000000000000000000000e+01 3.720000000000000000000000000000e+02
2.667000000000000000000000000000e+03 1.100000000000000000000000000000e+01 1.210000000000000000000000000000e+02 3.730000000000000000000000000000e+02
2.680000000000000000000000000000e+03 1.000000000000000000000000000000e+01 1.000000000000000000000000000000e+02 3.740000000000000000000000000000e+02
2.687000000000000000000000000000e+03 1.000000000000000000000000000000e+01 1.000000000000000000000000000000e+02 3.750000000000000000000000000000e+02
2.696000000000000000000000000000e+03 9.000000000000000000000000000000e+00 8.100000000000000000000000000000e+01 3.760000000000000000000000000000e+02
2.723000000000000000000000000000e+03 1.200000000000000000000000000000e+01 1.440000000000000000000000000000e+02 3.770000000000000000000000000000e+02
2.726000000000000000000000000000e+03 7.000000000000000000000000000000e+00 4.900000000000000000000000000000e+01 3.780000000000000000000000000000e+02
2.732000000000000000000000000000e+03 4.000000000000000000000000000000e+00 1.600000000000000000000000000000e+01 3.790000000000000000000000000000e+02
2.733000000000000000000000000000e+03 1.000000000000000000000000000000e+01 1.000000000000000000000000000000e+02 3.800000000000000000000000000000e+02
2.740000000000000000000000000000e+03 9.000000000000000000000000000000e+00 8.100000000000000000000000000000e+01 3.810000000000000000000000000000e+02
2.743000000000000000000000000000e+03 6.000000000000000000000000000000e+00 3.600000000000000000000000000000e+01 3.820000000000000000000000000000e+02
2.753000000000000000000000000000e+03 1.100000000000000000000000000000e+01 1.210000000000000000000000000000e+02 3.830000000000000000000000000000e+02
2.764000000000000000000000000000e+03 1.000000000000000000000000000000e+01 1.000000000000000000000000000000e+02 3.840000000000000000000000000000e+02
2.766000000000000000000000000000e+03 7.000000000000000000000000000000e+00 4.900000000000000000000000000000e+01 3.850000000000000000000000000000e+02
2.768000000000000000000000000000e+03 1.500000000000000000000000000000e+01 2.250000000000000000000000000000e+02 3.860000000000000000000000000000e+02
2.775000000000000000000000000000e+03 7.000000000000000000000000000000e+00 4.900000000000000000000000000000e+01 3.870000000000000000000000000000e+02
2.776000000000000000000000000000e+03 1.000000000000000000000000000000e+01 1.000000000000000000000000000000e+02 3.880000000000000000000000000000e+02
2.783000000000000000000000000000e+03 1.000000000000000000000000000000e+01 1.000000000000000000000000000000e+02 3.890000000000000000000000000000e+02
2.794000000000000000000000000000e+03 4.000000000000000000000000000000e+00 1.600000000000000000000000000000e+01 3.900000000000000000000000000000e+02
2.809000000000000000000000000000e+03 6.000000000000000000000000000000e+00 3.600000000000000000000000000000e+01 3.910000000000000000000000000000e+02
2.830000000000000000000000000000e+03 1.100000000000000000000000000000e+01 1.210000000000000000000000000000e+02 3.920000000000000000000000000000e+02
2.835000000000000000000000000000e+03 1.200000000000000000000000000000e+01 1.440000000000000000000000000000e+02 3.930000000000000000000000000000e+02
2.836000000000000000000000000000e+03 6.000000000000000000000000000000e+00 3.600000000000000000000000000000e+01 3.940000000000000000000000000000e+02
2.841000000000000000000000000000e+03 1.200000000000000000000000000000e+01 1.440000000000000000000000000000e+02 3.950000000000000000000000000000e+02
2.842000000000000000000000000000e+03 1.600000000000000000000000000000e+01 2.560000000000000000000000000000e+02 3.960000000000000000000000000000e+02
2.844000000000000000000000000000e+03 1.200000000000000000000000000000e+01 1.440000000000000000000000000000e+02 3.970000000000000000000000000000e+02
2.846000000000000000000000000000e+03 1.400000000000000000000000000000e+01 1.960000000000000000000000000000e+02 3.980000000000000000000000000000e+02
2.868000000000000000000000000000e+03 8.000000000000000000000000000000e+00 6.400000000000000000000000000000e+01 3.990000000000000000000000000000e+02
