7.000000000000000000000000000000e+00 8.000000000000000000000000000000e+00 6.400000000000000000000000000000e+01 0.000000000000000000000000000000e+00
1.000000000000000000000000000000e+01 1.000000000000000000000000000000e+01 1.000000000000000000000000000000e+02 1.000000000000000000000000000000e+00
1.300000000000000000000000000000e+01 8.000000000000000000000000000000e+00 6.400000000000000000000000000000e+01 2.000000000000000000000000000000e+00
2.900000000000000000000000000000e+01 3.000000000000000000000000000000e+00 9.000000000000000000000000000000e+00 3.000000000000000000000000000000e+00
3.400000000000000000000000000000e+01 1.000000000000000000000000000000e+01 1.000000000000000000000000000000e+02 4.000000000000000000000000000000e+00
4.100000000000000000000000000000e+01 7.000000000000000000000000000000e+00 4.900000000000000000000000000000e+01 5.000000000000000000000000000000e+00
4.200000000000000000000000000000e+01 1.300000000000000000000000000000e+01 1.690000000000000000000000000000e+02 6.000000000000000000000000000000e+00
4.500000000000000000000000000000e+01 8.000000000000000000000000000000e+00 6.400000000000000000000000000000e+01 7.000000000000000000000000000000e+00
4.900000000000000000000000000000e+01 8.000000000000000000000000000000e+00 6.400000000000000000000000000000e+01 8.000000000000000000000000000000e+00
5.000000000000000000000000000000e+01 1.100000000000000000000000000000e+01 1.210000000000000000000000000000e+02 9.000000000000000000000000000000e+00
5.400000000000000000000000000000e+01 1.200000000000000000000000000000e+01 1.440000000000000000000000000000e+02 1.000000000000000000000000000000e+01
6.100000000000000000000000000000e+01 7.000000000000000000000000000000e+00 4.900000000000000000000000000000e+01 1.100000000000000000000000000000e+01
7.500000000000000000000000000000e+01 1.200000000000000000000000000000e+01 1.440000000000000000000000000000e+02 1.200000000000000000000000000000e+01
8.000000000000000000000000000000e+01 7.000000000000000000000000000000e+00 4.900000000000000000000000000000e+01 1.300000000000000000000000000000e+01
9.000000000000000000000000000000e+01 8.000000000000000000000000000000e+00 6.400000000000000000000000000000e+01 1.400000000000000000000000000000e+01
1.030000000000000000000000000000e+02 9.000000000000000000000000000000e+00 8.100000000000000000000000000000e+01 1.500000000000000000000000000000e+01
1.090000000000000000000000000000e+02 1.100000000000000000000000000000e+01 1.210000000000000000000000000000e+02 1.600000000000000000000000000000e+01
1.220000000000000000000000000000e+02 1.300000000000000000000000000000e+01 1.690000000000000000000000000000e+02 1.700000000000000000000000000000e+01
1.240000000000000000000000000000e+02 1.000000000000000000000000000000e+01 1.000000000000000000000000000000e+02 1.800000000000000000000000000000e+01
1.410000000000000000000000000000e+02 1.100000000000000000000000000000e+01 1.210000000000000000000000000000e+02 1.900000000000000000000000000000e+01
1.470000000000000000000000000000e+02 1.300000000000000000000000000000e+01 1.690000000000000000000000000000e+02 2.000000000000000000000000000000e+01
1.580000000000000000000000000000e+02 6.000000000000000000000000000000e+00 3.600000000000000000000000000000e+01 2.100000000000000000000000000000e+01
1.630000000000000000000000000000e+02 1.200000000000000000000000000000e+01 1.440000000000000000000000000000e+02 2.200000000000000000000000000000e+01
1.720000000000000000000000000000e+02 1.300000000000000000000000000000e+01 1.690000000000000000000000000000e+02 2.300000000000000000000000000000e+01
1.750000000000000000000000000000e+02 1.300000000000000000000000000000e+01 1.690000000000000000000000000000e+02 2.400000000000000000000000000000e+01
1.840000000000000000000000000000e+02 9.000000000000000000000000000000e+00 8.100000000000000000000000000000e+01 2.500000000000000000000000000000e+01
1.930000000000000000000000000000e+02 8.000000000000000000000000000000e+00 6.400000000000000000000000000000e+01 2.600000000000000000000000000000e+01
1.990000000000000000000000000000e+02 7.000000000000000000000000000000e+00 4.900000000000000000000000000000e+01 2.700000000000000000000000000000e+01
2.010000000000000000000000000000e+02 9.000000000000000000000000000000e+00 8.100000000000000000000000000000e+01 2.800000000000000000000000000000e+01
2.020000000000000000000000000000e+02 1.000000000000000000000000000000e+01 1.000000000000000000000000000000e+02 2.900000000000000000000000000000e+01
2.040000000000000000000000000000e+02 8.000000000000000000000000000000e+00 6.400000000000000000000000000000e+01 3.000000000000000000000000000000e+01
2.050000000000000000000000000000e+02 7.000000000000000000000000000000e+00 4.900000000000000000000000000000e+01 3.100000000000000000000000000000e+01
2.080000000000000000000000000000e+02 1.000000000000000000000000000000e+01 1.000000000000000000000000000000e+02 3.200000000000000000000000000000e+01
2.110000000000000000000000000000e+02 1.200000000000000000000000000000e+01 1.440000000000000000000000000000e+02 3.300000000000000000000000000000e+01
2.140000000000000000000000000000e+02 1.500000000000000000000000000000e+01 2.250000000000000000000000000000e+02 3.400000000000000000000000000000e+01
2.260000000000000000000000000000e+02 7.000000000000000000000000000000e+00 4.900000000000000000000000000000e+01 3.500000000000000000000000000000e+01
2.320000000000000000000000000000e+02 9.000000000000000000000000000000e+00 8.100000000000000000000000000000e+01 3.600000000000000000000000000000e+01
2.390000000000000000000000000000e+02 1.000000000000000000000000000000e+01 1.000000000000000000000000000000e+02 3.700000000000000000000000000000e+01
2.590000000000000000000000000000e+02 1.200000000000000000000000000000e+01 1.440000000000000000000000000000e+02 3.800000000000000000000000000000e+01
2.670000000000000000000000000000e+02 1.000000000000000000000000000000e+01 1.000000000000000000000000000000e+02 3.900000000000000000000000000000e+01
2.690000000000000000000000000000e+02 1.200000000000000000000000000000e+01 1.440000000000000000000000000000e+02 4.000000000000000000000000000000e+01
2.740000000000000000000000000000e+02 9.000000000000000000000000000000e+00 8.100000000000000000000000000000e+01 4.100000000000000000000000000000e+01
2.820000000000000000000000000000e+02 1.600000000000000000000000000000e+01 2.560000000000000000000000000000e+02 4.200000000000000000000000000000e+01
2.900000000000000000000000000000e+02 1.300000000000000000000000000000e+01 1.690000000000000000000000000000e+02 4.300000000000000000000000000000e+01
2.940000000000000000000000000000e+02 1.400000000000000000000000000000e+01 1.960000000000000000000000000000e+02 4.400000000000000000000000000000e+01
2.950000000000000000000000000000e+02 1.000000000000000000000000000000e+01 1.000000000000000000000000000000e+02 4.500000000000000000000000000000e+01
2.990000000000000000000000000000e+02 1.300000000000000000000000000000e+01 1.690000000000000000000000000000e+02 4.600000000000000000000000000000e+01
3.080000000000000000000000000000e+02 7.000000000000000000000000000000e+00 4.900000000000000000000000000000e+01 4.700000000000000000000000000000e+01
3.090000000000000000000000000000e+02 9.000000000000000000000000000000e+00 8.100000000000000000000000000000e+01 4.800000000000000000000000000000e+01
3.180000000000000000000000000000e+02 8.000000000000000000000000000000e+00 6.400000000000000000000000000000e+01 4.900000000000000000000000000000e+01
3.210000000000000000000000000000e+02 9.000000000000000000000000000000e+00 8.100000000000000000000000000000e+01 5.000000000000000000000000000000e+01
3.340000000000000000000000000000e+02 1.600000000000000000000000000000e+01 2.560000000000000000000000000000e+02 5.100000000000000000000000000000e+01
3.350000000000000000000000000000e+02 7.000000000000000000000000000000e+00 4.900000000000000000000000000000e+01 5.200000000000000000000000000000e+01
3.380000000000000000000000000000e+02 8.000000000000000000000000000000e+00 6.400000000000000000000000000000e+01 5.300000000000000000000000000000e+01
3.420000000000000000000000000000e+02 9.000000000000000000000000000000e+00 8.100000000000000000000000000000e+01 5.400000000000000000000000000000e+01
3.600000000000000000000000000000e+02 1.300000000000000000000000000000e+01 1.690000000000000000000000000000e+02 5.500000000000000000000000000000e+01
3.610000000000000000000000000000e+02 1.400000000000000000000000000000e+01 1.960000000000000000000000000000e+02 5.600000000000000000000000000000e+01
3.630000000000000000000000000000e+02 1.000000000000000000000000000000e+01 1.000000000000000000000000000000e+02 5.700000000000000000000000000000e+01
3.640000000000000000000000000000e+02 1.400000000000000000000000000000e+01 1.960000000000000000000000000000e+02 5.800000000000000000000000000000e+01
3.660000000000000000000000000000e+02 1.100000000000000000000000000000e+01 1.210000000000000000000000000000e+02 5.900000000000000000000000000000e+01
3.670000000000000000000000000000e+02 1.400000000000000000000000000000e+01 1.960000000000000000000000000000e+02 6.000000000000000000000000000000e+01
3.730000000000000000000000000000e+02 1.800000000000000000000000000000e+01 3.240000000000000000000000000000e+02 6.100000000000000000000000000000e+01
3.790000000000000000000000000000e+02 6.000000000000000000000000000000e+00 3.600000000000000000000000000000e+01 6.200000000000000000000000000000e+01
3.860000000000000000000000000000e+02 1.500000000000000000000000000000e+01 2.250000000000000000000000000000e+02 6.300000000000000000000000000000e+01
3.900000000000000000000000000000e+02 1.000000000000000000000000000000e+01 1.000000000000000000000000000000e+02 6.400000000000000000000000000000e+01
3.910000000000000000000000000000e+02 1.200000000000000000000000000000e+01 1.440000000000000000000000000000e+02 6.500000000000000000000000000000e+01
3.980000000000000000000000000000e+02 1.100000000000000000000000000000e+01 1.210000000000000000000000000000e+02 6.600000000000000000000000000000e+01
4.030000000000000000000000000000e+02 1.000000000000000000000000000000e+01 1.000000000000000000000000000000e+02 6.700000000000000000000000000000e+01
4.040000000000000000000000000000e+02 1.000000000000000000000000000000e+01 1.000000000000000000000000000000e+02 6.800000000000000000000000000000e+01
4.310000000000000000000000000000e+02 8.000000000000000000000000000000e+00 6.400000000000000000000000000000e+01 6.900000000000000000000000000000e+01
4.400000000000000000000000000000e+02 1.000000000000000000000000000000e+01 1.000000000000000000000000000000e+02 7.000000000000000000000000000000e+01
4.420000000000000000000000000000e+02 9.000000000000000000000000000000e+00 8.100000000000000000000000000000e+01 7.100000000000000000000000000000e+01
4.480000000000000000000000000000e+02 1.200000000000000000000000000000e+01 1.440000000000000000000000000000e+02 7.200000000000000000000000000000e+01
4.540000000000000000000000000000e+02 1.000000000000000000000000000000e+01 1.000000000000000000000000000000e+02 7.300000000000000000000000000000e+01
4.660000000000000000000000000000e+02 6.000000000000000000000000000000e+00 3.600000000000000000000000000000e+01 7.400000000000000000000000000000e+01
4.740000000000000000000000000000e+02 4.000000000000000000000000000000e+00 1.600000000000000000000000000000e+01 7.500000000000000000000000000000e+01
4.810000000000000000000000000000e+02 1.000000000000000000000000000000e+01 1.000000000000000000000000000000e+02 7.600000000000000000000000000000e+01
4.990000000000000000000000000000e+02 1.000000000000000000000000000000e+01 1.000000000000000000000000000000e+02 7.700000000000000000000000000000e+01
5.080000000000000000000000000000e+02 1.300000000000000000000000000000e+01 1.690000000000000000000000000000e+02 7.800000000000000000000000000000e+01
5.100000000000000000000000000000e+02 6.000000000000000000000000000000e+00 3.600000000000000000000000000000e+01 7.900000000000000000000000000000e+01
5.150000000000000000000000000000e+02 1.100000000000000000000000000000e+01 1.210000000000000000000000000000e+02 8.000000000000000000000000000000e+01
5.160000000000000000000000000000e+02 1.200000000000000000000000000000e+01 1.440000000000000000000000000000e+02 8.100000000000000000000000000000e+01
5.180000000000000000000000000000e+02 1.100000000000000000000000000000e+01 1.210000000000000000000000000000e+02 8.200000000000000000000000000000e+01
5.320000000000000000000000000000e+02 9.000000000000000000000000000000e+00 8.100000000000000000000000000000e+01 8.300000000000000000000000000000e+01
5.640000000000000000000000000000e+02 1.100000000000000000000000000000e+01 1.210000000000000000000000000000e+02 8.400000000000000000000000000000e+01
5.660000000000000000000000000000e+02 1.300000000000000000000000000000e+01 1.690000000000000000000000000000e+02 8.500000000000000000000000000000e+01
5.690000000000000000000000000000e+02 6.000000000000000000000000000000e+00 3.600000000000000000000000000000e+01 8.600000000000000000000000000000e+01
5.750000000000000000000000000000e+02 7.000000000000000000000000000000e+00 4.900000000000000000000000000000e+01 8.700000000000000000000000000000e+01
5.770000000000000000000000000000e+02 7.000000000000000000000000000000e+00 4.900000000000000000000000000000e+01 8.800000000000000000000000000000e+01
5.800000000000000000000000000000e+02 7.000000000000000000000000000000e+00 4.900000000000000000000000000000e+01 8.900000000000000000000000000000e+01
5.810000000000000000000000000000e+02 1.000000000000000000000000000000e+01 1.000000000000000000000000000000e+02 9.000000000000000000000000000000e+01
5.910000000000000000000000000000e+02 8.000000000000000000000000000000e+00 6.400000000000000000000000000000e+01 9.100000000000000000000000000000e+01
5.990000000000000000000000000000e+02 1.900000000000000000000000000000e+01 3.610000000000000000000000000000e+02 9.200000000000000000000000000000e+01
6.010000000000000000000000000000e+02 9.000000000000000000000000000000e+00 8.100000000000000000000000000000e+01 9.300000000000000000000000000000e+01
6.020000000000000000000000000000e+02 1.300000000000000000000000000000e+01 1.690000000000000000000000000000e+02 9.400000000000000000000000000000e+01
6.060000000000000000000000000000e+02 1.500000000000000000000000000000e+01 2.250000000000000000000000000000e+02 9.500000000000000000000000000000e+01
6.090000000000000000000000000000e+02 6.000000000000000000000000000000e+00 3.600000000000000000000000000000e+01 9.600000000000000000000000000000e+01
6.100000000000000000000000000000e+02 1.500000000000000000000000000000e+01 2.250000000000000000000000000000e+02 9.700000000000000000000000000000e+01
6.110000000000000000000000000000e+02 1.100000000000000000000000000000e+01 1.210000000000000000000000000000e+02 9.800000000000000000000000000000e+01
6.240000000000000000000000000000e+02 8.000000000000000000000000000000e+00 6.400000000000000000000000000000e+01 9.900000000000000000000000000000e+01
6.280000000000000000000000000000e+02 7.000000000000000000000000000000e+00 4.900000000000000000000000000000e+01 1.000000000000000000000000000000e+02
6.310000000000000000000000000000e+02 7.000000000000000000000000000000e+00 4.900000000000000000000000000000e+01 1.010000000000000000000000000000e+02
6.350000000000000000000000000000e+02 9.000000000000000000000000000000e+00 8.100000000000000000000000000000e+01 1.020000000000000000000000000000e+02
6.390000000000000000000000000000e+02 3.000000000000000000000000000000e+00 9.000000000000000000000000000000e+00 1.030000000000000000000000000000e+02
6.400000000000000000000000000000e+02 1.400000000000000000000000000000e+01 1.960000000000000000000000000000e+02 1.040000000000000000000000000000e+02
6.430000000000000000000000000000e+02 9.000000000000000000000000000000e+00 8.100000000000000000000000000000e+01 1.050000000000000000000000000000e+02
6.440000000000000000000000000000e+02 1.100000000000000000000000000000e+01 1.210000000000000000000000000000e+02 1.060000000000000000000000000000e+02
6.470000000000000000000000000000e+02 6.000000000000000000000000000000e+00 3.600000000000000000000000000000e+01 1.070000000000000000000000000000e+02
6.500000000000000000000000000000e+02 1.400000000000000000000000000000e+01 1.960000000000000000000000000000e+02 1.080000000000000000000000000000e+02
6.530000000000000000000000000000e+02 1.100000000000000000000000000000e+01 1.210000000000000000000000000000e+02 1.090000000000000000000000000000e+02
6.540000000000000000000000000000e+02 9.000000000000000000000000000000e+00 8.100000000000000000000000000000e+01 1.100000000000000000000000000000e+02
6.750000000000000000000000000000e+02 1.000000000000000000000000000000e+01 1.000000000000000000000000000000e+02 1.110000000000000000000000000000e+02
6.770000000000000000000000000000e+02 1.300000000000000000000000000000e+01 1.690000000000000000000000000000e+02 1.120000000000000000000000000000e+02
6.790000000000000000000000000000e+02 1.100000000000000000000000000000e+01 1.210000000000000000000000000000e+02 1.130000000000000000000000000000e+02
7.000000000000000000000000000000e+02 1.600000000000000000000000000000e+01 2.560000000000000000000000000000e+02 1.140000000000000000000000000000e+02
7.050000000000000000000000000000e+02 1.100000000000000000000000000000e+01 1.210000000000000000000000000000e+02 1.150000000000000000000000000000e+02
7.070000000000000000000000000000e+02 6.000000000000000000000000000000e+00 3.600000000000000000000000000000e+01 1.160000000000000000000000000000e+02
7.090000000000000000000000000000e+02 1.300000000000000000000000000000e+01 1.690000000000000000000000000000e+02 1.170000000000000000000000000000e+02
7.100000000000000000000000000000e+02 1.600000000000000000000000000000e+01 2.560000000000000000000000000000e+02 1.180000000000000000000000000000e+02
7.140000000000000000000000000000e+02 8.000000000000000000000000000000e+00 6.400000000000000000000000000000e+01 1.190000000000000000000000000000e+02
7.160000000000000000000000000000e+02 1.000000000000000000000000000000e+01 1.000000000000000000000000000000e+02 1.200000000000000000000000000000e+02
7.170000000000000000000000000000e+02 1.000000000000000000000000000000e+01 1.000000000000000000000000000000e+02 1.210000000000000000000000000000e+02
7.190000000000000000000000000000e+02 1.400000000000000000000000000000e+01 1.960000000000000000000000000000e+02 1.220000000000000000000000000000e+02
7.200000000000000000000000000000e+02 9.000000000000000000000000000000e+00 8.100000000000000000000000000000e+01 1.230000000000000000000000000000e+02
7.210000000000000000000000000000e+02 1.000000000000000000000000000000e+01 1.000000000000000000000000000000e+02 1.240000000000000000000000000000e+02
7.340000000000000000000000000000e+02 1.100000000000000000000000000000e+01 1.210000000000000000000000000000e+02 1.250000000000000000000000000000e+02
7.370000000000000000000000000000e+02 1.000000000000000000000000000000e+01 1.000000000000000000000000000000e+02 1.260000000000000000000000000000e+02
7.380000000000000000000000000000e+02 1.000000000000000000000000000000e+01 1.000000000000000000000000000000e+02 1.270000000000000000000000000000e+02
7.530000000000000000000000000000e+02 1.000000000000000000000000000000e+01 1.000000000000000000000000000000e+02 1.280000000000000000000000000000e+02
7.560000000000000000000000000000e+02 1.100000000000000000000000000000e+01 1.210000000000000000000000000000e+02 1.290000000000000000000000000000e+02
7.580000000000000000000000000000e+02 5.000000000000000000000000000000e+00 2.500000000000000000000000000000e+01 1.300000000000000000000000000000e+02
7.630000000000000000000000000000e+02 1.300000000000000000000000000000e+01 1.690000000000000000000000000000e+02 1.310000000000000000000000000000e+02
7.700000000000000000000000000000e+02 8.000000000000000000000000000000e+00 6.400000000000000000000000000000e+01 1.320000000000000000000000000000e+02
7.710000000000000000000000000000e+02 1.100000000000000000000000000000e+01 1.210000000000000000000000000000e+02 1.330000000000000000000000000000e+02
7.830000000000000000000000000000e+02 6.000000000000000000000000000000e+00 3.600000000000000000000000000000e+01 1.340000000000000000000000000000e+02
7.850000000000000000000000000000e+02 1.300000000000000000000000000000e+01 1.690000000000000000000000000000e+02 1.350000000000000000000000000000e+02
7.950000000000000000000000000000e+02 1.200000000000000000000000000000e+01 1.440000000000000000000000000000e+02 1.360000000000000000000000000000e+02
7.960000000000000000000000000000e+02 1.600000000000000000000000000000e+01 2.560000000000000000000000000000e+02 1.370000000000000000000000000000e+02
8.000000000000000000000000000000e+02 7.000000000000000000000000000000e+00 4.900000000000000000000000000000e+01 1.380000000000000000000000000000e+02
8.020000000000000000000000000000e+02 9.000000000000000000000000000000e+00 8.100000000000000000000000000000e+01 1.390000000000000000000000000000e+02
8.110000000000000000000000000000e+02 1.300000000000000000000000000000e+01 1.690000000000000000000000000000e+02 1.400000000000000000000000000000e+02
8.260000000000000000000000000000e+02 9.000000000000000000000000000000e+00 8.100000000000000000000000000000e+01 1.410000000000000000000000000000e+02
8.530000000000000000000000000000e+02 1.200000000000000000000000000000e+01 1.440000000000000000000000000000e+02 1.420000000000000000000000000000e+02
8.590000000000000000000000000000e+02 9.000000000000000000000000000000e+00 8.100000000000000000000000000000e+01 1.430000000000000000000000000000e+02
8.640000000000000000000000000000e+02 1.200000000000000000000000000000e+01 1.440000000000000000000000000000e+02 1.440000000000000000000000000000e+02
8.730000000000000000000000000000e+02 5.000000000000000000000000000000e+00 2.500000000000000000000000000000e+01 1.450000000000000000000000000000e+02
8.780000000000000000000000000000e+02 6.000000000000000000000000000000e+00 3.600000000000000000000000000000e+01 1.460000000000000000000000000000e+02
9.190000000000000000000000000000e+02 1.100000000000000000000000000000e+01 1.210000000000000000000000000000e+02 1.470000000000000000000000000000e+02
9.260000000000000000000000000000e+02 1.100000000000000000000000000000e+01 1.210000000000000000000000000000e+02 1.480000000000000000000000000000e+02
9.290000000000000000000000000000e+02 1.100000000000000000000000000000e+01 1.210000000000000000000000000000e+02 1.490000000000000000000000000000e+02
9.300000000000000000000000000000e+02 6.000000000000000000000000000000e+00 3.600000000000000000000000000000e+01 1.500000000000000000000000000000e+02
9.340000000000000000000000000000e+02 1.200000000000000000000000000000e+01 1.440000000000000000000000000000e+02 1.510000000000000000000000000000e+02
9.520000000000000000000000000000e+02 1.600000000000000000000000000000e+01 2.560000000000000000000000000000e+02 1.520000000000000000000000000000e+02
9.570000000000000000000000000000e+02 7.000000000000000000000000000000e+00 4.900000000000000000000000000000e+01 1.530000000000000000000000000000e+02
9.580000000000000000000000000000e+02 1.100000000000000000000000000000e+01 1.210000000000000000000000000000e+02 1.540000000000000000000000000000e+02
9.610000000000000000000000000000e+02 9.000000000000000000000000000000e+00 8.100000000000000000000000000000e+01 1.550000000000000000000000000000e+02
9.650000000000000000000000000000e+02 1.300000000000000000000000000000e+01 1.690000000000000000000000000000e+02 1.560000000000000000000000000000e+02
9.680000000000000000000000000000e+02 7.000000000000000000000000000000e+00 4.900000000000000000000000000000e+01 1.570000000000000000000000000000e+02
9.700000000000000000000000000000e+02 1.300000000000000000000000000000e+01 1.690000000000000000000000000000e+02 1.580000000000000000000000000000e+02
9.940000000000000000000000000000e+02 8.000000000000000000000000000000e+00 6.400000000000000000000000000000e+01 1.590000000000000000000000000000e+02
1.010000000000000000000000000000e+03 1.100000000000000000000000000000e+01 1.210000000000000000000000000000e+02 1.600000000000000000000000000000e+02
1.023000000000000000000000000000e+03 7.000000000000000000000000000000e+00 4.900000000000000000000000000000e+01 1.610000000000000000000000000000e+02
1.038000000000000000000000000000e+03 1.300000000000000000000000000000e+01 1.690000000000000000000000000000e+02 1.620000000000000000000000000000e+02
1.042000000000000000000000000000e+03 6.000000000000000000000000000000e+00 3.600000000000000000000000000000e+01 1.630000000000000000000000000000e+02
1.059000000000000000000000000000e+03 9.000000000000000000000000000000e+00 8.100000000000000000000000000000e+01 1.640000000000000000000000000000e+02
1.061000000000000000000000000000e+03 5.000000000000000000000000000000e+00 2.500000000000000000000000000000e+01 1.650000000000000000000000000000e+02
1.062000000000000000000000000000e+03 1.100000000000000000000000000000e+01 1.210000000000000000000000000000e+02 1.660000000000000000000000000000e+02
1.067000000000000000000000000000e+03 1.200000000000000000000000000000e+01 1.440000000000000000000000000000e+02 1.670000000000000000000000000000e+02
1.068000000000000000000000000000e+03 1.100000000000000000000000000000e+01 1.210000000000000000000000000000e+02 1.680000000000000000000000000000e+02
1.078000000000000000000000000000e+03 1.000000000000000000000000000000e+01 1.000000000000000000000000000000e+02 1.690000000000000000000000000000e+02
1.079000000000000000000000000000e+03 1.200000000000000000000000000000e+01 1.440000000000000000000000000000e+02 1.700000000000000000000000000000e+02
1.087000000000000000000000000000e+03 1.300000000000000000000000000000e+01 1.690000000000000000000000000000e+02 1.710000000000000000000000000000e+02
1.089000000000000000000000000000e+03 1.300000000000000000000000000000e+01 1.690000000000000000000000000000e+02 1.720000000000000000000000000000e+02
1.091000000000000000000000000000e+03 1.300000000000000000000000000000e+01 1.690000000000000000000000000000e+02 1.730000000000000000000000000000e+02
1.092000000000000000000000000000e+03 4.000000000000000000000000000000e+00 1.600000000000000000000000000000e+01 1.740000000000000000000000000000e+02
1.093000000000000000000000000000e+03 1.100000000000000000000000000000e+01 1.210000000000000000000000000000e+02 1.750000000000000000000000000000e+02
1.106000000000000000000000000000e+03 1.100000000000000000000000000000e+01 1.210000000000000000000000000000e+02 1.760000000000000000000000000000e+02
1.111000000000000000000000000000e+03 5.000000000000000000000000000000e+00 2.500000000000000000000000000000e+01 1.770000000000000000000000000000e+02
1.115000000000000000000000000000e+03 8.000000000000000000000000000000e+00 6.400000000000000000000000000000e+01 1.780000000000000000000000000000e+02
1.116000000000000000000000000000e+03 1.100000000000000000000000000000e+01 1.210000000000000000000000000000e+02 1.790000000000000000000000000000e+02
1.119000000000000000000000000000e+03 1.400000000000000000000000000000e+01 1.960000000000000000000000000000e+02 1.800000000000000000000000000000e+02
1.126000000000000000000000000000e+03 1.100000000000000000000000000000e+01 1.210000000000000000000000000000e+02 1.810000000000000000000000000000e+02
1.127000000000000000000000000000e+03 9.000000000000000000000000000000e+00 8.100000000000000000000000000000e+01 1.820000000000000000000000000000e+02
1.143000000000000000000000000000e+03 6.000000000000000000000000000000e+00 3.600000000000000000000000000000e+01 1.830000000000000000000000000000e+02
1.151000000000000000000000000000e+03 1.500000000000000000000000000000e+01 2.250000000000000000000000000000e+02 1.840000000000000000000000000000e+02
1.153000000000000000000000000000e+03 1.400000000000000000000000000000e+01 1.960000000000000000000000000000e+02 1.850000000000000000000000000000e+02
1.160000000000000000000000000000e+03 6.000000000000000000000000000000e+00 3.600000000000000000000000000000e+01 1.860000000000000000000000000000e+02
1.164000000000000000000000000000e+03 1.000000000000000000000000000000e+01 1.000000000000000000000000000000e+02 1.870000000000000000000000000000e+02
1.185000000000000000000000000000e+03 9.000000000000000000000000000000e+00 8.100000000000000000000000000000e+01 1.880000000000000000000000000000e+02
1.192000000000000000000000000000e+03 1.300000000000000000000000000000e+01 1.690000000000000000000000000000e+02 1.890000000000000000000000000000e+02
1.193000000000000000000000000000e+03 9.000000000000000000000000000000e+00 8.100000000000000000000000000000e+01 1.900000000000000000000000000000e+02
1.195000000000000000000000000000e+03 9.000000000000000000000000000000e+00 8.100000000000000000000000000000e+01 1.910000000000000000000000000000e+02
1.212000000000000000000000000000e+03 1.000000000000000000000000000000e+01 1.000000000000000000000000000000e+02 1.920000000000000000000000000000e+02
1.219000000000000000000000000000e+03 1.000000000000000000000000000000e+01 1.000000000000000000000000000000e+02 1.930000000000000000000000000000e+02
1.223000000000000000000000000000e+03 1.500000000000000000000000000000e+01 2.250000000000000000000000000000e+02 1.940000000000000000000000000000e+02
1.226000000000000000000000000000e+03 1.300000000000000000000000000000e+01 1.690000000000000000000000000000e+02 1.950000000000000000000000000000e+02
1.234000000000000000000000000000e+03 1.000000000000000000000000000000e+01 1.000000000000000000000000000000e+02 1.960000000000000000000000000000e+02
1.236000000000000000000000000000e+03 1.300000000000000000000000000000e+01 1.690000000000000000000000000000e+02 1.970000000000000000000000000000e+02
1.244000000000000000000000000000e+03 1.300000000000000000000000000000e+01 1.690000000000000000000000000000e+02 1.980000000000000000000000000000e+02
1.253000000000000000000000000000e+03 8.000000000000000000000000000000e+00 6.400000000000000000000000000000e+01 1.990000000000000000000000000000e+02
1.255000000000000000000000000000e+03 1.100000000000000000000000000000e+01 1.210000000000000000000000000000e+02 2.000000000000000000000000000000e+02
1.261000000000000000000000000000e+03 1.000000000000000000000000000000e+01 1.000000000000000000000000000000e+02 2.010000000000000000000000000000e+02
1.283000000000000000000000000000e+03 5.000000000000000000000000000000e+00 2.500000000000000000000000000000e+01 2.020000000000000000000000000000e+02
1.285000000000000000000000000000e+03 8.000000000000000000000000000000e+00 6.400000000000000000000000000000e+01 2.030000000000000000000000000000e+02
1.292000000000000000000000000000e+03 1.400000000000000000000000000000e+01 1.960000000000000000000000000000e+02 2.040000000000000000000000000000e+02
1.302000000000000000000000000000e+03 8.000000000000000000000000000000e+00 6.400000000000000000000000000000e+01 2.050000000000000000000000000000e+02
1.304000000000000000000000000000e+03 1.400000000000000000000000000000e+01 1.960000000000000000000000000000e+02 2.060000000000000000000000000000e+02
1.307000000000000000000000000000e+03 1.100000000000000000000000000000e+01 1.210000000000000000000000000000e+02 2.070000000000000000000000000000e+02
1.313000000000000000000000000000e+03 1.100000000000000000000000000000e+01 1.210000000000000000000000000000e+02 2.080000000000000000000000000000e+02
1.315000000000000000000000000000e+03 1.400000000000000000000000000000e+01 1.960000000000000000000000000000e+02 2.090000000000000000000000000000e+02
1.318000000000000000000000000000e+03 1.100000000000000000000000000000e+01 1.210000000000000000000000000000e+02 2.100000000000000000000000000000e+02
1.327000000000000000000000000000e+03 7.000000000000000000000000000000e+00 4.900000000000000000000000000000e+01 2.110000000000000000000000000000e+02
1.330000000000000000000000000000e+03 9.000000000000000000000000000000e+00 8.100000000000000000000000000000e+01 2.120000000000000000000000000000e+02
1.343000000000000000000000000000e+03 1.000000000000000000000000000000e+01 1.000000000000000000000000000000e+02 2.130000000000000000000000000000e+02
1.347000000000000000000000000000e+03 1.000000000000000000000000000000e+01 1.000000000000000000000000000000e+02 2.140000000000000000000000000000e+02
1.357000000000000000000000000000e+03 1.200000000000000000000000000000e+01 1.440000000000000000000000000000e+02 2.150000000000000000000000000000e+02
1.361000000000000000000000000000e+03 1.500000000000000000000000000000e+01 2.250000000000000000000000000000e+02 2.160000000000000000000000000000e+02
1.366000000000000000000000000000e+03 1.000000000000000000000000000000e+01 1.000000000000000000000000000000e+02 2.170000000000000000000000000000e+02
1.370000000000000000000000000000e+03 1.100000000000000000000000000000e+01 1.210000000000000000000000000000e+02 2.180000000000000000000000000000e+02
1.384000000000000000000000000000e+03 1.200000000000000000000000000000e+01 1.440000000000000000000000000000e+02 2.190000000000000000000000000000e+02
1.390000000000000000000000000000e+03 1.300000000000000000000000000000e+01 1.690000000000000000000000000000e+02 2.200000000000000000000000000000e+02
1.395000000000000000000000000000e+03 1.400000000000000000000000000000e+01 1.960000000000000000000000000000e+02 2.210000000000000000000000000000e+02
1.398000000000000000000000000000e+03 7.000000000000000000000000000000e+00 4.900000000000000000000000000000e+01 2.220000000000000000000000000000e+02
1.399000000000000000000000000000e+03 9.000000000000000000000000000000e+00 8.100000000000000000000000000000e+01 2.230000000000000000000000000000e+02
1.405000000000000000000000000000e+03 1.300000000000000000000000000000e+01 1.690000000000000000000000000000e+02 2.240000000000000000000000000000e+02
1.421000000000000000000000000000e+03 1.000000000000000000000000000000e+01 1.000000000000000000000000000000e+02 2.250000000000000000000000000000e+02
1.424000000000000000000000000000e+03 1.400000000000000000000000000000e+01 1.960000000000000000000000000000e+02 2.260000000000000000000000000000e+02
1.444000000000000000000000000000e+03 1.100000000000000000000000000000e+01 1.210000000000000000000000000000e+02 2.270000000000000000000000000000e+02
1.445000000000000000000000000000e+03 9.000000000000000000000000000000e+00 8.100000000000000000000000000000e+01 2.280000000000000000000000000000e+02
1.464000000000000000000000000000e+03 8.000000000000000000000000000000e+00 6.400000000000000000000000000000e+01 2.290000000000000000000000000000e+02
1.474000000000000000000000000000e+03 1.800000000000000000000000000000e+01 3.240000000000000000000000000000e+02 2.300000000000000000000000000000e+02
1.477000000000000000000000000000e+03 1.200000000000000000000000000000e+01 1.440000000000000000000000000000e+02 2.310000000000000000000000000000e+02
1.478000000000000000000000000000e+03 1.000000000000000000000000000000e+01 1.000000000000000000000000000000e+02 2.320000000000000000000000000000e+02
1.479000000000000000000000000000e+03 8.000000000000000000000000000000e+00 6.400000000000000000000000000000e+01 2.330000000000000000000000000000e+02
1.489000000000000000000000000000e+03 1.400000000000000000000000000000e+01 1.960000000000000000000000000000e+02 2.340000000000000000000000000000e+02
1.496000000000000000000000000000e+03 1.400000000000000000000000000000e+01 1.960000000000000000000000000000e+02 2.350000000000000000000000000000e+02
1.501000000000000000000000000000e+03 6.000000000000000000000000000000e+00 3.600000000000000000000000000000e+01 2.360000000000000000000000000000e+02
1.502000000000000000000000000000e+03 1.000000000000000000000000000000e+01 1.000000000000000000000000000000e+02 2.370000000000000000000000000000e+02
1.506000000000000000000000000000e+03 1.100000000000000000000000000000e+01 1.210000000000000000000000000000e+02 2.380000000000000000000000000000e+02
1.507000000000000000000000000000e+03 9.000000000000000000000000000000e+00 8.100000000000000000000000000000e+01 2.390000000000000000000000000000e+02
1.530000000000000000000000000000e+03 1.000000000000000000000000000000e+01 1.000000000000000000000000000000e+02 2.400000000000000000000000000000e+02
1.532000000000000000000000000000e+03 1.300000000000000000000000000000e+01 1.690000000000000000000000000000e+02 2.410000000000000000000000000000e+02
1.542000000000000000000000000000e+03 7.000000000000000000000000000000e+00 4.900000000000000000000000000000e+01 2.420000000000000000000000000000e+02
1.546000000000000000000000000000e+03 6.000000000000000000000000000000e+00 3.600000000000000000000000000000e+01 2.430000000000000000000000000000e+02
1.547000000000000000000000000000e+03 1.000000000000000000000000000000e+01 1.000000000000000000000000000000e+02 2.440000000000000000000000000000e+02
1.563000000000000000000000000000e+03 5.000000000000000000000000000000e+00 2.500000000000000000000000000000e+01 2.450000000000000000000000000000e+02
1.565000000000000000000000000000e+03 1.400000000000000000000000000000e+01 1.960000000000000000000000000000e+02 2.460000000000000000000000000000e+02
1.566000000000000000000000000000e+03 9.000000000000000000000000000000e+00 8.100000000000000000000000000000e+01 2.470000000000000000000000000000e+02
1.567000000000000000000000000000e+03 5.000000000000000000000000000000e+00 2.500000000000000000000000000000e+01 2.480000000000000000000000000000e+02
1.568000000000000000000000000000e+03 8.000000000000000000000000000000e+00 6.400000000000000000000000000000e+01 2.490000000000000000000000000000e+02
1.574000000000000000000000000000e+03 7.000000000000000000000000000000e+00 4.900000000000000000000000000000e+01 2.500000000000000000000000000000e+02
1.577000000000000000000000000000e+03 1.000000000000000000000000000000e+01 1.000000000000000000000000000000e+02 2.510000000000000000000000000000e+02
1.580000000000000000000000000000e+03 1.000000000000000000000000000000e+01 1.000000000000000000000000000000e+02 2.520000000000000000000000000000e+02
1.585000000000000000000000000000e+03 8.000000000000000000000000000000e+00 6.400000000000000000000000000000e+01 2.530000000000000000000000000000e+02
1.587000000000000000000000000000e+03 1.100000000000000000000000000000e+01 1.210000000000000000000000000000e+02 2.540000000000000000000000000000e+02
1.589000000000000000000000000000e+03 9.000000000000000000000000000000e+00 8.100000000000000000000000000000e+01 2.550000000000000000000000000000e+02
1.605000000000000000000000000000e+03 1.400000000000000000000000000000e+01 1.960000000000000000000000000000e+02 2.560000000000000000000000000000e+02
1.606000000000000000000000000000e+03 1.400000000000000000000000000000e+01 1.960000000000000000000000000000e+02 2.570000000000000000000000000000e+02
1.607000000000000000000000000000e+03 6.000000000000000000000000000000e+00 3.600000000000000000000000000000e+01 2.580000000000000000000000000000e+02
1.613000000000000000000000000000e+03 7.000000000000000000000000000000e+00 4.900000000000000000000000000000e+01 2.590000000000000000000000000000e+02
1.618000000000000000000000000000e+03 1.400000000000000000000000000000e+01 1.960000000000000000000000000000e+02 2.600000000000000000000000000000e+02
1.627000000000000000000000000000e+03 1.000000000000000000000000000000e+01 1.000000000000000000000000000000e+02 2.610000000000000000000000000000e+02
1.635000000000000000000000000000e+03 1.200000000000000000000000000000e+01 1.440000000000000000000000000000e+02 2.620000000000000000000000000000e+02
1.645000000000000000000000000000e+03 1.300000000000000000000000000000e+01 1.690000000000000000000000000000e+02 2.630000000000000000000000000000e+02
1.655000000000000000000000000000e+03 1.500000000000000000000000000000e+01 2.250000000000000000000000000000e+02 2.640000000000000000000000000000e+02
1.663000000000000000000000000000e+03 1.400000000000000000000000000000e+01 1.960000000000000000000000000000e+02 2.650000000000000000000000000000e+02
1.664000000000000000000000000000e+03 9.000000000000000000000000000000e+00 8.100000000000000000000000000000e+01 2.660000000000000000000000000000e+02
1.667000000000000000000000000000e+03 9.000000000000000000000000000000e+00 8.100000000000000000000000000000e+01 2.670000000000000000000000000000e+02
1.675000000000000000000000000000e+03 7.000000000000000000000000000000e+00 4.900000000000000000000000000000e+01 2.680000000000000000000000000000e+02
1.708000000000000000000000000000e+03 1.000000000000000000000000000000e+01 1.000000000000000000000000000000e+02 2.690000000000000000000000000000e+02
1.717000000000000000000000000000e+03 1.200000000000000000000000000000e+01 1.440000000000000000000000000000e+02 2.700000000000000000000000000000e+02
1.718000000000000000000000000000e+03 8.000000000000000000000000000000e+00 6.400000000000000000000000000000e+01 2.710000000000000000000000000000e+02
1.733000000000000000000000000000e+03 1.000000000000000000000000000000e+01 1.000000000000000000000000000000e+02 2.720000000000000000000000000000e+02
1.751000000000000000000000000000e+03 1.500000000000000000000000000000e+01 2.250000000000000000000000000000e+02 2.730000000000000000000000000000e+02
1.762000000000000000000000000000e+03 9.000000000000000000000000000000e+00 8.100000000000000000000000000000e+01 2.740000000000000000000000000000e+02
1.764000000000000000000000000000e+03 9.000000000000000000000000000000e+00 8.100000000000000000000000000000e+01 2.750000000000000000000000000000e+02
1.766000000000000000000000000000e+03 1.000000000000000000000000000000e+01 1.000000000000000000000000000000e+02 2.760000000000000000000000000000e+02
1.767000000000000000000000000000e+03 1.000000000000000000000000000000e+01 1.000000000000000000000000000000e+02 2.770000000000000000000000000000e+02
1.769000000000000000000000000000e+03 6.000000000000000000000000000000e+00 3.600000000000000000000000000000e+01 2.780000000000000000000000000000e+02
1.774000000000000000000000000000e+03 1.100000000000000000000000000000e+01 1.210000000000000000000000000000e+02 2.790000000000000000000000000000e+02
1.780000000000000000000000000000e+03 1.500000000000000000000000000000e+01 2.250000000000000000000000000000e+02 2.800000000000000000000000000000e+02
1.786000000000000000000000000000e+03 1.300000000000000000000000000000e+01 1.690000000000000000000000000000e+02 2.810000000000000000000000000000e+02
1.794000000000000000000000000000e+03 1.000000000000000000000000000000e+01 1.000000000000000000000000000000e+02 2.820000000000000000000000000000e+02
1.800000000000000000000000000000e+03 8.000000000000000000000000000000e+00 6.400000000000000000000000000000e+01 2.830000000000000000000000000000e+02
1.801000000000000000000000000000e+03 1.300000000000000000000000000000e+01 1.690000000000000000000000000000e+02 2.840000000000000000000000000000e+02
1.806000000000000000000000000000e+03 8.000000000000000000000000000000e+00 6.400000000000000000000000000000e+01 2.850000000000000000000000000000e+02
1.807000000000000000000000000000e+03 1.000000000000000000000000000000e+01 1.000000000000000000000000000000e+02 2.860000000000000000000000000000e+02
1.816000000000000000000000000000e+03 1.400000000000000000000000000000e+01 1.960000000000000000000000000000e+02 2.870000000000000000000000000000e+02
1.817000000000000000000000000000e+03 6.000000000000000000000000000000e+00 3.600000000000000000000000000000e+01 2.880000000000000000000000000000e+02
1.832000000000000000000000000000e+03 1.000000000000000000000000000000e+01 1.000000000000000000000000000000e+02 2.890000000000000000000000000000e+02
1.857000000000000000000000000000e+03 9.000000000000000000000000000000e+00 8.100000000000000000000000000000e+01 2.900000000000000000000000000000e+02
1.858000000000000000000000000000e+03 8.000000000000000000000000000000e+00 6.400000000000000000000000000000e+01 2.910000000000000000000000000000e+02
1.868000000000000000000000000000e+03 1.400000000000000000000000000000e+01 1.960000000000000000000000000000e+02 2.920000000000000000000000000000e+02
1.874000000000000000000000000000e+03 1.300000000000000000000000000000e+01 1.690000000000000000000000000000e+02 2.930000000000000000000000000000e+02
1.879000000000000000000000000000e+03 1.300000000000000000000000000000e+01 1.690000000000000000000000000000e+02 2.940000000000000000000000000000e+02
1.885000000000000000000000000000e+03 1.500000000000000000000000000000e+01 2.250000000000000000000000000000e+02 2.950000000000000000000000000000e+02
1.891000000000000000000000000000e+03 1.100000000000000000000000000000e+01 1.210000000000000000000000000000e+02 2.960000000000000000000000000000e+02
1.897000000000000000000000000000e+03 1.400000000000000000000000000000e+01 1.960000000000000000000000000000e+02 2.970000000000000000000000000000e+02
1.906000000000000000000000000000e+03 8.000000000000000000000000000000e+00 6.400000000000000000000000000000e+01 2.980000000000000000000000000000e+02
1.908000000000000000000000000000e+03 6.000000000000000000000000000000e+00 3.600000000000000000000000000000e+01 2.990000000000000000000000000000e+02
1.909000000000000000000000000000e+03 1.500000000000000000000000000000e+01 2.250000000000000000000000000000e+02 3.000000000000000000000000000000e+02
1.910000000000000000000000000000e+03 1.400000000000000000000000000000e+01 1.960000000000000000000000000000e+02 3.010000000000000000000000000000e+02
1.912000000000000000000000000000e+03 6.000000000000000000000000000000e+00 3.600000000000000000000000000000e+01 3.020000000000000000000000000000e+02
1.920000000000000000000000000000e+03 1.100000000000000000000000000000e+01 1.210000000000000000000000000000e+02 3.030000000000000000000000000000e+02
1.927000000000000000000000000000e+03 1.100000000000000000000000000000e+01 1.210000000000000000000000000000e+02 3.040000000000000000000000000000e+02
1.930000000000000000000000000000e+03 1.300000000000000000000000000000e+01 1.690000000000000000000000000000e+02 3.050000000000000000000000000000e+02
1.933000000000000000000000000000e+03 1.200000000000000000000000000000e+01 1.440000000000000000000000000000e+02 3.060000000000000000000000000000e+02
1.939000000000000000000000000000e+03 1.400000000000000000000000000000e+01 1.960000000000000000000000000000e+02 3.070000000000000000000000000000e+02
1.940000000000000000000000000000e+03 1.200000000000000000000000000000e+01 1.440000000000000000000000000000e+02 3.080000000000000000000000000000e+02
1.958000000000000000000000000000e+03 1.100000000000000000000000000000e+01 1.210000000000000000000000000000e+02 3.090000000000000000000000000000e+02
1.966000000000000000000000000000e+03 3.000000000000000000000000000000e+00 9.000000000000000000000000000000e+00 3.100000000000000000000000000000e+02
1.972000000000000000000000000000e+03 1.200000000000000000000000000000e+01 1.440000000000000000000000000000e+02 3.110000000000000000000000000000e+02
1.977000000000000000000000000000e+03 1.400000000000000000000000000000e+01 1.960000000000000000000000000000e+02 3.120000000000000000000000000000e+02
1.978000000000000000000000000000e+03 9.000000000000000000000000000000e+00 8.100000000000000000000000000000e+01 3.130000000000000000000000000000e+02
1.979000000000000000000000000000e+03 1.200000000000000000000000000000e+01 1.440000000000000000000000000000e+02 3.140000000000000000000000000000e+02
1.982000000000000000000000000000e+03 8.000000000000000000000000000000e+00 6.400000000000000000000000000000e+01 3.150000000000000000000000000000e+02
1.983000000000000000000000000000e+03 1.100000000000000000000000000000e+01 1.210000000000000000000000000000e+02 3.160000000000000000000000000000e+02
1.984000000000000000000000000000e+03 1.200000000000000000000000000000e+01 1.440000000000000000000000000000e+02 3.170000000000000000000000000000e+02
1.997000000000000000000000000000e+03 8.000000000000000000000000000000e+00 6.400000000000000000000000000000e+01 3.180000000000000000000000000000e+02
1.999000000000000000000000000000e+03 9.000000000000000000000000000000e+00 8.100000000000000000000000000000e+01 3.190000000000000000000000000000e+02
2.002000000000000000000000000000e+03 1.000000000000000000000000000000e+01 1.000000000000000000000000000000e+02 3.200000000000000000000000000000e+02
2.003000000000000000000000000000e+03 7.000000000000000000000000000000e+00 4.900000000000000000000000000000e+01 3.210000000000000000000000000000e+02
2.010000000000000000000000000000e+03 1.300000000000000000000000000000e+01 1.690000000000000000000000000000e+02 3.220000000000000000000000000000e+02
2.013000000000000000000000000000e+03 1.100000000000000000000000000000e+01 1.210000000000000000000000000000e+02 3.230000000000000000000000000000e+02
2.022000000000000000000000000000e+03 7.000000000000000000000000000000e+00 4.900000000000000000000000000000e+01 3.240000000000000000000000000000e+02
2.033000000000000000000000000000e+03 9.000000000000000000000000000000e+00 8.100000000000000000000000000000e+01 3.250000000000000000000000000000e+02
2.049000000000000000000000000000e+03 1.100000000000000000000000000000e+01 1.210000000000000000000000000000e+02 3.260000000000000000000000000000e+02
2.062000000000000000000000000000e+03 1.400000000000000000000000000000e+01 1.960000000000000000000000000000e+02 3.270000000000000000000000000000e+02
2.070000000000000000000000000000e+03 1.000000000000000000000000000000e+01 1.000000000000000000000000000000e+02 3.280000000000000000000000000000e+02
2.071000000000000000000000000000e+03 8.000000000000000000000000000000e+00 6.400000000000000000000000000000e+01 3.290000000000000000000000000000e+02
2.076000000000000000000000000000e+03 6.000000000000000000000000000000e+00 3.600000000000000000000000000000e+01 3.300000000000000000000000000000e+02
2.098000000000000000000000000000e+03 7.000000000000000000000000000000e+00 4.900000000000000000000000000000e+01 3.310000000000000000000000000000e+02
2.099000000000000000000000000000e+03 1.400000000000000000000000000000e+01 1.960000000000000000000000000000e+02 3.320000000000000000000000000000e+02
2.103000000000000000000000000000e+03 1.300000000000000000000000000000e+01 1.690000000000000000000000000000e+02 3.330000000000000000000000000000e+02
2.104000000000000000000000000000e+03 1.200000000000000000000000000000e+01 1.440000000000000000000000000000e+02 3.340000000000000000000000000000e+02
2.108000000000000000000000000000e+03 1.100000000000000000000000000000e+01 1.210000000000000000000000000000e+02 3.350000000000000000000000000000e+02
2.110000000000000000000000000000e+03 1.000000000000000000000000000000e+01 1.000000000000000000000000000000e+02 3.360000000000000000000000000000e+02
2.117000000000000000000000000000e+03 1.400000000000000000000000000000e+01 1.960000000000000000000000000000e+02 3.370000000000000000000000000000e+02
2.140000000000000000000000000000e+03 1.400000000000000000000000000000e+01 1.960000000000000000000000000000e+02 3.380000000000000000000000000000e+02
2.148000000000000000000000000000e+03 1.000000000000000000000000000000e+01 1.000000000000000000000000000000e+02 3.390000000000000000000000000000e+02
2.150000000000000000000000000000e+03 8.000000000000000000000000000000e+00 6.400000000000000000000000000000e+01 3.400000000000000000000000000000e+02
2.153000000000000000000000000000e+03 5.000000000000000000000000000000e+00 2.500000000000000000000000000000e+01 3.410000000000000000000000000000e+02
2.159000000000000000000000000000e+03 1.400000000000000000000000000000e+01 1.960000000000000000000000000000e+02 3.420000000000000000000000000000e+02
2.162000000000000000000000000000e+03 8.000000000000000000000000000000e+00 6.400000000000000000000000000000e+01 3.430000000000000000000000000000e+02
2.190000000000000000000000000000e+03 1.500000000000000000000000000000e+01 2.250000000000000000000000000000e+02 3.440000000000000000000000000000e+02
2.192000000000000000000000000000e+03 7.000000000000000000000000000000e+00 4.900000000000000000000000000000e+01 3.450000000000000000000000000000e+02
2.196000000000000000000000000000e+03 9.000000000000000000000000000000e+00 8.100000000000000000000000000000e+01 3.460000000000000000000000000000e+02
2.209000000000000000000000000000e+03 1.600000000000000000000000000000e+01 2.560000000000000000000000000000e+02 3.470000000000000000000000000000e+02
2.211000000000000000000000000000e+03 1.300000000000000000000000000000e+01 1.690000000000000000000000000000e+02 3.480000000000000000000000000000e+02
2.214000000000000000000000000000e+03 9.000000000000000000000000000000e+00 8.100000000000000000000000000000e+01 3.490000000000000000000000000000e+02
2.217000000000000000000000000000e+03 1.500000000000000000000000000000e+01 2.250000000000000000000000000000e+02 3.500000000000000000000000000000e+02
2.223000000000000000000000000000e+03 1.600000000000000000000000000000e+01 2.560000000000000000000000000000e+02 3.510000000000000000000000000000e+02
2.225000000000000000000000000000e+03 5.000000000000000000000000000000e+00 2.500000000000000000000000000000e+01 3.520000000000000000000000000000e+02
2.233000000000000000000000000000e+03 1.400000000000000000000000000000e+01 1.960000000000000000000000000000e+02 3.530000000000000000000000000000e+02
2.244000000000000000000000000000e+03 1.600000000000000000000000000000e+01 2.560000000000000000000000000000e+02 3.540000000000000000000000000000e+02
2.245000000000000000000000000000e+03 6.000000000000000000000000000000e+00 3.600000000000000000000000000000e+01 3.550000000000000000000000000000e+02
2.252000000000000000000000000000e+03 9.000000000000000000000000000000e+00 8.100000000000000000000000000000e+01 3.560000000000000000000000000000e+02
2.254000000000000000000000000000e+03 3.000000000000000000000000000000e+00 9.000000000000000000000000000000e+00 3.570000000000000000000000000000e+02
2.259000000000000000000000000000e+03 1.100000000000000000000000000000e+01 1.210000000000000000000000000000e+02 3.580000000000000000000000000000e+02
2.263000000000000000000000000000e+03 8.000000000000000000000000000000e+00 6.400000000000000000000000000000e+01 3.590000000000000000000000000000e+02
2.286000000000000000000000000000e+03 1.300000000000000000000000000000e+01 1.690000000000000000000000000000e+02 3.600000000000000000000000000000e+02
2.309000000000000000000000000000e+03 1.100000000000000000000000000000e+01 1.210000000000000000000000000000e+02 3.610000000000000000000000000000e+02
2.317000000000000000000000000000e+03 1.200000000000000000000000000000e+01 1.440000000000000000000000000000e+02 3.620000000000000000000000000000e+02
2.320000000000000000000000000000e+03 1.100000000000000000000000000000e+01 1.210000000000000000000000000000e+02 3.630000000000000000000000000000e+02
2.322000000000000000000000000000e+03 8.000000000000000000000000000000e+00 6.400000000000000000000000000000e+01 3.640000000000000000000000000000e+02
2.337000000000000000000000000000e+03 1.000000000000000000000000000000e+01 1.000000000000000000000000000000e+02 3.650000000000000000000000000000e+02
2.352000000000000000000000000000e+03 8.000000000000000000000000000000e+00 6.400000000000000000000000000000e+01 3.660000000000000000000000000000e+02
2.357000000000000000000000000000e+03 8.000000000000000000000000000000e+00 6.400000000000000000000000000000e+01 3.670000000000000000000000000000e+02
2.364000000000000000000000000000e+03 1.100000000000000000000000000000e+01 1.210000000000000000000000000000e+02 3.680000000000000000000000000000e+02
2.368000000000000000000000000000e+03 1.400000000000000000000000000000e+01 1.960000000000000000000000000000e+02 3.690000000000000000000000000000e+02
2.379000000000000000000000000000e+03 1.100000000000000000000000000000e+01 1.210000000000000000000000000000e+02 3.700000000000000000000000000000e+02
2.386000000000000000000000000000e+03 1.200000000000000000000000000000e+01 1.440000000000000000000000000000e+02 3.710000000000000000000000000000e+02
2.423000000000000000000000000000e+03 8.000000000000000000000000000000e+00 6.400000000000000000000000000000e+01 3.720000000000000000000000000000e+02
2.424000000000000000000000000000e+03 1.400000000000000000000000000000e+01 1.960000000000000000000000000000e+02 3.730000000000000000000000000000e+02
2.426000000000000000000000000000e+03 1.500000000000000000000000000000e+01 2.250000000000000000000000000000e+02 3.740000000000000000000000000000e+02
2.428000000000000000000000000000e+03 1.100000000000000000000000000000e+01 1.210000000000000000000000000000e+02 3.750000000000000000000000000000e+02
2.432000000000000000000000000000e+03 1.000000000000000000000000000000e+01 1.000000000000000000000000000000e+02 3.760000000000000000000000000000e+02
2.435000000000000000000000000000e+03 1.200000000000000000000000000000e+01 1.440000000000000000000000000000e+02 3.770000000000000000000000000000e+02
2.445000000000000000000000000000e+03 9.000000000000000000000000000000e+00 8.100000000000000000000000000000e+01 3.780000000000000000000000000000e+02
2.454000000000000000000000000000e+03 1.000000000000000000000000000000e+01 1.000000000000000000000000000000e+02 3.790000000000000000000000000000e+02
2.467000000000000000000000000000e+03 1.300000000000000000000000000000e+01 1.690000000000000000000000000000e+02 3.800000000000000000000000000000e+02
2.469000000000000000000000000000e+03 1.100000000000000000000000000000e+01 1.210000000000000000000000000000e+02 3.810000000000000000000000000000e+02
2.475000000000000000000000000000e+03 9.000000000000000000000000000000e+00 8.100000000000000000000000000000e+01 3.820000000000000000000000000000e+02
2.476000000000000000000000000000e+03 8.000000000000000000000000000000e+00 6.400000000000000000000000000000e+01 3.830000000000000000000000000000e+02
2.487000000000000000000000000000e+03 7.000000000000000000000000000000e+00 4.900000000000000000000000000000e+01 3.840000000000000000000000000000e+02
2.493000000000000000000000000000e+03 1.300000000000000000000000000000e+01 1.690000000000000000000000000000e+02 3.850000000000000000000000000000e+02
2.494000000000000000000000000000e+03 1.100000000000000000000000000000e+01 1.210000000000000000000000000000e+02 3.860000000000000000000000000000e+02
2.499000000000000000000000000000e+03 6.000000000000000000000000000000e+00 3.600000000000000000000000000000e+01 3.870000000000000000000000000000e+02
2.523000000000000000000000000000e+03 1.400000000000000000000000000000e+01 1.960000000000000000000000000000e+02 3.880000000000000000000000000000e+02
2.530000000000000000000000000000e+03 1.000000000000000000000000000000e+01 1.000000000000000000000000000000e+02 3.890000000000000000000000000000e+02
2.541000000000000000000000000000e+03 1.300000000000000000000000000000e+01 1.690000000000000000000000000000e+02 3.900000000000000000000000000000e+02
2.543000000000000000000000000000e+03 1.100000000000000000000000000000e+01 1.210000000000000000000000000000e+02 3.910000000000000000000000000000e+02
2.548000000000000000000000000000e+03 1.300000000000000000000000000000e+01 1.690000000000000000000000000000e+02 3.920000000000000000000000000000e+02
2.549000000000000000000000000000e+03 1.400000000000000000000000000000e+01 1.960000000000000000000000000000e+02 3.930000000000000000000000000000e+02
2.550000000000000000000000000000e+03 1.000000000000000000000000000000e+01 1.000000000000000000000000000000e+02 3.940000000000000000000000000000e+02
2.552000000000000000000000000000e+03 1.200000000000000000000000000000e+01 1.440000000000000000000000000000e+02 3.950000000000000000000000000000e+02
2.556000000000000000000000000000e+03 1.200000000000000000000000000000e+01 1.440000000000000000000000000000e+02 3.960000000000000000000000000000e+02
2.561000000000000000000000000000e+03 1.500000000000000000000000000000e+01 2.250000000000000000000000000000e+02 3.970000000000000000000000000000e+02
2.564000000000000000000000000000e+03 1.500000000000000000000000000000e+01 2.250000000000000000000000000000e+02 3.980000000000000000000000000000e+02
2.568000000000000000000000000000e+03 1.300000000000000000000000000000e+01 1.690000000000000000000000000000e+02 3.990000000000000000000000000000e+02
