9.000000000000000000000000000000e+00 5.000000000000000000000000000000e+00 2.500000000000000000000000000000e+01 0.000000000000000000000000000000e+00
2.500000000000000000000000000000e+01 8.000000000000000000000000000000e+00 6.400000000000000000000000000000e+01 1.000000000000000000000000000000e+00
2.700000000000000000000000000000e+01 8.000000000000000000000000000000e+00 6.400000000000000000000000000000e+01 2.000000000000000000000000000000e+00
3.000000000000000000000000000000e+01 6.000000000000000000000000000000e+00 3.600000000000000000000000000000e+01 3.000000000000000000000000000000e+00
3.100000000000000000000000000000e+01 1.300000000000000000000000000000e+01 1.690000000000000000000000000000e+02 4.000000000000000000000000000000e+00
3.600000000000000000000000000000e+01 1.100000000000000000000000000000e+01 1.210000000000000000000000000000e+02 5.000000000000000000000000000000e+00
4.100000000000000000000000000000e+01 1.100000000000000000000000000000e+01 1.210000000000000000000000000000e+02 6.000000000000000000000000000000e+00
4.600000000000000000000000000000e+01 8.000000000000000000000000000000e+00 6.400000000000000000000000000000e+01 7.000000000000000000000000000000e+00
5.000000000000000000000000000000e+01 5.000000000000000000000000000000e+00 2.500000000000000000000000000000e+01 8.000000000000000000000000000000e+00
5.100000000000000000000000000000e+01 7.000000000000000000000000000000e+00 4.900000000000000000000000000000e+01 9.000000000000000000000000000000e+00
5.500000000000000000000000000000e+01 1.200000000000000000000000000000e+01 1.440000000000000000000000000000e+02 1.000000000000000000000000000000e+01
7.600000000000000000000000000000e+01 7.000000000000000000000000000000e+00 4.900000000000000000000000000000e+01 1.100000000000000000000000000000e+01
9.400000000000000000000000000000e+01 6.000000000000000000000000000000e+00 3.600000000000000000000000000000e+01 1.200000000000000000000000000000e+01
9.700000000000000000000000000000e+01 1.300000000000000000000000000000e+01 1.690000000000000000000000000000e+02 1.300000000000000000000000000000e+01
1.060000000000000000000000000000e+02 1.200000000000000000000000000000e+01 1.440000000000000000000000000000e+02 1.400000000000000000000000000000e+01
1.200000000000000000000000000000e+02 1.200000000000000000000000000000e+01 1.440000000000000000000000000000e+02 1.500000000000000000000000000000e+01
1.280000000000000000000000000000e+02 9.000000000000000000000000000000e+00 8.100000000000000000000000000000e+01 1.600000000000000000000000000000e+01
1.350000000000000000000000000000e+02 4.000000000000000000000000000000e+00 1.600000000000000000000000000000e+01 1.700000000000000000000000000000e+01
1.360000000000000000000000000000e+02 6.000000000000000000000000000000e+00 3.600000000000000000000000000000e+01 1.800000000000000000000000000000e+01
1.370000000000000000000000000000e+02 1.000000000000000000000000000000e+01 1.000000000000000000000000000000e+02 1.900000000000000000000000000000e+01
1.410000000000000000000000000000e+02 6.000000000000000000000000000000e+00 3.600000000000000000000000000000e+01 2.000000000000000000000000000000e+01
1.430000000000000000000000000000e+02 9.000000000000000000000000000000e+00 8.100000000000000000000000000000e+01 2.100000000000000000000000000000e+01
1.480000000000000000000000000000e+02 1.100000000000000000000000000000e+01 1.210000000000000000000000000000e+02 2.200000000000000000000000000000e+01
1.530000000000000000000000000000e+02 1.400000000000000000000000000000e+01 1.960000000000000000000000000000e+02 2.300000000000000000000000000000e+01
1.580000000000000000000000000000e+02 1.600000000000000000000000000000e+01 2.560000000000000000000000000000e+02 2.400000000000000000000000000000e+01
1.590000000000000000000000000000e+02 9.000000000000000000000000000000e+00 8.100000000000000000000000000000e+01 2.500000000000000000000000000000e+01
1.680000000000000000000000000000e+02 9.000000000000000000000000000000e+00 8.100000000000000000000000000000e+01 2.600000000000000000000000000000e+01
1.850000000000000000000000000000e+02 1.300000000000000000000000000000e+01 1.690000000000000000000000000000e+02 2.700000000000000000000000000000e+01
1.880000000000000000000000000000e+02 7.000000000000000000000000000000e+00 4.900000000000000000000000000000e+01 2.800000000000000000000000000000e+01
1.920000000000000000000000000000e+02 7.000000000000000000000000000000e+00 4.900000000000000000000000000000e+01 2.900000000000000000000000000000e+01
1.980000000000000000000000000000e+02 1.400000000000000000000000000000e+01 1.960000000000000000000000000000e+02 3.000000000000000000000000000000e+01
2.070000000000000000000000000000e+02 1.300000000000000000000000000000e+01 1.690000000000000000000000000000e+02 3.100000000000000000000000000000e+01
2.190000000000000000000000000000e+02 1.500000000000000000000000000000e+01 2.250000000000000000000000000000e+02 3.200000000000000000000000000000e+01
2.230000000000000000000000000000e+02 8.000000000000000000000000000000e+00 6.400000000000000000000000000000e+01 3.300000000000000000000000000000e+01
2.290000000000000000000000000000e+02 8.000000000000000000000000000000e+00 6.400000000000000000000000000000e+01 3.400000000000000000000000000000e+01
2.330000000000000000000000000000e+02 1.300000000000000000000000000000e+01 1.690000000000000000000000000000e+02 3.500000000000000000000000000000e+01
2.340000000000000000000000000000e+02 1.100000000000000000000000000000e+01 1.210000000000000000000000000000e+02 3.600000000000000000000000000000e+01
2.580000000000000000000000000000e+02 1.100000000000000000000000000000e+01 1.210000000000000000000000000000e+02 3.700000000000000000000000000000e+01
2.630000000000000000000000000000e+02 1.400000000000000000000000000000e+01 1.960000000000000000000000000000e+02 3.800000000000000000000000000000e+01
2.650000000000000000000000000000e+02 1.700000000000000000000000000000e+01 2.890000000000000000000000000000e+02 3.900000000000000000000000000000e+01
2.710000000000000000000000000000e+02 1.000000000000000000000000000000e+01 1.000000000000000000000000000000e+02 4.000000000000000000000000000000e+01
3.070000000000000000000000000000e+02 9.000000000000000000000000000000e+00 8.100000000000000000000000000000e+01 4.100000000000000000000000000000e+01
3.210000000000000000000000000000e+02 1.300000000000000000000000000000e+01 1.690000000000000000000000000000e+02 4.200000000000000000000000000000e+01
3.230000000000000000000000000000e+02 1.100000000000000000000000000000e+01 1.210000000000000000000000000000e+02 4.300000000000000000000000000000e+01
3.410000000000000000000000000000e+02 8.000000000000000000000000000000e+00 6.400000000000000000000000000000e+01 4.400000000000000000000000000000e+01
3.520000000000000000000000000000e+02 1.400000000000000000000000000000e+01 1.960000000000000000000000000000e+02 4.500000000000000000000000000000e+01
3.540000000000000000000000000000e+02 1.000000000000000000000000000000e+01 1.000000000000000000000000000000e+02 4.600000000000000000000000000000e+01
3.600000000000000000000000000000e+02 1.300000000000000000000000000000e+01 1.690000000000000000000000000000e+02 4.700000000000000000000000000000e+01
3.690000000000000000000000000000e+02 8.000000000000000000000000000000e+00 6.400000000000000000000000000000e+01 4.800000000000000000000000000000e+01
3.860000000000000000000000000000e+02 1.200000000000000000000000000000e+01 1.440000000000000000000000000000e+02 4.900000000000000000000000000000e+01
4.030000000000000000000000000000e+02 1.200000000000000000000000000000e+01 1.440000000000000000000000000000e+02 5.000000000000000000000000000000e+01
4.070000000000000000000000000000e+02 1.000000000000000000000000000000e+01 1.000000000000000000000000000000e+02 5.100000000000000000000000000000e+01
4.090000000000000000000000000000e+02 1.000000000000000000000000000000e+01 1.000000000000000000000000000000e+02 5.200000000000000000000000000000e+01
4.220000000000000000000000000000e+02 1.200000000000000000000000000000e+01 1.440000000000000000000000000000e+02 5.300000000000000000000000000000e+01
4.240000000000000000000000000000e+02 1.100000000000000000000000000000e+01 1.210000000000000000000000000000e+02 5.400000000000000000000000000000e+01
4.390000000000000000000000000000e+02 1.000000000000000000000000000000e+01 1.000000000000000000000000000000e+02 5.500000000000000000000000000000e+01
4.490000000000000000000000000000e+02 1.400000000000000000000000000000e+01 1.960000000000000000000000000000e+02 5.600000000000000000000000000000e+01
4.520000000000000000000000000000e+02 1.200000000000000000000000000000e+01 1.440000000000000000000000000000e+02 5.700000000000000000000000000000e+01
4.530000000000000000000000000000e+02 1.000000000000000000000000000000e+01 1.000000000000000000000000000000e+02 5.800000000000000000000000000000e+01
4.540000000000000000000000000000e+02 1.400000000000000000000000000000e+01 1.960000000000000000000000000000e+02 5.900000000000000000000000000000e+01
4.550000000000000000000000000000e+02 1.400000000000000000000000000000e+01 1.960000000000000000000000000000e+02 6.000000000000000000000000000000e+01
4.650000000000000000000000000000e+02 9.000000000000000000000000000000e+00 8.100000000000000000000000000000e+01 6.100000000000000000000000000000e+01
4.770000000000000000000000000000e+02 1.400000000000000000000000000000e+01 1.960000000000000000000000000000e+02 6.200000000000000000000000000000e+01
4.840000000000000000000000000000e+02 1.300000000000000000000000000000e+01 1.690000000000000000000000000000e+02 6.300000000000000000000000000000e+01
4.860000000000000000000000000000e+02 1.400000000000000000000000000000e+01 1.960000000000000000000000000000e+02 6.400000000000000000000000000000e+01
4.880000000000000000000000000000e+02 8.000000000000000000000000000000e+00 6.400000000000000000000000000000e+01 6.500000000000000000000000000000e+01
4.930000000000000000000000000000e+02 1.000000000000000000000000000000e+01 1.000000000000000000000000000000e+02 6.600000000000000000000000000000e+01
5.000000000000000000000000000000e+02 8.000000000000000000000000000000e+00 6.400000000000000000000000000000e+01 6.700000000000000000000000000000e+01
5.030000000000000000000000000000e+02 9.000000000000000000000000000000e+00 8.100000000000000000000000000000e+01 6.800000000000000000000000000000e+01
5.110000000000000000000000000000e+02 1.500000000000000000000000000000e+01 2.250000000000000000000000000000e+02 6.900000000000000000000000000000e+01
5.190000000000000000000000000000e+02 8.000000000000000000000000000000e+00 6.400000000000000000000000000000e+01 7.000000000000000000000000000000e+01
5.200000000000000000000000000000e+02 1.100000000000000000000000000000e+01 1.210000000000000000000000000000e+02 7.100000000000000000000000000000e+01
5.210000000000000000000000000000e+02 1.000000000000000000000000000000e+01 1.000000000000000000000000000000e+02 7.200000000000000000000000000000e+01
5.230000000000000000000000000000e+02 1.300000000000000000000000000000e+01 1.690000000000000000000000000000e+02 7.300000000000000000000000000000e+01
5.320000000000000000000000000000e+02 1.000000000000000000000000000000e+01 1.000000000000000000000000000000e+02 7.400000000000000000000000000000e+01
5.350000000000000000000000000000e+02 1.400000000000000000000000000000e+01 1.960000000000000000000000000000e+02 7.500000000000000000000000000000e+01
5.540000000000000000000000000000e+02 5.000000000000000000000000000000e+00 2.500000000000000000000000000000e+01 7.600000000000000000000000000000e+01
5.660000000000000000000000000000e+02 5.000000000000000000000000000000e+00 2.500000000000000000000000000000e+01 7.700000000000000000000000000000e+01
5.790000000000000000000000000000e+02 1.200000000000000000000000000000e+01 1.440000000000000000000000000000e+02 7.800000000000000000000000000000e+01
5.880000000000000000000000000000e+02 9.000000000000000000000000000000e+00 8.100000000000000000000000000000e+01 7.900000000000000000000000000000e+01
5.930000000000000000000000000000e+02 1.400000000000000000000000000000e+01 1.960000000000000000000000000000e+02 8.000000000000000000000000000000e+01
5.940000000000000000000000000000e+02 1.300000000000000000000000000000e+01 1.690000000000000000000000000000e+02 8.100000000000000000000000000000e+01
5.960000000000000000000000000000e+02 1.000000000000000000000000000000e+01 1.000000000000000000000000000000e+02 8.200000000000000000000000000000e+01
6.030000000000000000000000000000e+02 9.000000000000000000000000000000e+00 8.100000000000000000000000000000e+01 8.300000000000000000000000000000e+01
6.220000000000000000000000000000e+02 1.300000000000000000000000000000e+01 1.690000000000000000000000000000e+02 8.400000000000000000000000000000e+01
6.330000000000000000000000000000e+02 1.200000000000000000000000000000e+01 1.440000000000000000000000000000e+02 8.500000000000000000000000000000e+01
6.390000000000000000000000000000e+02 1.600000000000000000000000000000e+01 2.560000000000000000000000000000e+02 8.600000000000000000000000000000e+01
6.450000000000000000000000000000e+02 1.200000000000000000000000000000e+01 1.440000000000000000000000000000e+02 8.700000000000000000000000000000e+01
6.780000000000000000000000000000e+02 1.500000000000000000000000000000e+01 2.250000000000000000000000000000e+02 8.800000000000000000000000000000e+01
6.830000000000000000000000000000e+02 9.000000000000000000000000000000e+00 8.100000000000000000000000000000e+01 8.900000000000000000000000000000e+01
6.850000000000000000000000000000e+02 1.300000000000000000000000000000e+01 1.690000000000000000000000000000e+02 9.000000000000000000000000000000e+01
6.870000000000000000000000000000e+02 1.100000000000000000000000000000e+01 1.210000000000000000000000000000e+02 9.100000000000000000000000000000e+01
6.890000000000000000000000000000e+02 8.000000000000000000000000000000e+00 6.400000000000000000000000000000e+01 9.200000000000000000000000000000e+01
6.950000000000000000000000000000e+02 9.000000000000000000000000000000e+00 8.100000000000000000000000000000e+01 9.300000000000000000000000000000e+01
6.990000000000000000000000000000e+02 1.100000000000000000000000000000e+01 1.210000000000000000000000000000e+02 9.400000000000000000000000000000e+01
7.040000000000000000000000000000e+02 7.000000000000000000000000000000e+00 4.900000000000000000000000000000e+01 9.500000000000000000000000000000e+01
7.070000000000000000000000000000e+02 1.200000000000000000000000000000e+01 1.440000000000000000000000000000e+02 9.600000000000000000000000000000e+01
7.150000000000000000000000000000e+02 1.200000000000000000000000000000e+01 1.440000000000000000000000000000e+02 9.700000000000000000000000000000e+01
7.210000000000000000000000000000e+02 7.000000000000000000000000000000e+00 4.900000000000000000000000000000e+01 9.800000000000000000000000000000e+01
7.260000000000000000000000000000e+02 8.000000000000000000000000000000e+00 6.400000000000000000000000000000e+01 9.900000000000000000000000000000e+01
7.340000000000000000000000000000e+02 1.500000000000000000000000000000e+01 2.250000000000000000000000000000e+02 1.000000000000000000000000000000e+02
7.360000000000000000000000000000e+02 7.000000000000000000000000000000e+00 4.900000000000000000000000000000e+01 1.010000000000000000000000000000e+02
7.540000000000000000000000000000e+02 8.000000000000000000000000000000e+00 6.400000000000000000000000000000e+01 1.020000000000000000000000000000e+02
7.550000000000000000000000000000e+02 1.100000000000000000000000000000e+01 1.210000000000000000000000000000e+02 1.030000000000000000000000000000e+02
7.590000000000000000000000000000e+02 1.300000000000000000000000000000e+01 1.690000000000000000000000000000e+02 1.040000000000000000000000000000e+02
7.650000000000000000000000000000e+02 9.000000000000000000000000000000e+00 8.100000000000000000000000000000e+01 1.050000000000000000000000000000e+02
7.730000000000000000000000000000e+02 9.000000000000000000000000000000e+00 8.100000000000000000000000000000e+01 1.060000000000000000000000000000e+02
7.810000000000000000000000000000e+02 1.700000000000000000000000000000e+01 2.890000000000000000000000000000e+02 1.070000000000000000000000000000e+02
8.100000000000000000000000000000e+02 1.200000000000000000000000000000e+01 1.440000000000000000000000000000e+02 1.080000000000000000000000000000e+02
8.120000000000000000000000000000e+02 1.000000000000000000000000000000e+01 1.000000000000000000000000000000e+02 1.090000000000000000000000000000e+02
8.220000000000000000000000000000e+02 1.500000000000000000000000000000e+01 2.250000000000000000000000000000e+02 1.100000000000000000000000000000e+02
8.240000000000000000000000000000e+02 1.300000000000000000000000000000e+01 1.690000000000000000000000000000e+02 1.110000000000000000000000000000e+02
8.320000000000000000000000000000e+02 1.200000000000000000000000000000e+01 1.440000000000000000000000000000e+02 1.120000000000000000000000000000e+02
8.330000000000000000000000000000e+02 8.000000000000000000000000000000e+00 6.400000000000000000000000000000e+01 1.130000000000000000000000000000e+02
8.380000000000000000000000000000e+02 1.400000000000000000000000000000e+01 1.960000000000000000000000000000e+02 1.140000000000000000000000000000e+02
8.390000000000000000000000000000e+02 7.000000000000000000000000000000e+00 4.900000000000000000000000000000e+01 1.150000000000000000000000000000e+02
8.450000000000000000000000000000e+02 1.300000000000000000000000000000e+01 1.690000000000000000000000000000e+02 1.160000000000000000000000000000e+02
8.480000000000000000000000000000e+02 7.000000000000000000000000000000e+00 4.900000000000000000000000000000e+01 1.170000000000000000000000000000e+02
8.490000000000000000000000000000e+02 7.000000000000000000000000000000e+00 4.900000000000000000000000000000e+01 1.180000000000000000000000000000e+02
8.500000000000000000000000000000e+02 1.100000000000000000000000000000e+01 1.210000000000000000000000000000e+02 1.190000000000000000000000000000e+02
8.560000000000000000000000000000e+02 1.100000000000000000000000000000e+01 1.210000000000000000000000000000e+02 1.200000000000000000000000000000e+02
8.640000000000000000000000000000e+02 1.300000000000000000000000000000e+01 1.690000000000000000000000000000e+02 1.210000000000000000000000000000e+02
8.750000000000000000000000000000e+02 1.200000000000000000000000000000e+01 1.440000000000000000000000000000e+02 1.220000000000000000000000000000e+02
8.770000000000000000000000000000e+02 7.000000000000000000000000000000e+00 4.900000000000000000000000000000e+01 1.230000000000000000000000000000e+02
8.780000000000000000000000000000e+02 1.200000000000000000000000000000e+01 1.440000000000000000000000000000e+02 1.240000000000000000000000000000e+02
9.020000000000000000000000000000e+02 1.000000000000000000000000000000e+01 1.000000000000000000000000000000e+02 1.250000000000000000000000000000e+02
9.120000000000000000000000000000e+02 1.600000000000000000000000000000e+01 2.560000000000000000000000000000e+02 1.260000000000000000000000000000e+02
9.130000000000000000000000000000e+02 9.000000000000000000000000000000e+00 8.100000000000000000000000000000e+01 1.270000000000000000000000000000e+02
9.150000000000000000000000000000e+02 1.600000000000000000000000000000e+01 2.560000000000000000000000000000e+02 1.280000000000000000000000000000e+02
9.160000000000000000000000000000e+02 1.200000000000000000000000000000e+01 1.440000000000000000000000000000e+02 1.290000000000000000000000000000e+02
9.170000000000000000000000000000e+02 1.600000000000000000000000000000e+01 2.560000000000000000000000000000e+02 1.300000000000000000000000000000e+02
9.220000000000000000000000000000e+02 7.000000000000000000000000000000e+00 4.900000000000000000000000000000e+01 1.310000000000000000000000000000e+02
9.260000000000000000000000000000e+02 1.000000000000000000000000000000e+01 1.000000000000000000000000000000e+02 1.320000000000000000000000000000e+02
9.320000000000000000000000000000e+02 6.000000000000000000000000000000e+00 3.600000000000000000000000000000e+01 1.330000000000000000000000000000e+02
9.480000000000000000000000000000e+02 1.300000000000000000000000000000e+01 1.690000000000000000000000000000e+02 1.340000000000000000000000000000e+02
9.490000000000000000000000000000e+02 1.600000000000000000000000000000e+01 2.560000000000000000000000000000e+02 1.350000000000000000000000000000e+02
9.600000000000000000000000000000e+02 1.200000000000000000000000000000e+01 1.440000000000000000000000000000e+02 1.360000000000000000000000000000e+02
9.790000000000000000000000000000e+02 1.100000000000000000000000000000e+01 1.210000000000000000000000000000e+02 1.370000000000000000000000000000e+02
9.920000000000000000000000000000e+02 7.000000000000000000000000000000e+00 4.900000000000000000000000000000e+01 1.380000000000000000000000000000e+02
9.960000000000000000000000000000e+02 5.000000000000000000000000000000e+00 2.500000000000000000000000000000e+01 1.390000000000000000000000000000e+02
9.990000000000000000000000000000e+02 7.000000000000000000000000000000e+00 4.900000000000000000000000000000e+01 1.400000000000000000000000000000e+02
1.006000000000000000000000000000e+03 1.400000000000000000000000000000e+01 1.960000000000000000000000000000e+02 1.410000000000000000000000000000e+02
1.015000000000000000000000000000e+03 1.000000000000000000000000000000e+01 1.000000000000000000000000000000e+02 1.420000000000000000000000000000e+02
1.016000000000000000000000000000e+03 1.700000000000000000000000000000e+01 2.890000000000000000000000000000e+02 1.430000000000000000000000000000e+02
1.022000000000000000000000000000e+03 7.000000000000000000000000000000e+00 4.900000000000000000000000000000e+01 1.440000000000000000000000000000e+02
1.026000000000000000000000000000e+03 9.000000000000000000000000000000e+00 8.100000000000000000000000000000e+01 1.450000000000000000000000000000e+02
1.047000000000000000000000000000e+03 9.000000000000000000000000000000e+00 8.100000000000000000000000000000e+01 1.460000000000000000000000000000e+02
1.049000000000000000000000000000e+03 8.000000000000000000000000000000e+00 6.400000000000000000000000000000e+01 1.470000000000000000000000000000e+02
1.051000000000000000000000000000e+03 8.000000000000000000000000000000e+00 6.400000000000000000000000000000e+01 1.480000000000000000000000000000e+02
1.052000000000000000000000000000e+03 1.200000000000000000000000000000e+01 1.440000000000000000000000000000e+02 1.490000000000000000000000000000e+02
1.071000000000000000000000000000e+03 9.000000000000000000000000000000e+00 8.100000000000000000000000000000e+01 1.500000000000000000000000000000e+02
1.072000000000000000000000000000e+03 1.100000000000000000000000000000e+01 1.210000000000000000000000000000e+02 1.510000000000000000000000000000e+02
1.075000000000000000000000000000e+03 1.300000000000000000000000000000e+01 1.690000000000000000000000000000e+02 1.520000000000000000000000000000e+02
1.077000000000000000000000000000e+03 8.000000000000000000000000000000e+00 6.400000000000000000000000000000e+01 1.530000000000000000000000000000e+02
1.079000000000000000000000000000e+03 9.000000000000000000000000000000e+00 8.100000000000000000000000000000e+01 1.540000000000000000000000000000e+02
1.083000000000000000000000000000e+03 1.400000000000000000000000000000e+01 1.960000000000000000000000000000e+02 1.550000000000000000000000000000e+02
1.087000000000000000000000000000e+03 8.000000000000000000000000000000e+00 6.400000000000000000000000000000e+01 1.560000000000000000000000000000e+02
1.093000000000000000000000000000e+03 1.400000000000000000000000000000e+01 1.960000000000000000000000000000e+02 1.570000000000000000000000000000e+02
1.099000000000000000000000000000e+03 8.000000000000000000000000000000e+00 6.400000000000000000000000000000e+01 1.580000000000000000000000000000e+02
1.101000000000000000000000000000e+03 1.100000000000000000000000000000e+01 1.210000000000000000000000000000e+02 1.590000000000000000000000000000e+02
1.106000000000000000000000000000e+03 5.000000000000000000000000000000e+00 2.500000000000000000000000000000e+01 1.600000000000000000000000000000e+02
1.108000000000000000000000000000e+03 8.000000000000000000000000000000e+00 6.400000000000000000000000000000e+01 1.610000000000000000000000000000e+02
1.113000000000000000000000000000e+03 1.200000000000000000000000000000e+01 1.440000000000000000000000000000e+02 1.620000000000000000000000000000e+02
1.114000000000000000000000000000e+03 7.000000000000000000000000000000e+00 4.900000000000000000000000000000e+01 1.630000000000000000000000000000e+02
1.128000000000000000000000000000e+03 6.000000000000000000000000000000e+00 3.600000000000000000000000000000e+01 1.640000000000000000000000000000e+02
1.143000000000000000000000000000e+03 1.400000000000000000000000000000e+01 1.960000000000000000000000000000e+02 1.650000000000000000000000000000e+02
1.149000000000000000000000000000e+03 7.000000000000000000000000000000e+00 4.900000000000000000000000000000e+01 1.660000000000000000000000000000e+02
1.152000000000000000000000000000e+03 7.000000000000000000000000000000e+00 4.900000000000000000000000000000e+01 1.670000000000000000000000000000e+02
1.153000000000000000000000000000e+03 1.300000000000000000000000000000e+01 1.690000000000000000000000000000e+02 1.680000000000000000000000000000e+02
1.156000000000000000000000000000e+03 6.000000000000000000000000000000e+00 3.600000000000000000000000000000e+01 1.690000000000000000000000000000e+02
1.162000000000000000000000000000e+03 1.100000000000000000000000000000e+01 1.210000000000000000000000000000e+02 1.700000000000000000000000000000e+02
1.166000000000000000000000000000e+03 1.100000000000000000000000000000e+01 1.210000000000000000000000000000e+02 1.710000000000000000000000000000e+02
1.169000000000000000000000000000e+03 1.400000000000000000000000000000e+01 1.960000000000000000000000000000e+02 1.720000000000000000000000000000e+02
1.171000000000000000000000000000e+03 1.100000000000000000000000000000e+01 1.210000000000000000000000000000e+02 1.730000000000000000000000000000e+02
1.178000000000000000000000000000e+03 9.000000000000000000000000000000e+00 8.100000000000000000000000000000e+01 1.740000000000000000000000000000e+02
1.192000000000000000000000000000e+03 9.000000000000000000000000000000e+00 8.100000000000000000000000000000e+01 1.750000000000000000000000000000e+02
1.197000000000000000000000000000e+03 9.000000000000000000000000000000e+00 8.100000000000000000000000000000e+01 1.760000000000000000000000000000e+02
1.200000000000000000000000000000e+03 1.100000000000000000000000000000e+01 1.210000000000000000000000000000e+02 1.770000000000000000000000000000e+02
1.207000000000000000000000000000e+03 8.000000000000000000000000000000e+00 6.400000000000000000000000000000e+01 1.780000000000000000000000000000e+02
1.218000000000000000000000000000e+03 1.000000000000000000000000000000e+01 1.000000000000000000000000000000e+02 1.790000000000000000000000000000e+02
1.226000000000000000000000000000e+03 7.000000000000000000000000000000e+00 4.900000000000000000000000000000e+01 1.800000000000000000000000000000e+02
1.229000000000000000000000000000e+03 1.000000000000000000000000000000e+01 1.000000000000000000000000000000e+02 1.810000000000000000000000000000e+02
1.232000000000000000000000000000e+03 1.000000000000000000000000000000e+01 1.000000000000000000000000000000e+02 1.820000000000000000000000000000e+02
1.234000000000000000000000000000e+03 7.000000000000000000000000000000e+00 4.900000000000000000000000000000e+01 1.830000000000000000000000000000e+02
1.236000000000000000000000000000e+03 9.000000000000000000000000000000e+00 8.100000000000000000000000000000e+01 1.840000000000000000000000000000e+02
1.242000000000000000000000000000e+03 1.800000000000000000000000000000e+01 3.240000000000000000000000000000e+02 1.850000000000000000000000000000e+02
1.263000000000000000000000000000e+03 1.400000000000000000000000000000e+01 1.960000000000000000000000000000e+02 1.860000000000000000000000000000e+02
1.266000000000000000000000000000e+03 1.500000000000000000000000000000e+01 2.250000000000000000000000000000e+02 1.870000000000000000000000000000e+02
1.267000000000000000000000000000e+03 8.000000000000000000000000000000e+00 6.400000000000000000000000000000e+01 1.880000000000000000000000000000e+02
1.268000000000000000000000000000e+03 1.400000000000000000000000000000e+01 1.960000000000000000000000000000e+02 1.890000000000000000000000000000e+02
1.272000000000000000000000000000e+03 1.100000000000000000000000000000e+01 1.210000000000000000000000000000e+02 1.900000000000000000000000000000e+02
1.273000000000000000000000000000e+03 9.000000000000000000000000000000e+00 8.100000000000000000000000000000e+01 1.910000000000000000000000000000e+02
1.282000000000000000000000000000e+03 9.000000000000000000000000000000e+00 8.100000000000000000000000000000e+01 1.920000000000000000000000000000e+02
1.283000000000000000000000000000e+03 1.000000000000000000000000000000e+01 1.000000000000000000000000000000e+02 1.930000000000000000000000000000e+02
1.291000000000000000000000000000e+03 1.300000000000000000000000000000e+01 1.690000000000000000000000000000e+02 1.940000000000000000000000000000e+02
1.295000000000000000000000000000e+03 1.200000000000000000000000000000e+01 1.440000000000000000000000000000e+02 1.950000000000000000000000000000e+02
1.302000000000000000000000000000e+03 7.000000000000000000000000000000e+00 4.900000000000000000000000000000e+01 1.960000000000000000000000000000e+02
1.310000000000000000000000000000e+03 1.300000000000000000000000000000e+01 1.690000000000000000000000000000e+02 1.970000000000000000000000000000e+02
1.313000000000000000000000000000e+03 1.000000000000000000000000000000e+01 1.000000000000000000000000000000e+02 1.980000000000000000000000000000e+02
1.316000000000000000000000000000e+03 1.400000000000000000000000000000e+01 1.960000000000000000000000000000e+02 1.990000000000000000000000000000e+02
1.319000000000000000000000000000e+03 8.000000000000000000000000000000e+00 6.400000000000000000000000000000e+01 2.000000000000000000000000000000e+02
1.322000000000000000000000000000e+03 1.100000000000000000000000000000e+01 1.210000000000000000000000000000e+02 2.010000000000000000000000000000e+02
1.328000000000000000000000000000e+03 1.400000000000000000000000000000e+01 1.960000000000000000000000000000e+02 2.020000000000000000000000000000e+02
1.332000000000000000000000000000e+03 1.200000000000000000000000000000e+01 1.440000000000000000000000000000e+02 2.030000000000000000000000000000e+02
1.333000000000000000000000000000e+03 1.500000000000000000000000000000e+01 2.250000000000000000000000000000e+02 2.040000000000000000000000000000e+02
1.343000000000000000000000000000e+03 1.200000000000000000000000000000e+01 1.440000000000000000000000000000e+02 2.050000000000000000000000000000e+02
1.345000000000000000000000000000e+03 7.000000000000000000000000000000e+00 4.900000000000000000000000000000e+01 2.060000000000000000000000000000e+02
1.351000000000000000000000000000e+03 1.300000000000000000000000000000e+01 1.690000000000000000000000000000e+02 2.070000000000000000000000000000e+02
1.361000000000000000000000000000e+03 7.000000000000000000000000000000e+00 4.900000000000000000000000000000e+01 2.080000000000000000000000000000e+02
1.363000000000000000000000000000e+03 1.100000000000000000000000000000e+01 1.210000000000000000000000000000e+02 2.090000000000000000000000000000e+02
1.364000000000000000000000000000e+03 6.000000000000000000000000000000e+00 3.600000000000000000000000000000e+01 2.100000000000000000000000000000e+02
1.369000000000000000000000000000e+03 7.000000000000000000000000000000e+00 4.900000000000000000000000000000e+01 2.110000000000000000000000000000e+02
1.381000000000000000000000000000e+03 1.100000000000000000000000000000e+01 1.210000000000000000000000000000e+02 2.120000000000000000000000000000e+02
1.383000000000000000000000000000e+03 8.000000000000000000000000000000e+00 6.400000000000000000000000000000e+01 2.130000000000000000000000000000e+02
1.387000000000000000000000000000e+03 1.200000000000000000000000000000e+01 1.440000000000000000000000000000e+02 2.140000000000000000000000000000e+02
1.392000000000000000000000000000e+03 1.500000000000000000000000000000e+01 2.250000000000000000000000000000e+02 2.150000000000000000000000000000e+02
1.397000000000000000000000000000e+03 5.000000000000000000000000000000e+00 2.500000000000000000000000000000e+01 2.160000000000000000000000000000e+02
1.404000000000000000000000000000e+03 1.300000000000000000000000000000e+01 1.690000000000000000000000000000e+02 2.170000000000000000000000000000e+02
1.410000000000000000000000000000e+03 5.000000000000000000000000000000e+00 2.500000000000000000000000000000e+01 2.180000000000000000000000000000e+02
1.412000000000000000000000000000e+03 1.200000000000000000000000000000e+01 1.440000000000000000000000000000e+02 2.190000000000000000000000000000e+02
1.413000000000000000000000000000e+03 7.000000000000000000000000000000e+00 4.900000000000000000000000000000e+01 2.200000000000000000000000000000e+02
1.420000000000000000000000000000e+03 9.000000000000000000000000000000e+00 8.100000000000000000000000000000e+01 2.210000000000000000000000000000e+02
1.422000000000000000000000000000e+03 1.100000000000000000000000000000e+01 1.210000000000000000000000000000e+02 2.220000000000000000000000000000e+02
1.423000000000000000000000000000e+03 1.000000000000000000000000000000e+01 1.000000000000000000000000000000e+02 2.230000000000000000000000000000e+02
1.424000000000000000000000000000e+03 1.100000000000000000000000000000e+01 1.210000000000000000000000000000e+02 2.240000000000000000000000000000e+02
1.428000000000000000000000000000e+03 1.000000000000000000000000000000e+01 1.000000000000000000000000000000e+02 2.250000000000000000000000000000e+02
1.429000000000000000000000000000e+03 1.000000000000000000000000000000e+01 1.000000000000000000000000000000e+02 2.260000000000000000000000000000e+02
1.433000000000000000000000000000e+03 9.000000000000000000000000000000e+00 8.100000000000000000000000000000e+01 2.270000000000000000000000000000e+02
1.444000000000000000000000000000e+03 4.000000000000000000000000000000e+00 1.600000000000000000000000000000e+01 2.280000000000000000000000000000e+02
1.469000000000000000000000000000e+03 8.000000000000000000000000000000e+00 6.400000000000000000000000000000e+01 2.290000000000000000000000000000e+02
1.473000000000000000000000000000e+03 7.000000000000000000000000000000e+00 4.900000000000000000000000000000e+01 2.300000000000000000000000000000e+02
1.488000000000000000000000000000e+03 1.800000000000000000000000000000e+01 3.240000000000000000000000000000e+02 2.310000000000000000000000000000e+02
1.501000000000000000000000000000e+03 1.600000000000000000000000000000e+01 2.560000000000000000000000000000e+02 2.320000000000000000000000000000e+02
1.502000000000000000000000000000e+03 1.300000000000000000000000000000e+01 1.690000000000000000000000000000e+02 2.330000000000000000000000000000e+02
1.503000000000000000000000000000e+03 9.000000000000000000000000000000e+00 8.100000000000000000000000000000e+01 2.340000000000000000000000000000e+02
1.510000000000000000000000000000e+03 1.400000000000000000000000000000e+01 1.960000000000000000000000000000e+02 2.350000000000000000000000000000e+02
1.513000000000000000000000000000e+03 1.000000000000000000000000000000e+01 1.000000000000000000000000000000e+02 2.360000000000000000000000000000e+02
1.518000000000000000000000000000e+03 1.300000000000000000000000000000e+01 1.690000000000000000000000000000e+02 2.370000000000000000000000000000e+02
1.519000000000000000000000000000e+03 1.300000000000000000000000000000e+01 1.690000000000000000000000000000e+02 2.380000000000000000000000000000e+02
1.524000000000000000000000000000e+03 1.200000000000000000000000000000e+01 1.440000000000000000000000000000e+02 2.390000000000000000000000000000e+02
1.542000000000000000000000000000e+03 1.000000000000000000000000000000e+01 1.000000000000000000000000000000e+02 2.400000000000000000000000000000e+02
1.557000000000000000000000000000e+03 6.000000000000000000000000000000e+00 3.600000000000000000000000000000e+01 2.410000000000000000000000000000e+02
1.571000000000000000000000000000e+03 1.100000000000000000000000000000e+01 1.210000000000000000000000000000e+02 2.420000000000000000000000000000e+02
1.573000000000000000000000000000e+03 1.300000000000000000000000000000e+01 1.690000000000000000000000000000e+02 2.430000000000000000000000000000e+02
1.580000000000000000000000000000e+03 7.000000000000000000000000000000e+00 4.900000000000000000000000000000e+01 2.440000000000000000000000000000e+02
1.586000000000000000000000000000e+03 1.300000000000000000000000000000e+01 1.690000000000000000000000000000e+02 2.450000000000000000000000000000e+02
1.592000000000000000000000000000e+03 1.600000000000000000000000000000e+01 2.560000000000000000000000000000e+02 2.460000000000000000000000000000e+02
1.600000000000000000000000000000e+03 2.000000000000000000000000000000e+00 4.000000000000000000000000000000e+00 2.470000000000000000000000000000e+02
1.604000000000000000000000000000e+03 9.000000000000000000000000000000e+00 8.100000000000000000000000000000e+01 2.480000000000000000000000000000e+02
1.611000000000000000000000000000e+03 3.000000000000000000000000000000e+00 9.000000000000000000000000000000e+00 2.490000000000000000000000000000e+02
1.614000000000000000000000000000e+03 1.200000000000000000000000000000e+01 1.440000000000000000000000000000e+02 2.500000000000000000000000000000e+02
1.618000000000000000000000000000e+03 9.000000000000000000000000000000e+00 8.100000000000000000000000000000e+01 2.510000000000000000000000000000e+02
1.625000000000000000000000000000e+03 1.200000000000000000000000000000e+01 1.440000000000000000000000000000e+02 2.520000000000000000000000000000e+02
1.630000000000000000000000000000e+03 8.000000000000000000000000000000e+00 6.400000000000000000000000000000e+01 2.530000000000000000000000000000e+02
1.631000000000000000000000000000e+03 6.000000000000000000000000000000e+00 3.600000000000000000000000000000e+01 2.540000000000000000000000000000e+02
1.647000000000000000000000000000e+03 6.000000000000000000000000000000e+00 3.600000000000000000000000000000e+01 2.550000000000000000000000000000e+02
1.648000000000000000000000000000e+03 1.400000000000000000000000000000e+01 1.960000000000000000000000000000e+02 2.560000000000000000000000000000e+02
1.654000000000000000000000000000e+03 9.000000000000000000000000000000e+00 8.100000000000000000000000000000e+01 2.570000000000000000000000000000e+02
1.659000000000000000000000000000e+03 1.600000000000000000000000000000e+01 2.560000000000000000000000000000e+02 2.580000000000000000000000000000e+02
1.665000000000000000000000000000e+03 1.000000000000000000000000000000e+01 1.000000000000000000000000000000e+02 2.590000000000000000000000000000e+02
1.675000000000000000000000000000e+03 1.200000000000000000000000000000e+01 1.440000000000000000000000000000e+02 2.600000000000000000000000000000e+02
1.683000000000000000000000000000e+03 7.000000000000000000000000000000e+00 4.900000000000000000000000000000e+01 2.610000000000000000000000000000e+02
1.688000000000000000000000000000e+03 1.100000000000000000000000000000e+01 1.210000000000000000000000000000e+02 2.620000000000000000000000000000e+02
1.689000000000000000000000000000e+03 1.100000000000000000000000000000e+01 1.210000000000000000000000000000e+02 2.630000000000000000000000000000e+02
1.698000000000000000000000000000e+03 1.400000000000000000000000000000e+01 1.960000000000000000000000000000e+02 2.640000000000000000000000000000e+02
1.700000000000000000000000000000e+03 1.000000000000000000000000000000e+01 1.000000000000000000000000000000e+02 2.650000000000000000000000000000e+02
1.702000000000000000000000000000e+03 1.400000000000000000000000000000e+01 1.960000000000000000000000000000e+02 2.660000000000000000000000000000e+02
1.704000000000000000000000000000e+03 6.000000000000000000000000000000e+00 3.600000000000000000000000000000e+01 2.670000000000000000000000000000e+02
1.717000000000000000000000000000e+03 1.500000000000000000000000000000e+01 2.250000000000000000000000000000e+02 2.680000000000000000000000000000e+02
1.720000000000000000000000000000e+03 1.400000000000000000000000000000e+01 1.960000000000000000000000000000e+02 2.690000000000000000000000000000e+02
1.721000000000000000000000000000e+03 1.000000000000000000000000000000e+01 1.000000000000000000000000000000e+02 2.700000000000000000000000000000e+02
1.726000000000000000000000000000e+03 1.000000000000000000000000000000e+01 1.000000000000000000000000000000e+02 2.710000000000000000000000000000e+02
1.727000000000000000000000000000e+03 1.000000000000000000000000000000e+01 1.000000000000000000000000000000e+02 2.720000000000000000000000000000e+02
1.730000000000000000000000000000e+03 1.500000000000000000000000000000e+01 2.250000000000000000000000000000e+02 2.730000000000000000000000000000e+02
1.732000000000000000000000000000e+03 9.000000000000000000000000000000e+00 8.100000000000000000000000000000e+01 2.740000000000000000000000000000e+02
1.733000000000000000000000000000e+03 1.400000000000000000000000000000e+01 1.960000000000000000000000000000e+02 2.750000000000000000000000000000e+02
1.734000000000000000000000000000e+03 1.200000000000000000000000000000e+01 1.440000000000000000000000000000e+02 2.760000000000000000000000000000e+02
1.751000000000000000000000000000e+03 9.000000000000000000000000000000e+00 8.100000000000000000000000000000e+01 2.770000000000000000000000000000e+02
1.761000000000000000000000000000e+03 8.000000000000000000000000000000e+00 6.400000000000000000000000000000e+01 2.780000000000000000000000000000e+02
1.762000000000000000000000000000e+03 9.000000000000000000000000000000e+00 8.100000000000000000000000000000e+01 2.790000000000000000000000000000e+02
1.764000000000000000000000000000e+03 1.100000000000000000000000000000e+01 1.210000000000000000000000000000e+02 2.800000000000000000000000000000e+02
1.765000000000000000000000000000e+03 1.400000000000000000000000000000e+01 1.960000000000000000000000000000e+02 2.810000000000000000000000000000e+02
1.767000000000000000000000000000e+03 1.100000000000000000000000000000e+01 1.210000000000000000000000000000e+02 2.820000000000000000000000000000e+02
1.773000000000000000000000000000e+03 1.800000000000000000000000000000e+01 3.240000000000000000000000000000e+02 2.830000000000000000000000000000e+02
1.777000000000000000000000000000e+03 8.000000000000000000000000000000e+00 6.400000000000000000000000000000e+01 2.840000000000000000000000000000e+02
1.780000000000000000000000000000e+03 1.200000000000000000000000000000e+01 1.440000000000000000000000000000e+02 2.850000000000000000000000000000e+02
1.786000000000000000000000000000e+03 1.300000000000000000000000000000e+01 1.690000000000000000000000000000e+02 2.860000000000000000000000000000e+02
1.788000000000000000000000000000e+03 9.000000000000000000000000000000e+00 8.100000000000000000000000000000e+01 2.870000000000000000000000000000e+02
1.792000000000000000000000000000e+03 1.600000000000000000000000000000e+01 2.560000000000000000000000000000e+02 2.880000000000000000000000000000e+02
1.808000000000000000000000000000e+03 8.000000000000000000000000000000e+00 6.400000000000000000000000000000e+01 2.890000000000000000000000000000e+02
1.826000000000000000000000000000e+03 1.400000000000000000000000000000e+01 1.960000000000000000000000000000e+02 2.900000000000000000000000000000e+02
1.827000000000000000000000000000e+03 1.000000000000000000000000000000e+01 1.000000000000000000000000000000e+02 2.910000000000000000000000000000e+02
1.833000000000000000000000000000e+03 9.000000000000000000000000000000e+00 8.100000000000000000000000000000e+01 2.920000000000000000000000000000e+02
1.834000000000000000000000000000e+03 1.200000000000000000000000000000e+01 1.440000000000000000000000000000e+02 2.930000000000000000000000000000e+02
1.835000000000000000000000000000e+03 1.600000000000000000000000000000e+01 2.560000000000000000000000000000e+02 2.940000000000000000000000000000e+02
1.853000000000000000000000000000e+03 1.300000000000000000000000000000e+01 1.690000000000000000000000000000e+02 2.950000000000000000000000000000e+02
1.871000000000000000000000000000e+03 1.200000000000000000000000000000e+01 1.440000000000000000000000000000e+02 2.960000000000000000000000000000e+02
1.888000000000000000000000000000e+03 1.300000000000000000000000000000e+01 1.690000000000000000000000000000e+02 2.970000000000000000000000000000e+02
1.890000000000000000000000000000e+03 1.200000000000000000000000000000e+01 1.440000000000000000000000000000e+02 2.980000000000000000000000000000e+02
1.896000000000000000000000000000e+03 7.000000000000000000000000000000e+00 4.900000000000000000000000000000e+01 2.990000000000000000000000000000e+02
1.898000000000000000000000000000e+03 1.300000000000000000000000000000e+01 1.690000000000000000000000000000e+02 3.000000000000000000000000000000e+02
1.899000000000000000000000000000e+03 9.000000000000000000000000000000e+00 8.100000000000000000000000000000e+01 3.010000000000000000000000000000e+02
1.915000000000000000000000000000e+03 9.000000000000000000000000000000e+00 8.100000000000000000000000000000e+01 3.020000000000000000000000000000e+02
1.928000000000000000000000000000e+03 8.000000000000000000000000000000e+00 6.400000000000000000000000000000e+01 3.030000000000000000000000000000e+02
1.934000000000000000000000000000e+03 1.100000000000000000000000000000e+01 1.210000000000000000000000000000e+02 3.040000000000000000000000000000e+02
1.942000000000000000000000000000e+03 1.300000000000000000000000000000e+01 1.690000000000000000000000000000e+02 3.050000000000000000000000000000e+02
1.945000000000000000000000000000e+03 8.000000000000000000000000000000e+00 6.400000000000000000000000000000e+01 3.060000000000000000000000000000e+02
1.954000000000000000000000000000e+03 8.000000000000000000000000000000e+00 6.400000000000000000000000000000e+01 3.070000000000000000000000000000e+02
1.967000000000000000000000000000e+03 1.100000000000000000000000000000e+01 1.210000000000000000000000000000e+02 3.080000000000000000000000000000e+02
1.975000000000000000000000000000e+03 1.400000000000000000000000000000e+01 1.960000000000000000000000000000e+02 3.090000000000000000000000000000e+02
1.990000000000000000000000000000e+03 1.000000000000000000000000000000e+01 1.000000000000000000000000000000e+02 3.100000000000000000000000000000e+02
1.992000000000000000000000000000e+03 1.100000000000000000000000000000e+01 1.210000000000000000000000000000e+02 3.110000000000000000000000000000e+02
1.998000000000000000000000000000e+03 1.500000000000000000000000000000e+01 2.250000000000000000000000000000e+02 3.120000000000000000000000000000e+02
2.011000000000000000000000000000e+03 1.200000000000000000000000000000e+01 1.440000000000000000000000000000e+02 3.130000000000000000000000000000e+02
2.019000000000000000000000000000e+03 2.100000000000000000000000000000e+01 4.410000000000000000000000000000e+02 3.140000000000000000000000000000e+02
2.026000000000000000000000000000e+03 8.000000000000000000000000000000e+00 6.400000000000000000000000000000e+01 3.150000000000000000000000000000e+02
2.035000000000000000000000000000e+03 9.000000000000000000000000000000e+00 8.100000000000000000000000000000e+01 3.160000000000000000000000000000e+02
2.037000000000000000000000000000e+03 8.000000000000000000000000000000e+00 6.400000000000000000000000000000e+01 3.170000000000000000000000000000e+02
2.040000000000000000000000000000e+03 1.200000000000000000000000000000e+01 1.440000000000000000000000000000e+02 3.180000000000000000000000000000e+02
2.044000000000000000000000000000e+03 8.000000000000000000000000000000e+00 6.400000000000000000000000000000e+01 3.190000000000000000000000000000e+02
2.047000000000000000000000000000e+03 8.000000000000000000000000000000e+00 6.400000000000000000000000000000e+01 3.200000000000000000000000000000e+02
2.048000000000000000000000000000e+03 5.000000000000000000000000000000e+00 2.500000000000000000000000000000e+01 3.210000000000000000000000000000e+02
2.064000000000000000000000000000e+03 7.000000000000000000000000000000e+00 4.900000000000000000000000000000e+01 3.220000000000000000000000000000e+02
2.065000000000000000000000000000e+03 5.000000000000000000000000000000e+00 2.500000000000000000000000000000e+01 3.230000000000000000000000000000e+02
2.079000000000000000000000000000e+03 1.700000000000000000000000000000e+01 2.890000000000000000000000000000e+02 3.240000000000000000000000000000e+02
2.088000000000000000000000000000e+03 9.000000000000000000000000000000e+00 8.100000000000000000000000000000e+01 3.250000000000000000000000000000e+02
2.093000000000000000000000000000e+03 1.200000000000000000000000000000e+01 1.440000000000000000000000000000e+02 3.260000000000000000000000000000e+02
2.094000000000000000000000000000e+03 9.000000000000000000000000000000e+00 8.100000000000000000000000000000e+01 3.270000000000000000000000000000e+02
2.106000000000000000000000000000e+03 1.200000000000000000000000000000e+01 1.440000000000000000000000000000e+02 3.280000000000000000000000000000e+02
2.107000000000000000000000000000e+03 1.200000000000000000000000000000e+01 1.440000000000000000000000000000e+02 3.290000000000000000000000000000e+02
2.131000000000000000000000000000e+03 1.000000000000000000000000000000e+01 1.000000000000000000000000000000e+02 3.300000000000000000000000000000e+02
2.142000000000000000000000000000e+03 1.100000000000000000000000000000e+01 1.210000000000000000000000000000e+02 3.310000000000000000000000000000e+02
2.143000000000000000000000000000e+03 6.000000000000000000000000000000e+00 3.600000000000000000000000000000e+01 3.320000000000000000000000000000e+02
2.145000000000000000000000000000e+03 9.000000000000000000000000000000e+00 8.100000000000000000000000000000e+01 3.330000000000000000000000000000e+02
2.147000000000000000000000000000e+03 1.000000000000000000000000000000e+01 1.000000000000000000000000000000e+02 3.340000000000000000000000000000e+02
2.150000000000000000000000000000e+03 1.300000000000000000000000000000e+01 1.690000000000000000000000000000e+02 3.350000000000000000000000000000e+02
2.163000000000000000000000000000e+03 1.700000000000000000000000000000e+01 2.890000000000000000000000000000e+02 3.360000000000000000000000000000e+02
2.164000000000000000000000000000e+03 1.300000000000000000000000000000e+01 1.690000000000000000000000000000e+02 3.370000000000000000000000000000e+02
2.178000000000000000000000000000e+03 1.000000000000000000000000000000e+01 1.000000000000000000000000000000e+02 3.380000000000000000000000000000e+02
2.180000000000000000000000000000e+03 8.000000000000000000000000000000e+00 6.400000000000000000000000000000e+01 3.390000000000000000000000000000e+02
2.184000000000000000000000000000e+03 1.600000000000000000000000000000e+01 2.560000000000000000000000000000e+02 3.400000000000000000000000000000e+02
2.189000000000000000000000000000e+03 1.000000000000000000000000000000e+01 1.000000000000000000000000000000e+02 3.410000000000000000000000000000e+02
2.195000000000000000000000000000e+03 1.100000000000000000000000000000e+01 1.210000000000000000000000000000e+02 3.420000000000000000000000000000e+02
2.197000000000000000000000000000e+03 1.100000000000000000000000000000e+01 1.210000000000000000000000000000e+02 3.430000000000000000000000000000e+02
2.203000000000000000000000000000e+03 6.000000000000000000000000000000e+00 3.600000000000000000000000000000e+01 3.440000000000000000000000000000e+02
2.215000000000000000000000000000e+03 5.000000000000000000000000000000e+00 2.500000000000000000000000000000e+01 3.450000000000000000000000000000e+02
2.216000000000000000000000000000e+03 9.000000000000000000000000000000e+00 8.100000000000000000000000000000e+01 3.460000000000000000000000000000e+02
2.224000000000000000000000000000e+03 6.000000000000000000000000000000e+00 3.600000000000000000000000000000e+01 3.470000000000000000000000000000e+02
2.245000000000000000000000000000e+03 1.200000000000000000000000000000e+01 1.440000000000000000000000000000e+02 3.480000000000000000000000000000e+02
2.250000000000000000000000000000e+03 1.300000000000000000000000000000e+01 1.690000000000000000000000000000e+02 3.490000000000000000000000000000e+02
2.253000000000000000000000000000e+03 1.100000000000000000000000000000e+01 1.210000000000000000000000000000e+02 3.500000000000000000000000000000e+02
2.257000000000000000000000000000e+03 1.200000000000000000000000000000e+01 1.440000000000000000000000000000e+02 3.510000000000000000000000000000e+02
2.260000000000000000000000000000e+03 1.300000000000000000000000000000e+01 1.690000000000000000000000000000e+02 3.520000000000000000000000000000e+02
2.266000000000000000000000000000e+03 1.000000000000000000000000000000e+01 1.000000000000000000000000000000e+02 3.530000000000000000000000000000e+02
2.267000000000000000000000000000e+03 1.200000000000000000000000000000e+01 1.440000000000000000000000000000e+02 3.540000000000000000000000000000e+02
2.274000000000000000000000000000e+03 1.000000000000000000000000000000e+01 1.000000000000000000000000000000e+02 3.550000000000000000000000000000e+02
2.276000000000000000000000000000e+03 1.300000000000000000000000000000e+01 1.690000000000000000000000000000e+02 3.560000000000000000000000000000e+02
2.282000000000000000000000000000e+03 1.100000000000000000000000000000e+01 1.210000000000000000000000000000e+02 3.570000000000000000000000000000e+02
2.291000000000000000000000000000e+03 1.300000000000000000000000000000e+01 1.690000000000000000000000000000e+02 3.580000000000000000000000000000e+02
2.296000000000000000000000000000e+03 9.000000000000000000000000000000e+00 8.100000000000000000000000000000e+01 3.590000000000000000000000000000e+02
2.300000000000000000000000000000e+03 1.100000000000000000000000000000e+01 1.210000000000000000000000000000e+02 3.600000000000000000000000000000e+02
2.306000000000000000000000000000e+03 1.600000000000000000000000000000e+01 2.560000000000000000000000000000e+02 3.610000000000000000000000000000e+02
2.309000000000000000000000000000e+03 1.100000000000000000000000000000e+01 1.210000000000000000000000000000e+02 3.620000000000000000000000000000e+02
2.312000000000000000000000000000e+03 1.000000000000000000000000000000e+01 1.000000000000000000000000000000e+02 3.630000000000000000000000000000e+02
2.330000000000000000000000000000e+03 9.000000000000000000000000000000e+00 8.100000000000000000000000000000e+01 3.640000000000000000000000000000e+02
2.336000000000000000000000000000e+03 1.000000000000000000000000000000e+01 1.000000000000000000000000000000e+02 3.650000000000000000000000000000e+02
2.339000000000000000000000000000e+03 1.200000000000000000000000000000e+01 1.440000000000000000000000000000e+02 3.660000000000000000000000000000e+02
2.355000000000000000000000000000e+03 1.200000000000000000000000000000e+01 1.440000000000000000000000000000e+02 3.670000000000000000000000000000e+02
2.356000000000000000000000000000e+03 7.000000000000000000000000000000e+00 4.900000000000000000000000000000e+01 3.680000000000000000000000000000e+02
2.359000000000000000000000000000e+03 8.000000000000000000000000000000e+00 6.400000000000000000000000000000e+01 3.690000000000000000000000000000e+02
2.360000000000000000000000000000e+03 5.000000000000000000000000000000e+00 2.500000000000000000000000000000e+01 3.700000000000000000000000000000e+02
2.372000000000000000000000000000e+03 1.000000000000000000000000000000e+01 1.000000000000000000000000000000e+02 3.710000000000000000000000000000e+02
2.380000000000000000000000000000e+03 1.000000000000000000000000000000e+01 1.000000000000000000000000000000e+02 3.720000000000000000000000000000e+02
2.381000000000000000000000000000e+03 9.000000000000000000000000000000e+00 8.100000000000000000000000000000e+01 3.730000000000000000000000000000e+02
2.397000000000000000000000000000e+03 6.000000000000000000000000000000e+00 3.600000000000000000000000000000e+01 3.740000000000000000000000000000e+02
2.405000000000000000000000000000e+03 7.000000000000000000000000000000e+00 4.900000000000000000000000000000e+01 3.750000000000000000000000000000e+02
2.413000000000000000000000000000e+03 1.300000000000000000000000000000e+01 1.690000000000000000000000000000e+02 3.760000000000000000000000000000e+02
2.423000000000000000000000000000e+03 1.700000000000000000000000000000e+01 2.890000000000000000000000000000e+02 3.770000000000000000000000000000e+02
2.431000000000000000000000000000e+03 1.000000000000000000000000000000e+01 1.000000000000000000000000000000e+02 3.780000000000000000000000000000e+02
2.433000000000000000000000000000e+03 1.000000000000000000000000000000e+01 1.000000000000000000000000000000e+02 3.790000000000000000000000000000e+02
2.439000000000000000000000000000e+03 1.200000000000000000000000000000e+01 1.440000000000000000000000000000e+02 3.800000000000000000000000000000e+02
2.441000000000000000000000000000e+03 1.200000000000000000000000000000e+01 1.440000000000000000000000000000e+02 3.810000000000000000000000000000e+02
2.450000000000000000000000000000e+03 1.100000000000000000000000000000e+01 1.210000000000000000000000000000e+02 3.820000000000000000000000000000e+02
2.459000000000000000000000000000e+03 1.100000000000000000000000000000e+01 1.210000000000000000000000000000e+02 3.830000000000000000000000000000e+02
2.462000000000000000000000000000e+03 1.300000000000000000000000000000e+01 1.690000000000000000000000000000e+02 3.840000000000000000000000000000e+02
2.472000000000000000000000000000e+03 1.500000000000000000000000000000e+01 2.250000000000000000000000000000e+02 3.850000000000000000000000000000e+02
2.490000000000000000000000000000e+03 7.000000000000000000000000000000e+00 4.900000000000000000000000000000e+01 3.860000000000000000000000000000e+02
2.504000000000000000000000000000e+03 9.000000000000000000000000000000e+00 8.100000000000000000000000000000e+01 3.870000000000000000000000000000e+02
2.533000000000000000000000000000e+03 8.000000000000000000000000000000e+00 6.400000000000000000000000000000e+01 3.880000000000000000000000000000e+02
2.547000000000000000000000000000e+03 9.000000000000000000000000000000e+00 8.100000000000000000000000000000e+01 3.890000000000000000000000000000e+02
2.548000000000000000000000000000e+03 1.000000000000000000000000000000e+01 1.000000000000000000000000000000e+02 3.900000000000000000000000000000e+02
2.569000000000000000000000000000e+03 1.700000000000000000000000000000e+01 2.890000000000000000000000000000e+02 3.910000000000000000000000000000e+02
2.581000000000000000000000000000e+03 1.200000000000000000000000000000e+01 1.440000000000000000000000000000e+02 3.920000000000000000000000000000e+02
2.592000000000000000000000000000e+03 8.000000000000000000000000000000e+00 6.400000000000000000000000000000e+01 3.930000000000000000000000000000e+02
2.602000000000000000000000000000e+03 1.200000000000000000000000000000e+01 1.440000000000000000000000000000e+02 3.940000000000000000000000000000e+02
2.605000000000000000000000000000e+03 9.000000000000000000000000000000e+00 8.100000000000000000000000000000e+01 3.950000000000000000000000000000e+02
2.613000000000000000000000000000e+03 1.100000000000000000000000000000e+01 1.210000000000000000000000000000e+02 3.960000000000000000000000000000e+02
2.623000000000000000000000000000e+03 1.300000000000000000000000000000e+01 1.690000000000000000000000000000e+02 3.970000000000000000000000000000e+02
2.624000000000000000000000000000e+03 8.000000000000000000000000000000e+00 6.400000000000000000000000000000e+01 3.980000000000000000000000000000e+02
2.633000000000000000000000000000e+03 7.000000000000000000000000000000e+00 4.900000000000000000000000000000e+01 3.990000000000000000000000000000e+02
