0.000000000000000000000000000000e+00 9.900000000000000000000000000000e+01 9.801990000000000000000000000000e+05 0.000000000000000000000000000000e+00
1.000000000000000000000000000000e+00 3.400000000000000000000000000000e+01 4.049400000000000000000000000000e+04 1.000000000000000000000000000000e+00
2.000000000000000000000000000000e+00 3.500000000000000000000000000000e+01 4.413500000000000000000000000000e+04 2.000000000000000000000000000000e+00
3.000000000000000000000000000000e+00 1.600000000000000000000000000000e+01 4.368000000000000000000000000000e+03 3.000000000000000000000000000000e+00
6.000000000000000000000000000000e+00 1.500000000000000000000000000000e+01 3.615000000000000000000000000000e+03 4.000000000000000000000000000000e+00
7.000000000000000000000000000000e+00 1.350000000000000000000000000000e+02 2.478735000000000000000000000000e+06 5.000000000000000000000000000000e+00
8.000000000000000000000000000000e+00 7.000000000000000000000000000000e+00 3.990000000000000000000000000000e+02 6.000000000000000000000000000000e+00
1.000000000000000000000000000000e+01 2.000000000000000000000000000000e+00 1.400000000000000000000000000000e+01 7.000000000000000000000000000000e+00
1.300000000000000000000000000000e+01 2.000000000000000000000000000000e+01 8.420000000000000000000000000000e+03 8.000000000000000000000000000000e+00
1.600000000000000000000000000000e+01 3.200000000000000000000000000000e+01 3.382400000000000000000000000000e+04 9.000000000000000000000000000000e+00
1.900000000000000000000000000000e+01 1.800000000000000000000000000000e+01 6.174000000000000000000000000000e+03 1.000000000000000000000000000000e+01
2.000000000000000000000000000000e+01 3.400000000000000000000000000000e+01 4.049400000000000000000000000000e+04 1.100000000000000000000000000000e+01
2.100000000000000000000000000000e+01 1.700000000000000000000000000000e+01 5.219000000000000000000000000000e+03 1.200000000000000000000000000000e+01
2.800000000000000000000000000000e+01 3.600000000000000000000000000000e+01 4.798800000000000000000000000000e+04 1.300000000000000000000000000000e+01
3.000000000000000000000000000000e+01 9.000000000000000000000000000000e+00 8.190000000000000000000000000000e+02 1.400000000000000000000000000000e+01
3.200000000000000000000000000000e+01 5.000000000000000000000000000000e+00 1.550000000000000000000000000000e+02 1.500000000000000000000000000000e+01
3.300000000000000000000000000000e+01 2.100000000000000000000000000000e+01 9.723000000000000000000000000000e+03 1.600000000000000000000000000000e+01
3.400000000000000000000000000000e+01 1.900000000000000000000000000000e+01 7.239000000000000000000000000000e+03 1.700000000000000000000000000000e+01
3.500000000000000000000000000000e+01 4.500000000000000000000000000000e+01 9.319500000000000000000000000000e+04 1.800000000000000000000000000000e+01
3.600000000000000000000000000000e+01 4.600000000000000000000000000000e+01 9.949800000000000000000000000000e+04 1.900000000000000000000000000000e+01
3.800000000000000000000000000000e+01 2.000000000000000000000000000000e+01 8.420000000000000000000000000000e+03 2.000000000000000000000000000000e+01
3.900000000000000000000000000000e+01 1.900000000000000000000000000000e+01 7.239000000000000000000000000000e+03 2.100000000000000000000000000000e+01
4.000000000000000000000000000000e+01 1.900000000000000000000000000000e+01 7.239000000000000000000000000000e+03 2.200000000000000000000000000000e+01
4.300000000000000000000000000000e+01 3.900000000000000000000000000000e+01 6.087900000000000000000000000000e+04 2.300000000000000000000000000000e+01
4.400000000000000000000000000000e+01 2.900000000000000000000000000000e+01 2.525900000000000000000000000000e+04 2.400000000000000000000000000000e+01
4.600000000000000000000000000000e+01 8.000000000000000000000000000000e+00 5.840000000000000000000000000000e+02 2.500000000000000000000000000000e+01
4.700000000000000000000000000000e+01 1.700000000000000000000000000000e+01 5.219000000000000000000000000000e+03 2.600000000000000000000000000000e+01
4.900000000000000000000000000000e+01 4.300000000000000000000000000000e+01 8.139900000000000000000000000000e+04 2.700000000000000000000000000000e+01
5.000000000000000000000000000000e+01 2.000000000000000000000000000000e+00 1.400000000000000000000000000000e+01 2.800000000000000000000000000000e+01
5.200000000000000000000000000000e+01 4.200000000000000000000000000000e+01 7.589400000000000000000000000000e+04 2.900000000000000000000000000000e+01
5.400000000000000000000000000000e+01 3.300000000000000000000000000000e+01 3.705900000000000000000000000000e+04 3.000000000000000000000000000000e+01
5.500000000000000000000000000000e+01 9.000000000000000000000000000000e+00 8.190000000000000000000000000000e+02 3.100000000000000000000000000000e+01
5.600000000000000000000000000000e+01 9.000000000000000000000000000000e+00 8.190000000000000000000000000000e+02 3.200000000000000000000000000000e+01
6.200000000000000000000000000000e+01 1.200000000000000000000000000000e+01 1.884000000000000000000000000000e+03 3.300000000000000000000000000000e+01
6.300000000000000000000000000000e+01 2.600000000000000000000000000000e+01 1.827800000000000000000000000000e+04 3.400000000000000000000000000000e+01
6.400000000000000000000000000000e+01 4.000000000000000000000000000000e+00 8.400000000000000000000000000000e+01 3.500000000000000000000000000000e+01
6.600000000000000000000000000000e+01 3.000000000000000000000000000000e+00 3.900000000000000000000000000000e+01 3.600000000000000000000000000000e+01
6.800000000000000000000000000000e+01 2.200000000000000000000000000000e+01 1.115400000000000000000000000000e+04 3.700000000000000000000000000000e+01
6.900000000000000000000000000000e+01 5.700000000000000000000000000000e+01 1.884990000000000000000000000000e+05 3.800000000000000000000000000000e+01
7.000000000000000000000000000000e+01 7.400000000000000000000000000000e+01 4.107740000000000000000000000000e+05 3.900000000000000000000000000000e+01
7.100000000000000000000000000000e+01 2.000000000000000000000000000000e+00 1.400000000000000000000000000000e+01 4.000000000000000000000000000000e+01
7.200000000000000000000000000000e+01 2.100000000000000000000000000000e+01 9.723000000000000000000000000000e+03 4.100000000000000000000000000000e+01
7.400000000000000000000000000000e+01 2.000000000000000000000000000000e+00 1.400000000000000000000000000000e+01 4.200000000000000000000000000000e+01
7.700000000000000000000000000000e+01 6.100000000000000000000000000000e+01 2.307630000000000000000000000000e+05 4.300000000000000000000000000000e+01
8.200000000000000000000000000000e+01 1.200000000000000000000000000000e+01 1.884000000000000000000000000000e+03 4.400000000000000000000000000000e+01
8.400000000000000000000000000000e+01 6.600000000000000000000000000000e+01 2.919180000000000000000000000000e+05 4.500000000000000000000000000000e+01
8.500000000000000000000000000000e+01 1.300000000000000000000000000000e+01 2.379000000000000000000000000000e+03 4.600000000000000000000000000000e+01
8.600000000000000000000000000000e+01 5.000000000000000000000000000000e+00 1.550000000000000000000000000000e+02 4.700000000000000000000000000000e+01
8.900000000000000000000000000000e+01 5.000000000000000000000000000000e+00 1.550000000000000000000000000000e+02 4.800000000000000000000000000000e+01
9.200000000000000000000000000000e+01 8.000000000000000000000000000000e+00 5.840000000000000000000000000000e+02 4.900000000000000000000000000000e+01
9.400000000000000000000000000000e+01 1.000000000000000000000000000000e+01 1.110000000000000000000000000000e+03 5.000000000000000000000000000000e+01
9.600000000000000000000000000000e+01 2.300000000000000000000000000000e+01 1.271900000000000000000000000000e+04 5.100000000000000000000000000000e+01
9.700000000000000000000000000000e+01 2.800000000000000000000000000000e+01 2.276400000000000000000000000000e+04 5.200000000000000000000000000000e+01
9.800000000000000000000000000000e+01 1.900000000000000000000000000000e+01 7.239000000000000000000000000000e+03 5.300000000000000000000000000000e+01
9.900000000000000000000000000000e+01 9.000000000000000000000000000000e+00 8.190000000000000000000000000000e+02 5.400000000000000000000000000000e+01
1.000000000000000000000000000000e+02 1.300000000000000000000000000000e+01 2.379000000000000000000000000000e+03 5.500000000000000000000000000000e+01
1.070000000000000000000000000000e+02 8.000000000000000000000000000000e+00 5.840000000000000000000000000000e+02 5.600000000000000000000000000000e+01
1.140000000000000000000000000000e+02 4.000000000000000000000000000000e+01 6.564000000000000000000000000000e+04 5.700000000000000000000000000000e+01
1.170000000000000000000000000000e+02 1.800000000000000000000000000000e+01 6.174000000000000000000000000000e+03 5.800000000000000000000000000000e+01
1.180000000000000000000000000000e+02 3.000000000000000000000000000000e+00 3.900000000000000000000000000000e+01 5.900000000000000000000000000000e+01
1.190000000000000000000000000000e+02 3.700000000000000000000000000000e+01 5.205900000000000000000000000000e+04 6.000000000000000000000000000000e+01
1.200000000000000000000000000000e+02 2.900000000000000000000000000000e+01 2.525900000000000000000000000000e+04 6.100000000000000000000000000000e+01
1.210000000000000000000000000000e+02 1.400000000000000000000000000000e+01 2.954000000000000000000000000000e+03 6.200000000000000000000000000000e+01
1.230000000000000000000000000000e+02 5.000000000000000000000000000000e+00 1.550000000000000000000000000000e+02 6.300000000000000000000000000000e+01
1.240000000000000000000000000000e+02 4.500000000000000000000000000000e+01 9.319500000000000000000000000000e+04 6.400000000000000000000000000000e+01
1.250000000000000000000000000000e+02 2.600000000000000000000000000000e+01 1.827800000000000000000000000000e+04 6.500000000000000000000000000000e+01
1.290000000000000000000000000000e+02 3.000000000000000000000000000000e+01 2.793000000000000000000000000000e+04 6.600000000000000000000000000000e+01
1.320000000000000000000000000000e+02 3.900000000000000000000000000000e+01 6.087900000000000000000000000000e+04 6.700000000000000000000000000000e+01
1.330000000000000000000000000000e+02 4.100000000000000000000000000000e+01 7.064300000000000000000000000000e+04 6.800000000000000000000000000000e+01
1.350000000000000000000000000000e+02 1.000000000000000000000000000000e+00 3.000000000000000000000000000000e+00 6.900000000000000000000000000000e+01
1.370000000000000000000000000000e+02 1.500000000000000000000000000000e+01 3.615000000000000000000000000000e+03 7.000000000000000000000000000000e+01
1.380000000000000000000000000000e+02 7.500000000000000000000000000000e+01 4.275750000000000000000000000000e+05 7.100000000000000000000000000000e+01
1.390000000000000000000000000000e+02 7.000000000000000000000000000000e+00 3.990000000000000000000000000000e+02 7.200000000000000000000000000000e+01
1.400000000000000000000000000000e+02 2.000000000000000000000000000000e+01 8.420000000000000000000000000000e+03 7.300000000000000000000000000000e+01
1.420000000000000000000000000000e+02 8.000000000000000000000000000000e+00 5.840000000000000000000000000000e+02 7.400000000000000000000000000000e+01
1.460000000000000000000000000000e+02 3.300000000000000000000000000000e+01 3.705900000000000000000000000000e+04 7.500000000000000000000000000000e+01
1.470000000000000000000000000000e+02 2.000000000000000000000000000000e+00 1.400000000000000000000000000000e+01 7.600000000000000000000000000000e+01
1.480000000000000000000000000000e+02 2.000000000000000000000000000000e+00 1.400000000000000000000000000000e+01 7.700000000000000000000000000000e+01
1.490000000000000000000000000000e+02 4.900000000000000000000000000000e+01 1.200990000000000000000000000000e+05 7.800000000000000000000000000000e+01
