1.600000000000000000000000000000e+01 2.000000000000000000000000000000e+01 4.000000000000000000000000000000e+02 0.000000000000000000000000000000e+00
3.700000000000000000000000000000e+01 2.100000000000000000000000000000e+01 4.410000000000000000000000000000e+02 1.000000000000000000000000000000e+00
4.400000000000000000000000000000e+01 2.300000000000000000000000000000e+01 5.290000000000000000000000000000e+02 2.000000000000000000000000000000e+00
7.000000000000000000000000000000e+01 2.000000000000000000000000000000e+01 4.000000000000000000000000000000e+02 3.000000000000000000000000000000e+00
1.000000000000000000000000000000e+02 1.800000000000000000000000000000e+01 3.240000000000000000000000000000e+02 4.000000000000000000000000000000e+00
1.090000000000000000000000000000e+02 2.300000000000000000000000000000e+01 5.290000000000000000000000000000e+02 5.000000000000000000000000000000e+00
2.010000000000000000000000000000e+02 2.200000000000000000000000000000e+01 4.840000000000000000000000000000e+02 6.000000000000000000000000000000e+00
2.070000000000000000000000000000e+02 1.900000000000000000000000000000e+01 3.610000000000000000000000000000e+02 7.000000000000000000000000000000e+00
2.110000000000000000000000000000e+02 2.100000000000000000000000000000e+01 4.410000000000000000000000000000e+02 8.000000000000000000000000000000e+00
2.140000000000000000000000000000e+02 2.300000000000000000000000000000e+01 5.290000000000000000000000000000e+02 9.000000000000000000000000000000e+00
2.190000000000000000000000000000e+02 2.600000000000000000000000000000e+01 6.760000000000000000000000000000e+02 1.000000000000000000000000000000e+01
2.270000000000000000000000000000e+02 2.900000000000000000000000000000e+01 8.410000000000000000000000000000e+02 1.100000000000000000000000000000e+01
2.350000000000000000000000000000e+02 2.200000000000000000000000000000e+01 4.840000000000000000000000000000e+02 1.200000000000000000000000000000e+01
2.420000000000000000000000000000e+02 1.700000000000000000000000000000e+01 2.890000000000000000000000000000e+02 1.300000000000000000000000000000e+01
2.510000000000000000000000000000e+02 3.400000000000000000000000000000e+01 1.156000000000000000000000000000e+03 1.400000000000000000000000000000e+01
2.630000000000000000000000000000e+02 2.400000000000000000000000000000e+01 5.760000000000000000000000000000e+02 1.500000000000000000000000000000e+01
3.160000000000000000000000000000e+02 3.000000000000000000000000000000e+01 9.000000000000000000000000000000e+02 1.600000000000000000000000000000e+01
3.310000000000000000000000000000e+02 1.600000000000000000000000000000e+01 2.560000000000000000000000000000e+02 1.700000000000000000000000000000e+01
3.330000000000000000000000000000e+02 2.500000000000000000000000000000e+01 6.250000000000000000000000000000e+02 1.800000000000000000000000000000e+01
3.460000000000000000000000000000e+02 2.300000000000000000000000000000e+01 5.290000000000000000000000000000e+02 1.900000000000000000000000000000e+01
3.520000000000000000000000000000e+02 2.600000000000000000000000000000e+01 6.760000000000000000000000000000e+02 2.000000000000000000000000000000e+01
3.850000000000000000000000000000e+02 1.200000000000000000000000000000e+01 1.440000000000000000000000000000e+02 2.100000000000000000000000000000e+01
4.170000000000000000000000000000e+02 2.600000000000000000000000000000e+01 6.760000000000000000000000000000e+02 2.200000000000000000000000000000e+01
4.460000000000000000000000000000e+02 2.400000000000000000000000000000e+01 5.760000000000000000000000000000e+02 2.300000000000000000000000000000e+01
4.900000000000000000000000000000e+02 1.400000000000000000000000000000e+01 1.960000000000000000000000000000e+02 2.400000000000000000000000000000e+01
5.000000000000000000000000000000e+02 2.400000000000000000000000000000e+01 5.760000000000000000000000000000e+02 2.500000000000000000000000000000e+01
5.330000000000000000000000000000e+02 1.200000000000000000000000000000e+01 1.440000000000000000000000000000e+02 2.600000000000000000000000000000e+01
5.680000000000000000000000000000e+02 1.700000000000000000000000000000e+01 2.890000000000000000000000000000e+02 2.700000000000000000000000000000e+01
6.070000000000000000000000000000e+02 1.900000000000000000000000000000e+01 3.610000000000000000000000000000e+02 2.800000000000000000000000000000e+01
6.440000000000000000000000000000e+02 2.400000000000000000000000000000e+01 5.760000000000000000000000000000e+02 2.900000000000000000000000000000e+01
6.480000000000000000000000000000e+02 1.400000000000000000000000000000e+01 1.960000000000000000000000000000e+02 3.000000000000000000000000000000e+01
6.630000000000000000000000000000e+02 2.500000000000000000000000000000e+01 6.250000000000000000000000000000e+02 3.100000000000000000000000000000e+01
6.910000000000000000000000000000e+02 2.100000000000000000000000000000e+01 4.410000000000000000000000000000e+02 3.200000000000000000000000000000e+01
7.030000000000000000000000000000e+02 1.600000000000000000000000000000e+01 2.560000000000000000000000000000e+02 3.300000000000000000000000000000e+01
7.220000000000000000000000000000e+02 1.700000000000000000000000000000e+01 2.890000000000000000000000000000e+02 3.400000000000000000000000000000e+01
7.410000000000000000000000000000e+02 2.100000000000000000000000000000e+01 4.410000000000000000000000000000e+02 3.500000000000000000000000000000e+01
7.500000000000000000000000000000e+02 1.500000000000000000000000000000e+01 2.250000000000000000000000000000e+02 3.600000000000000000000000000000e+01
8.040000000000000000000000000000e+02 1.800000000000000000000000000000e+01 3.240000000000000000000000000000e+02 3.700000000000000000000000000000e+01
8.220000000000000000000000000000e+02 1.200000000000000000000000000000e+01 1.440000000000000000000000000000e+02 3.800000000000000000000000000000e+01
8.280000000000000000000000000000e+02 1.500000000000000000000000000000e+01 2.250000000000000000000000000000e+02 3.900000000000000000000000000000e+01
8.810000000000000000000000000000e+02 1.900000000000000000000000000000e+01 3.610000000000000000000000000000e+02 4.000000000000000000000000000000e+01
8.870000000000000000000000000000e+02 2.400000000000000000000000000000e+01 5.760000000000000000000000000000e+02 4.100000000000000000000000000000e+01
9.070000000000000000000000000000e+02 1.600000000000000000000000000000e+01 2.560000000000000000000000000000e+02 4.200000000000000000000000000000e+01
9.120000000000000000000000000000e+02 2.400000000000000000000000000000e+01 5.760000000000000000000000000000e+02 4.300000000000000000000000000000e+01
9.190000000000000000000000000000e+02 2.000000000000000000000000000000e+01 4.000000000000000000000000000000e+02 4.400000000000000000000000000000e+01
9.280000000000000000000000000000e+02 2.500000000000000000000000000000e+01 6.250000000000000000000000000000e+02 4.500000000000000000000000000000e+01
9.340000000000000000000000000000e+02 1.200000000000000000000000000000e+01 1.440000000000000000000000000000e+02 4.600000000000000000000000000000e+01
9.640000000000000000000000000000e+02 1.600000000000000000000000000000e+01 2.560000000000000000000000000000e+02 4.700000000000000000000000000000e+01
9.680000000000000000000000000000e+02 1.600000000000000000000000000000e+01 2.560000000000000000000000000000e+02 4.800000000000000000000000000000e+01
9.870000000000000000000000000000e+02 2.300000000000000000000000000000e+01 5.290000000000000000000000000000e+02 4.900000000000000000000000000000e+01
9.940000000000000000000000000000e+02 2.200000000000000000000000000000e+01 4.840000000000000000000000000000e+02 5.000000000000000000000000000000e+01
9.970000000000000000000000000000e+02 9.000000000000000000000000000000e+00 8.100000000000000000000000000000e+01 5.100000000000000000000000000000e+01
1.016000000000000000000000000000e+03 2.500000000000000000000000000000e+01 6.250000000000000000000000000000e+02 5.200000000000000000000000000000e+01
1.033000000000000000000000000000e+03 2.100000000000000000000000000000e+01 4.410000000000000000000000000000e+02 5.300000000000000000000000000000e+01
1.057000000000000000000000000000e+03 2.600000000000000000000000000000e+01 6.760000000000000000000000000000e+02 5.400000000000000000000000000000e+01
1.064000000000000000000000000000e+03 1.700000000000000000000000000000e+01 2.890000000000000000000000000000e+02 5.500000000000000000000000000000e+01
1.095000000000000000000000000000e+03 2.200000000000000000000000000000e+01 4.840000000000000000000000000000e+02 5.600000000000000000000000000000e+01
1.132000000000000000000000000000e+03 2.600000000000000000000000000000e+01 6.760000000000000000000000000000e+02 5.700000000000000000000000000000e+01
1.159000000000000000000000000000e+03 1.900000000000000000000000000000e+01 3.610000000000000000000000000000e+02 5.800000000000000000000000000000e+01
1.169000000000000000000000000000e+03 1.500000000000000000000000000000e+01 2.250000000000000000000000000000e+02 5.900000000000000000000000000000e+01
1.190000000000000000000000000000e+03 1.500000000000000000000000000000e+01 2.250000000000000000000000000000e+02 6.000000000000000000000000000000e+01
1.208000000000000000000000000000e+03 1.600000000000000000000000000000e+01 2.560000000000000000000000000000e+02 6.100000000000000000000000000000e+01
1.216000000000000000000000000000e+03 1.500000000000000000000000000000e+01 2.250000000000000000000000000000e+02 6.200000000000000000000000000000e+01
1.218000000000000000000000000000e+03 2.100000000000000000000000000000e+01 4.410000000000000000000000000000e+02 6.300000000000000000000000000000e+01
1.226000000000000000000000000000e+03 2.200000000000000000000000000000e+01 4.840000000000000000000000000000e+02 6.400000000000000000000000000000e+01
1.234000000000000000000000000000e+03 2.100000000000000000000000000000e+01 4.410000000000000000000000000000e+02 6.500000000000000000000000000000e+01
1.241000000000000000000000000000e+03 2.000000000000000000000000000000e+01 4.000000000000000000000000000000e+02 6.600000000000000000000000000000e+01
1.247000000000000000000000000000e+03 2.300000000000000000000000000000e+01 5.290000000000000000000000000000e+02 6.700000000000000000000000000000e+01
1.266000000000000000000000000000e+03 2.000000000000000000000000000000e+01 4.000000000000000000000000000000e+02 6.800000000000000000000000000000e+01
1.268000000000000000000000000000e+03 2.100000000000000000000000000000e+01 4.410000000000000000000000000000e+02 6.900000000000000000000000000000e+01
1.290000000000000000000000000000e+03 2.000000000000000000000000000000e+01 4.000000000000000000000000000000e+02 7.000000000000000000000000000000e+01
1.293000000000000000000000000000e+03 2.200000000000000000000000000000e+01 4.840000000000000000000000000000e+02 7.100000000000000000000000000000e+01
1.314000000000000000000000000000e+03 1.600000000000000000000000000000e+01 2.560000000000000000000000000000e+02 7.200000000000000000000000000000e+01
1.316000000000000000000000000000e+03 2.300000000000000000000000000000e+01 5.290000000000000000000000000000e+02 7.300000000000000000000000000000e+01
1.376000000000000000000000000000e+03 1.400000000000000000000000000000e+01 1.960000000000000000000000000000e+02 7.400000000000000000000000000000e+01
1.413000000000000000000000000000e+03 1.200000000000000000000000000000e+01 1.440000000000000000000000000000e+02 7.500000000000000000000000000000e+01
1.428000000000000000000000000000e+03 2.300000000000000000000000000000e+01 5.290000000000000000000000000000e+02 7.600000000000000000000000000000e+01
1.433000000000000000000000000000e+03 1.800000000000000000000000000000e+01 3.240000000000000000000000000000e+02 7.700000000000000000000000000000e+01
1.440000000000000000000000000000e+03 1.900000000000000000000000000000e+01 3.610000000000000000000000000000e+02 7.800000000000000000000000000000e+01
1.468000000000000000000000000000e+03 1.700000000000000000000000000000e+01 2.890000000000000000000000000000e+02 7.900000000000000000000000000000e+01
1.475000000000000000000000000000e+03 1.300000000000000000000000000000e+01 1.690000000000000000000000000000e+02 8.000000000000000000000000000000e+01
1.550000000000000000000000000000e+03 2.200000000000000000000000000000e+01 4.840000000000000000000000000000e+02 8.100000000000000000000000000000e+01
1.590000000000000000000000000000e+03 1.300000000000000000000000000000e+01 1.690000000000000000000000000000e+02 8.200000000000000000000000000000e+01
1.609000000000000000000000000000e+03 2.100000000000000000000000000000e+01 4.410000000000000000000000000000e+02 8.300000000000000000000000000000e+01
1.616000000000000000000000000000e+03 1.600000000000000000000000000000e+01 2.560000000000000000000000000000e+02 8.400000000000000000000000000000e+01
1.619000000000000000000000000000e+03 1.900000000000000000000000000000e+01 3.610000000000000000000000000000e+02 8.500000000000000000000000000000e+01
1.630000000000000000000000000000e+03 2.800000000000000000000000000000e+01 7.840000000000000000000000000000e+02 8.600000000000000000000000000000e+01
1.647000000000000000000000000000e+03 2.200000000000000000000000000000e+01 4.840000000000000000000000000000e+02 8.700000000000000000000000000000e+01
1.721000000000000000000000000000e+03 2.300000000000000000000000000000e+01 5.290000000000000000000000000000e+02 8.800000000000000000000000000000e+01
1.732000000000000000000000000000e+03 1.900000000000000000000000000000e+01 3.610000000000000000000000000000e+02 8.900000000000000000000000000000e+01
1.805000000000000000000000000000e+03 1.900000000000000000000000000000e+01 3.610000000000000000000000000000e+02 9.000000000000000000000000000000e+01
1.847000000000000000000000000000e+03 3.000000000000000000000000000000e+01 9.000000000000000000000000000000e+02 9.100000000000000000000000000000e+01
1.853000000000000000000000000000e+03 1.700000000000000000000000000000e+01 2.890000000000000000000000000000e+02 9.200000000000000000000000000000e+01
1.857000000000000000000000000000e+03 1.400000000000000000000000000000e+01 1.960000000000000000000000000000e+02 9.300000000000000000000000000000e+01
1.876000000000000000000000000000e+03 1.400000000000000000000000000000e+01 1.960000000000000000000000000000e+02 9.400000000000000000000000000000e+01
1.888000000000000000000000000000e+03 2.100000000000000000000000000000e+01 4.410000000000000000000000000000e+02 9.500000000000000000000000000000e+01
1.935000000000000000000000000000e+03 2.100000000000000000000000000000e+01 4.410000000000000000000000000000e+02 9.600000000000000000000000000000e+01
1.937000000000000000000000000000e+03 1.900000000000000000000000000000e+01 3.610000000000000000000000000000e+02 9.700000000000000000000000000000e+01
1.949000000000000000000000000000e+03 1.100000000000000000000000000000e+01 1.210000000000000000000000000000e+02 9.800000000000000000000000000000e+01
1.963000000000000000000000000000e+03 2.300000000000000000000000000000e+01 5.290000000000000000000000000000e+02 9.900000000000000000000000000000e+01
1.975000000000000000000000000000e+03 2.000000000000000000000000000000e+01 4.000000000000000000000000000000e+02 1.000000000000000000000000000000e+02
1.997000000000000000000000000000e+03 2.400000000000000000000000000000e+01 5.760000000000000000000000000000e+02 1.010000000000000000000000000000e+02
2.002000000000000000000000000000e+03 1.800000000000000000000000000000e+01 3.240000000000000000000000000000e+02 1.020000000000000000000000000000e+02
2.022000000000000000000000000000e+03 1.800000000000000000000000000000e+01 3.240000000000000000000000000000e+02 1.030000000000000000000000000000e+02
2.038000000000000000000000000000e+03 2.200000000000000000000000000000e+01 4.840000000000000000000000000000e+02 1.040000000000000000000000000000e+02
2.058000000000000000000000000000e+03 2.100000000000000000000000000000e+01 4.410000000000000000000000000000e+02 1.050000000000000000000000000000e+02
2.062000000000000000000000000000e+03 1.600000000000000000000000000000e+01 2.560000000000000000000000000000e+02 1.060000000000000000000000000000e+02
2.069000000000000000000000000000e+03 2.600000000000000000000000000000e+01 6.760000000000000000000000000000e+02 1.070000000000000000000000000000e+02
2.070000000000000000000000000000e+03 2.000000000000000000000000000000e+01 4.000000000000000000000000000000e+02 1.080000000000000000000000000000e+02
2.176000000000000000000000000000e+03 1.900000000000000000000000000000e+01 3.610000000000000000000000000000e+02 1.090000000000000000000000000000e+02
2.182000000000000000000000000000e+03 1.700000000000000000000000000000e+01 2.890000000000000000000000000000e+02 1.100000000000000000000000000000e+02
2.231000000000000000000000000000e+03 2.100000000000000000000000000000e+01 4.410000000000000000000000000000e+02 1.110000000000000000000000000000e+02
2.235000000000000000000000000000e+03 2.300000000000000000000000000000e+01 5.290000000000000000000000000000e+02 1.120000000000000000000000000000e+02
2.249000000000000000000000000000e+03 2.700000000000000000000000000000e+01 7.290000000000000000000000000000e+02 1.130000000000000000000000000000e+02
2.254000000000000000000000000000e+03 2.000000000000000000000000000000e+01 4.000000000000000000000000000000e+02 1.140000000000000000000000000000e+02
2.257000000000000000000000000000e+03 1.600000000000000000000000000000e+01 2.560000000000000000000000000000e+02 1.150000000000000000000000000000e+02
2.308000000000000000000000000000e+03 1.600000000000000000000000000000e+01 2.560000000000000000000000000000e+02 1.160000000000000000000000000000e+02
2.309000000000000000000000000000e+03 1.600000000000000000000000000000e+01 2.560000000000000000000000000000e+02 1.170000000000000000000000000000e+02
2.326000000000000000000000000000e+03 1.700000000000000000000000000000e+01 2.890000000000000000000000000000e+02 1.180000000000000000000000000000e+02
2.385000000000000000000000000000e+03 1.200000000000000000000000000000e+01 1.440000000000000000000000000000e+02 1.190000000000000000000000000000e+02
2.389000000000000000000000000000e+03 2.000000000000000000000000000000e+01 4.000000000000000000000000000000e+02 1.200000000000000000000000000000e+02
2.464000000000000000000000000000e+03 1.500000000000000000000000000000e+01 2.250000000000000000000000000000e+02 1.210000000000000000000000000000e+02
2.496000000000000000000000000000e+03 1.800000000000000000000000000000e+01 3.240000000000000000000000000000e+02 1.220000000000000000000000000000e+02
2.523000000000000000000000000000e+03 2.500000000000000000000000000000e+01 6.250000000000000000000000000000e+02 1.230000000000000000000000000000e+02
2.551000000000000000000000000000e+03 1.800000000000000000000000000000e+01 3.240000000000000000000000000000e+02 1.240000000000000000000000000000e+02
2.558000000000000000000000000000e+03 2.300000000000000000000000000000e+01 5.290000000000000000000000000000e+02 1.250000000000000000000000000000e+02
2.563000000000000000000000000000e+03 2.300000000000000000000000000000e+01 5.290000000000000000000000000000e+02 1.260000000000000000000000000000e+02
2.594000000000000000000000000000e+03 1.900000000000000000000000000000e+01 3.610000000000000000000000000000e+02 1.270000000000000000000000000000e+02
2.613000000000000000000000000000e+03 2.400000000000000000000000000000e+01 5.760000000000000000000000000000e+02 1.280000000000000000000000000000e+02
2.615000000000000000000000000000e+03 1.200000000000000000000000000000e+01 1.440000000000000000000000000000e+02 1.290000000000000000000000000000e+02
2.632000000000000000000000000000e+03 1.400000000000000000000000000000e+01 1.960000000000000000000000000000e+02 1.300000000000000000000000000000e+02
2.645000000000000000000000000000e+03 1.900000000000000000000000000000e+01 3.610000000000000000000000000000e+02 1.310000000000000000000000000000e+02
2.723000000000000000000000000000e+03 1.500000000000000000000000000000e+01 2.250000000000000000000000000000e+02 1.320000000000000000000000000000e+02
2.742000000000000000000000000000e+03 1.300000000000000000000000000000e+01 1.690000000000000000000000000000e+02 1.330000000000000000000000000000e+02
2.773000000000000000000000000000e+03 1.200000000000000000000000000000e+01 1.440000000000000000000000000000e+02 1.340000000000000000000000000000e+02
2.792000000000000000000000000000e+03 2.000000000000000000000000000000e+01 4.000000000000000000000000000000e+02 1.350000000000000000000000000000e+02
2.827000000000000000000000000000e+03 1.500000000000000000000000000000e+01 2.250000000000000000000000000000e+02 1.360000000000000000000000000000e+02
2.834000000000000000000000000000e+03 2.600000000000000000000000000000e+01 6.760000000000000000000000000000e+02 1.370000000000000000000000000000e+02
2.865000000000000000000000000000e+03 2.300000000000000000000000000000e+01 5.290000000000000000000000000000e+02 1.380000000000000000000000000000e+02
2.867000000000000000000000000000e+03 2.300000000000000000000000000000e+01 5.290000000000000000000000000000e+02 1.390000000000000000000000000000e+02
2.868000000000000000000000000000e+03 1.900000000000000000000000000000e+01 3.610000000000000000000000000000e+02 1.400000000000000000000000000000e+02
2.881000000000000000000000000000e+03 1.800000000000000000000000000000e+01 3.240000000000000000000000000000e+02 1.410000000000000000000000000000e+02
2.917000000000000000000000000000e+03 1.300000000000000000000000000000e+01 1.690000000000000000000000000000e+02 1.420000000000000000000000000000e+02
2.922000000000000000000000000000e+03 2.200000000000000000000000000000e+01 4.840000000000000000000000000000e+02 1.430000000000000000000000000000e+02
2.931000000000000000000000000000e+03 2.000000000000000000000000000000e+01 4.000000000000000000000000000000e+02 1.440000000000000000000000000000e+02
2.943000000000000000000000000000e+03 1.400000000000000000000000000000e+01 1.960000000000000000000000000000e+02 1.450000000000000000000000000000e+02
2.949000000000000000000000000000e+03 2.000000000000000000000000000000e+01 4.000000000000000000000000000000e+02 1.460000000000000000000000000000e+02
2.974000000000000000000000000000e+03 2.100000000000000000000000000000e+01 4.410000000000000000000000000000e+02 1.470000000000000000000000000000e+02
3.025000000000000000000000000000e+03 2.400000000000000000000000000000e+01 5.760000000000000000000000000000e+02 1.480000000000000000000000000000e+02
3.028000000000000000000000000000e+03 2.400000000000000000000000000000e+01 5.760000000000000000000000000000e+02 1.490000000000000000000000000000e+02
3.046000000000000000000000000000e+03 1.800000000000000000000000000000e+01 3.240000000000000000000000000000e+02 1.500000000000000000000000000000e+02
3.071000000000000000000000000000e+03 2.600000000000000000000000000000e+01 6.760000000000000000000000000000e+02 1.510000000000000000000000000000e+02
3.080000000000000000000000000000e+03 1.600000000000000000000000000000e+01 2.560000000000000000000000000000e+02 1.520000000000000000000000000000e+02
3.085000000000000000000000000000e+03 2.400000000000000000000000000000e+01 5.760000000000000000000000000000e+02 1.530000000000000000000000000000e+02
3.141000000000000000000000000000e+03 1.900000000000000000000000000000e+01 3.610000000000000000000000000000e+02 1.540000000000000000000000000000e+02
3.144000000000000000000000000000e+03 2.300000000000000000000000000000e+01 5.290000000000000000000000000000e+02 1.550000000000000000000000000000e+02
3.160000000000000000000000000000e+03 2.800000000000000000000000000000e+01 7.840000000000000000000000000000e+02 1.560000000000000000000000000000e+02
3.200000000000000000000000000000e+03 2.400000000000000000000000000000e+01 5.760000000000000000000000000000e+02 1.570000000000000000000000000000e+02
3.221000000000000000000000000000e+03 1.700000000000000000000000000000e+01 2.890000000000000000000000000000e+02 1.580000000000000000000000000000e+02
3.229000000000000000000000000000e+03 3.100000000000000000000000000000e+01 9.610000000000000000000000000000e+02 1.590000000000000000000000000000e+02
3.236000000000000000000000000000e+03 2.000000000000000000000000000000e+01 4.000000000000000000000000000000e+02 1.600000000000000000000000000000e+02
3.239000000000000000000000000000e+03 2.500000000000000000000000000000e+01 6.250000000000000000000000000000e+02 1.610000000000000000000000000000e+02
3.253000000000000000000000000000e+03 1.900000000000000000000000000000e+01 3.610000000000000000000000000000e+02 1.620000000000000000000000000000e+02
3.260000000000000000000000000000e+03 1.700000000000000000000000000000e+01 2.890000000000000000000000000000e+02 1.630000000000000000000000000000e+02
3.301000000000000000000000000000e+03 1.600000000000000000000000000000e+01 2.560000000000000000000000000000e+02 1.640000000000000000000000000000e+02
3.329000000000000000000000000000e+03 2.000000000000000000000000000000e+01 4.000000000000000000000000000000e+02 1.650000000000000000000000000000e+02
3.348000000000000000000000000000e+03 1.800000000000000000000000000000e+01 3.240000000000000000000000000000e+02 1.660000000000000000000000000000e+02
3.417000000000000000000000000000e+03 1.500000000000000000000000000000e+01 2.250000000000000000000000000000e+02 1.670000000000000000000000000000e+02
3.476000000000000000000000000000e+03 1.900000000000000000000000000000e+01 3.610000000000000000000000000000e+02 1.680000000000000000000000000000e+02
3.477000000000000000000000000000e+03 2.300000000000000000000000000000e+01 5.290000000000000000000000000000e+02 1.690000000000000000000000000000e+02
3.482000000000000000000000000000e+03 2.700000000000000000000000000000e+01 7.290000000000000000000000000000e+02 1.700000000000000000000000000000e+02
3.508000000000000000000000000000e+03 1.900000000000000000000000000000e+01 3.610000000000000000000000000000e+02 1.710000000000000000000000000000e+02
3.513000000000000000000000000000e+03 1.300000000000000000000000000000e+01 1.690000000000000000000000000000e+02 1.720000000000000000000000000000e+02
3.514000000000000000000000000000e+03 2.800000000000000000000000000000e+01 7.840000000000000000000000000000e+02 1.730000000000000000000000000000e+02
3.540000000000000000000000000000e+03 2.100000000000000000000000000000e+01 4.410000000000000000000000000000e+02 1.740000000000000000000000000000e+02
3.554000000000000000000000000000e+03 2.600000000000000000000000000000e+01 6.760000000000000000000000000000e+02 1.750000000000000000000000000000e+02
3.560000000000000000000000000000e+03 2.800000000000000000000000000000e+01 7.840000000000000000000000000000e+02 1.760000000000000000000000000000e+02
3.596000000000000000000000000000e+03 2.000000000000000000000000000000e+01 4.000000000000000000000000000000e+02 1.770000000000000000000000000000e+02
3.648000000000000000000000000000e+03 1.800000000000000000000000000000e+01 3.240000000000000000000000000000e+02 1.780000000000000000000000000000e+02
3.667000000000000000000000000000e+03 1.400000000000000000000000000000e+01 1.960000000000000000000000000000e+02 1.790000000000000000000000000000e+02
3.672000000000000000000000000000e+03 2.000000000000000000000000000000e+01 4.000000000000000000000000000000e+02 1.800000000000000000000000000000e+02
3.678000000000000000000000000000e+03 1.900000000000000000000000000000e+01 3.610000000000000000000000000000e+02 1.810000000000000000000000000000e+02
3.698000000000000000000000000000e+03 1.700000000000000000000000000000e+01 2.890000000000000000000000000000e+02 1.820000000000000000000000000000e+02
3.706000000000000000000000000000e+03 2.000000000000000000000000000000e+01 4.000000000000000000000000000000e+02 1.830000000000000000000000000000e+02
3.723000000000000000000000000000e+03 1.900000000000000000000000000000e+01 3.610000000000000000000000000000e+02 1.840000000000000000000000000000e+02
3.724000000000000000000000000000e+03 2.200000000000000000000000000000e+01 4.840000000000000000000000000000e+02 1.850000000000000000000000000000e+02
3.731000000000000000000000000000e+03 2.600000000000000000000000000000e+01 6.760000000000000000000000000000e+02 1.860000000000000000000000000000e+02
3.741000000000000000000000000000e+03 2.400000000000000000000000000000e+01 5.760000000000000000000000000000e+02 1.870000000000000000000000000000e+02
3.764000000000000000000000000000e+03 2.000000000000000000000000000000e+01 4.000000000000000000000000000000e+02 1.880000000000000000000000000000e+02
3.768000000000000000000000000000e+03 1.500000000000000000000000000000e+01 2.250000000000000000000000000000e+02 1.890000000000000000000000000000e+02
3.772000000000000000000000000000e+03 2.100000000000000000000000000000e+01 4.410000000000000000000000000000e+02 1.900000000000000000000000000000e+02
3.775000000000000000000000000000e+03 1.800000000000000000000000000000e+01 3.240000000000000000000000000000e+02 1.910000000000000000000000000000e+02
3.787000000000000000000000000000e+03 3.200000000000000000000000000000e+01 1.024000000000000000000000000000e+03 1.920000000000000000000000000000e+02
3.788000000000000000000000000000e+03 1.500000000000000000000000000000e+01 2.250000000000000000000000000000e+02 1.930000000000000000000000000000e+02
3.801000000000000000000000000000e+03 1.400000000000000000000000000000e+01 1.960000000000000000000000000000e+02 1.940000000000000000000000000000e+02
3.815000000000000000000000000000e+03 2.000000000000000000000000000000e+01 4.000000000000000000000000000000e+02 1.950000000000000000000000000000e+02
3.835000000000000000000000000000e+03 2.600000000000000000000000000000e+01 6.760000000000000000000000000000e+02 1.960000000000000000000000000000e+02
3.849000000000000000000000000000e+03 2.000000000000000000000000000000e+01 4.000000000000000000000000000000e+02 1.970000000000000000000000000000e+02
3.857000000000000000000000000000e+03 1.900000000000000000000000000000e+01 3.610000000000000000000000000000e+02 1.980000000000000000000000000000e+02
3.863000000000000000000000000000e+03 1.800000000000000000000000000000e+01 3.240000000000000000000000000000e+02 1.990000000000000000000000000000e+02
3.870000000000000000000000000000e+03 2.800000000000000000000000000000e+01 7.840000000000000000000000000000e+02 2.000000000000000000000000000000e+02
3.900000000000000000000000000000e+03 1.900000000000000000000000000000e+01 3.610000000000000000000000000000e+02 2.010000000000000000000000000000e+02
3.976000000000000000000000000000e+03 1.400000000000000000000000000000e+01 1.960000000000000000000000000000e+02 2.020000000000000000000000000000e+02
3.978000000000000000000000000000e+03 1.400000000000000000000000000000e+01 1.960000000000000000000000000000e+02 2.030000000000000000000000000000e+02
4.016000000000000000000000000000e+03 1.400000000000000000000000000000e+01 1.960000000000000000000000000000e+02 2.040000000000000000000000000000e+02
4.022000000000000000000000000000e+03 1.800000000000000000000000000000e+01 3.240000000000000000000000000000e+02 2.050000000000000000000000000000e+02
4.037000000000000000000000000000e+03 2.400000000000000000000000000000e+01 5.760000000000000000000000000000e+02 2.060000000000000000000000000000e+02
4.042000000000000000000000000000e+03 1.900000000000000000000000000000e+01 3.610000000000000000000000000000e+02 2.070000000000000000000000000000e+02
4.050000000000000000000000000000e+03 2.600000000000000000000000000000e+01 6.760000000000000000000000000000e+02 2.080000000000000000000000000000e+02
4.051000000000000000000000000000e+03 2.100000000000000000000000000000e+01 4.410000000000000000000000000000e+02 2.090000000000000000000000000000e+02
4.060000000000000000000000000000e+03 1.700000000000000000000000000000e+01 2.890000000000000000000000000000e+02 2.100000000000000000000000000000e+02
4.063000000000000000000000000000e+03 2.100000000000000000000000000000e+01 4.410000000000000000000000000000e+02 2.110000000000000000000000000000e+02
4.077000000000000000000000000000e+03 2.000000000000000000000000000000e+01 4.000000000000000000000000000000e+02 2.120000000000000000000000000000e+02
4.082000000000000000000000000000e+03 1.900000000000000000000000000000e+01 3.610000000000000000000000000000e+02 2.130000000000000000000000000000e+02
4.098000000000000000000000000000e+03 1.900000000000000000000000000000e+01 3.610000000000000000000000000000e+02 2.140000000000000000000000000000e+02
4.108000000000000000000000000000e+03 2.400000000000000000000000000000e+01 5.760000000000000000000000000000e+02 2.150000000000000000000000000000e+02
4.137000000000000000000000000000e+03 2.600000000000000000000000000000e+01 6.760000000000000000000000000000e+02 2.160000000000000000000000000000e+02
4.148000000000000000000000000000e+03 1.400000000000000000000000000000e+01 1.960000000000000000000000000000e+02 2.170000000000000000000000000000e+02
4.149000000000000000000000000000e+03 2.200000000000000000000000000000e+01 4.840000000000000000000000000000e+02 2.180000000000000000000000000000e+02
4.183000000000000000000000000000e+03 1.700000000000000000000000000000e+01 2.890000000000000000000000000000e+02 2.190000000000000000000000000000e+02
4.189000000000000000000000000000e+03 1.900000000000000000000000000000e+01 3.610000000000000000000000000000e+02 2.200000000000000000000000000000e+02
4.198000000000000000000000000000e+03 2.000000000000000000000000000000e+01 4.000000000000000000000000000000e+02 2.210000000000000000000000000000e+02
4.225000000000000000000000000000e+03 2.400000000000000000000000000000e+01 5.760000000000000000000000000000e+02 2.220000000000000000000000000000e+02
4.237000000000000000000000000000e+03 1.500000000000000000000000000000e+01 2.250000000000000000000000000000e+02 2.230000000000000000000000000000e+02
4.247000000000000000000000000000e+03 2.300000000000000000000000000000e+01 5.290000000000000000000000000000e+02 2.240000000000000000000000000000e+02
4.269000000000000000000000000000e+03 1.900000000000000000000000000000e+01 3.610000000000000000000000000000e+02 2.250000000000000000000000000000e+02
4.280000000000000000000000000000e+03 1.700000000000000000000000000000e+01 2.890000000000000000000000000000e+02 2.260000000000000000000000000000e+02
4.297000000000000000000000000000e+03 1.600000000000000000000000000000e+01 2.560000000000000000000000000000e+02 2.270000000000000000000000000000e+02
4.333000000000000000000000000000e+03 2.400000000000000000000000000000e+01 5.760000000000000000000000000000e+02 2.280000000000000000000000000000e+02
4.374000000000000000000000000000e+03 1.700000000000000000000000000000e+01 2.890000000000000000000000000000e+02 2.290000000000000000000000000000e+02
4.387000000000000000000000000000e+03 1.700000000000000000000000000000e+01 2.890000000000000000000000000000e+02 2.300000000000000000000000000000e+02
4.417000000000000000000000000000e+03 2.200000000000000000000000000000e+01 4.840000000000000000000000000000e+02 2.310000000000000000000000000000e+02
4.426000000000000000000000000000e+03 1.700000000000000000000000000000e+01 2.890000000000000000000000000000e+02 2.320000000000000000000000000000e+02
4.427000000000000000000000000000e+03 2.600000000000000000000000000000e+01 6.760000000000000000000000000000e+02 2.330000000000000000000000000000e+02
4.430000000000000000000000000000e+03 2.900000000000000000000000000000e+01 8.410000000000000000000000000000e+02 2.340000000000000000000000000000e+02
4.431000000000000000000000000000e+03 1.600000000000000000000000000000e+01 2.560000000000000000000000000000e+02 2.350000000000000000000000000000e+02
4.455000000000000000000000000000e+03 2.400000000000000000000000000000e+01 5.760000000000000000000000000000e+02 2.360000000000000000000000000000e+02
4.467000000000000000000000000000e+03 1.600000000000000000000000000000e+01 2.560000000000000000000000000000e+02 2.370000000000000000000000000000e+02
4.485000000000000000000000000000e+03 2.200000000000000000000000000000e+01 4.840000000000000000000000000000e+02 2.380000000000000000000000000000e+02
4.488000000000000000000000000000e+03 1.600000000000000000000000000000e+01 2.560000000000000000000000000000e+02 2.390000000000000000000000000000e+02
4.491000000000000000000000000000e+03 1.400000000000000000000000000000e+01 1.960000000000000000000000000000e+02 2.400000000000000000000000000000e+02
4.493000000000000000000000000000e+03 1.200000000000000000000000000000e+01 1.440000000000000000000000000000e+02 2.410000000000000000000000000000e+02
4.496000000000000000000000000000e+03 2.900000000000000000000000000000e+01 8.410000000000000000000000000000e+02 2.420000000000000000000000000000e+02
4.497000000000000000000000000000e+03 2.200000000000000000000000000000e+01 4.840000000000000000000000000000e+02 2.430000000000000000000000000000e+02
4.508000000000000000000000000000e+03 2.200000000000000000000000000000e+01 4.840000000000000000000000000000e+02 2.440000000000000000000000000000e+02
4.511000000000000000000000000000e+03 1.500000000000000000000000000000e+01 2.250000000000000000000000000000e+02 2.450000000000000000000000000000e+02
4.554000000000000000000000000000e+03 2.300000000000000000000000000000e+01 5.290000000000000000000000000000e+02 2.460000000000000000000000000000e+02
4.557000000000000000000000000000e+03 2.700000000000000000000000000000e+01 7.290000000000000000000000000000e+02 2.470000000000000000000000000000e+02
4.565000000000000000000000000000e+03 1.900000000000000000000000000000e+01 3.610000000000000000000000000000e+02 2.480000000000000000000000000000e+02
4.573000000000000000000000000000e+03 1.600000000000000000000000000000e+01 2.560000000000000000000000000000e+02 2.490000000000000000000000000000e+02
4.585000000000000000000000000000e+03 1.900000000000000000000000000000e+01 3.610000000000000000000000000000e+02 2.500000000000000000000000000000e+02
4.618000000000000000000000000000e+03 2.400000000000000000000000000000e+01 5.760000000000000000000000000000e+02 2.510000000000000000000000000000e+02
4.622000000000000000000000000000e+03 1.900000000000000000000000000000e+01 3.610000000000000000000000000000e+02 2.520000000000000000000000000000e+02
4.627000000000000000000000000000e+03 1.700000000000000000000000000000e+01 2.890000000000000000000000000000e+02 2.530000000000000000000000000000e+02
4.638000000000000000000000000000e+03 2.500000000000000000000000000000e+01 6.250000000000000000000000000000e+02 2.540000000000000000000000000000e+02
4.659000000000000000000000000000e+03 2.400000000000000000000000000000e+01 5.760000000000000000000000000000e+02 2.550000000000000000000000000000e+02
4.660000000000000000000000000000e+03 1.400000000000000000000000000000e+01 1.960000000000000000000000000000e+02 2.560000000000000000000000000000e+02
4.662000000000000000000000000000e+03 1.700000000000000000000000000000e+01 2.890000000000000000000000000000e+02 2.570000000000000000000000000000e+02
4.668000000000000000000000000000e+03 2.000000000000000000000000000000e+01 4.000000000000000000000000000000e+02 2.580000000000000000000000000000e+02
4.681000000000000000000000000000e+03 2.200000000000000000000000000000e+01 4.840000000000000000000000000000e+02 2.590000000000000000000000000000e+02
4.732000000000000000000000000000e+03 1.400000000000000000000000000000e+01 1.960000000000000000000000000000e+02 2.600000000000000000000000000000e+02
4.763000000000000000000000000000e+03 2.400000000000000000000000000000e+01 5.760000000000000000000000000000e+02 2.610000000000000000000000000000e+02
4.781000000000000000000000000000e+03 1.600000000000000000000000000000e+01 2.560000000000000000000000000000e+02 2.620000000000000000000000000000e+02
4.791000000000000000000000000000e+03 1.800000000000000000000000000000e+01 3.240000000000000000000000000000e+02 2.630000000000000000000000000000e+02
4.827000000000000000000000000000e+03 1.600000000000000000000000000000e+01 2.560000000000000000000000000000e+02 2.640000000000000000000000000000e+02
4.864000000000000000000000000000e+03 2.400000000000000000000000000000e+01 5.760000000000000000000000000000e+02 2.650000000000000000000000000000e+02
4.877000000000000000000000000000e+03 2.300000000000000000000000000000e+01 5.290000000000000000000000000000e+02 2.660000000000000000000000000000e+02
4.885000000000000000000000000000e+03 2.300000000000000000000000000000e+01 5.290000000000000000000000000000e+02 2.670000000000000000000000000000e+02
4.912000000000000000000000000000e+03 1.900000000000000000000000000000e+01 3.610000000000000000000000000000e+02 2.680000000000000000000000000000e+02
4.918000000000000000000000000000e+03 2.600000000000000000000000000000e+01 6.760000000000000000000000000000e+02 2.690000000000000000000000000000e+02
4.926000000000000000000000000000e+03 2.000000000000000000000000000000e+01 4.000000000000000000000000000000e+02 2.700000000000000000000000000000e+02
4.943000000000000000000000000000e+03 2.100000000000000000000000000000e+01 4.410000000000000000000000000000e+02 2.710000000000000000000000000000e+02
4.946000000000000000000000000000e+03 1.100000000000000000000000000000e+01 1.210000000000000000000000000000e+02 2.720000000000000000000000000000e+02
4.959000000000000000000000000000e+03 1.400000000000000000000000000000e+01 1.960000000000000000000000000000e+02 2.730000000000000000000000000000e+02
4.964000000000000000000000000000e+03 1.700000000000000000000000000000e+01 2.890000000000000000000000000000e+02 2.740000000000000000000000000000e+02
4.973000000000000000000000000000e+03 2.400000000000000000000000000000e+01 5.760000000000000000000000000000e+02 2.750000000000000000000000000000e+02
4.974000000000000000000000000000e+03 2.000000000000000000000000000000e+01 4.000000000000000000000000000000e+02 2.760000000000000000000000000000e+02
4.978000000000000000000000000000e+03 2.500000000000000000000000000000e+01 6.250000000000000000000000000000e+02 2.770000000000000000000000000000e+02
4.982000000000000000000000000000e+03 2.100000000000000000000000000000e+01 4.410000000000000000000000000000e+02 2.780000000000000000000000000000e+02
4.986000000000000000000000000000e+03 1.500000000000000000000000000000e+01 2.250000000000000000000000000000e+02 2.790000000000000000000000000000e+02
4.991000000000000000000000000000e+03 1.900000000000000000000000000000e+01 3.610000000000000000000000000000e+02 2.800000000000000000000000000000e+02
5.004000000000000000000000000000e+03 1.500000000000000000000000000000e+01 2.250000000000000000000000000000e+02 2.810000000000000000000000000000e+02
5.025000000000000000000000000000e+03 2.600000000000000000000000000000e+01 6.760000000000000000000000000000e+02 2.820000000000000000000000000000e+02
5.026000000000000000000000000000e+03 2.100000000000000000000000000000e+01 4.410000000000000000000000000000e+02 2.830000000000000000000000000000e+02
5.042000000000000000000000000000e+03 1.500000000000000000000000000000e+01 2.250000000000000000000000000000e+02 2.840000000000000000000000000000e+02
5.078000000000000000000000000000e+03 2.100000000000000000000000000000e+01 4.410000000000000000000000000000e+02 2.850000000000000000000000000000e+02
5.090000000000000000000000000000e+03 2.700000000000000000000000000000e+01 7.290000000000000000000000000000e+02 2.860000000000000000000000000000e+02
5.100000000000000000000000000000e+03 1.400000000000000000000000000000e+01 1.960000000000000000000000000000e+02 2.870000000000000000000000000000e+02
5.137000000000000000000000000000e+03 2.600000000000000000000000000000e+01 6.760000000000000000000000000000e+02 2.880000000000000000000000000000e+02
5.143000000000000000000000000000e+03 1.500000000000000000000000000000e+01 2.250000000000000000000000000000e+02 2.890000000000000000000000000000e+02
5.165000000000000000000000000000e+03 2.000000000000000000000000000000e+01 4.000000000000000000000000000000e+02 2.900000000000000000000000000000e+02
5.223000000000000000000000000000e+03 2.600000000000000000000000000000e+01 6.760000000000000000000000000000e+02 2.910000000000000000000000000000e+02
5.232000000000000000000000000000e+03 2.100000000000000000000000000000e+01 4.410000000000000000000000000000e+02 2.920000000000000000000000000000e+02
5.243000000000000000000000000000e+03 1.800000000000000000000000000000e+01 3.240000000000000000000000000000e+02 2.930000000000000000000000000000e+02
5.248000000000000000000000000000e+03 2.200000000000000000000000000000e+01 4.840000000000000000000000000000e+02 2.940000000000000000000000000000e+02
5.258000000000000000000000000000e+03 1.700000000000000000000000000000e+01 2.890000000000000000000000000000e+02 2.950000000000000000000000000000e+02
5.266000000000000000000000000000e+03 1.700000000000000000000000000000e+01 2.890000000000000000000000000000e+02 2.960000000000000000000000000000e+02
5.292000000000000000000000000000e+03 2.000000000000000000000000000000e+01 4.000000000000000000000000000000e+02 2.970000000000000000000000000000e+02
5.324000000000000000000000000000e+03 2.300000000000000000000000000000e+01 5.290000000000000000000000000000e+02 2.980000000000000000000000000000e+02
5.330000000000000000000000000000e+03 2.200000000000000000000000000000e+01 4.840000000000000000000000000000e+02 2.990000000000000000000000000000e+02
5.332000000000000000000000000000e+03 2.200000000000000000000000000000e+01 4.840000000000000000000000000000e+02 3.000000000000000000000000000000e+02
5.338000000000000000000000000000e+03 2.400000000000000000000000000000e+01 5.760000000000000000000000000000e+02 3.010000000000000000000000000000e+02
5.339000000000000000000000000000e+03 2.600000000000000000000000000000e+01 6.760000000000000000000000000000e+02 3.020000000000000000000000000000e+02
5.374000000000000000000000000000e+03 2.600000000000000000000000000000e+01 6.760000000000000000000000000000e+02 3.030000000000000000000000000000e+02
5.397000000000000000000000000000e+03 2.800000000000000000000000000000e+01 7.840000000000000000000000000000e+02 3.040000000000000000000000000000e+02
5.413000000000000000000000000000e+03 1.600000000000000000000000000000e+01 2.560000000000000000000000000000e+02 3.050000000000000000000000000000e+02
5.454000000000000000000000000000e+03 2.200000000000000000000000000000e+01 4.840000000000000000000000000000e+02 3.060000000000000000000000000000e+02
5.456000000000000000000000000000e+03 9.000000000000000000000000000000e+00 8.100000000000000000000000000000e+01 3.070000000000000000000000000000e+02
5.465000000000000000000000000000e+03 3.000000000000000000000000000000e+01 9.000000000000000000000000000000e+02 3.080000000000000000000000000000e+02
5.497000000000000000000000000000e+03 2.100000000000000000000000000000e+01 4.410000000000000000000000000000e+02 3.090000000000000000000000000000e+02
5.565000000000000000000000000000e+03 1.800000000000000000000000000000e+01 3.240000000000000000000000000000e+02 3.100000000000000000000000000000e+02
5.574000000000000000000000000000e+03 1.900000000000000000000000000000e+01 3.610000000000000000000000000000e+02 3.110000000000000000000000000000e+02
5.601000000000000000000000000000e+03 2.200000000000000000000000000000e+01 4.840000000000000000000000000000e+02 3.120000000000000000000000000000e+02
5.627000000000000000000000000000e+03 1.900000000000000000000000000000e+01 3.610000000000000000000000000000e+02 3.130000000000000000000000000000e+02
5.643000000000000000000000000000e+03 1.900000000000000000000000000000e+01 3.610000000000000000000000000000e+02 3.140000000000000000000000000000e+02
5.656000000000000000000000000000e+03 1.900000000000000000000000000000e+01 3.610000000000000000000000000000e+02 3.150000000000000000000000000000e+02
5.670000000000000000000000000000e+03 1.900000000000000000000000000000e+01 3.610000000000000000000000000000e+02 3.160000000000000000000000000000e+02
5.672000000000000000000000000000e+03 1.900000000000000000000000000000e+01 3.610000000000000000000000000000e+02 3.170000000000000000000000000000e+02
5.673000000000000000000000000000e+03 2.200000000000000000000000000000e+01 4.840000000000000000000000000000e+02 3.180000000000000000000000000000e+02
5.675000000000000000000000000000e+03 1.600000000000000000000000000000e+01 2.560000000000000000000000000000e+02 3.190000000000000000000000000000e+02
5.692000000000000000000000000000e+03 2.000000000000000000000000000000e+01 4.000000000000000000000000000000e+02 3.200000000000000000000000000000e+02
5.769000000000000000000000000000e+03 2.000000000000000000000000000000e+01 4.000000000000000000000000000000e+02 3.210000000000000000000000000000e+02
5.804000000000000000000000000000e+03 2.200000000000000000000000000000e+01 4.840000000000000000000000000000e+02 3.220000000000000000000000000000e+02
5.835000000000000000000000000000e+03 2.200000000000000000000000000000e+01 4.840000000000000000000000000000e+02 3.230000000000000000000000000000e+02
5.884000000000000000000000000000e+03 2.200000000000000000000000000000e+01 4.840000000000000000000000000000e+02 3.240000000000000000000000000000e+02
5.902000000000000000000000000000e+03 1.700000000000000000000000000000e+01 2.890000000000000000000000000000e+02 3.250000000000000000000000000000e+02
5.903000000000000000000000000000e+03 1.500000000000000000000000000000e+01 2.250000000000000000000000000000e+02 3.260000000000000000000000000000e+02
5.908000000000000000000000000000e+03 1.500000000000000000000000000000e+01 2.250000000000000000000000000000e+02 3.270000000000000000000000000000e+02
5.927000000000000000000000000000e+03 1.800000000000000000000000000000e+01 3.240000000000000000000000000000e+02 3.280000000000000000000000000000e+02
5.944000000000000000000000000000e+03 2.300000000000000000000000000000e+01 5.290000000000000000000000000000e+02 3.290000000000000000000000000000e+02
5.955000000000000000000000000000e+03 2.600000000000000000000000000000e+01 6.760000000000000000000000000000e+02 3.300000000000000000000000000000e+02
5.974000000000000000000000000000e+03 1.800000000000000000000000000000e+01 3.240000000000000000000000000000e+02 3.310000000000000000000000000000e+02
6.017000000000000000000000000000e+03 2.200000000000000000000000000000e+01 4.840000000000000000000000000000e+02 3.320000000000000000000000000000e+02
6.022000000000000000000000000000e+03 1.800000000000000000000000000000e+01 3.240000000000000000000000000000e+02 3.330000000000000000000000000000e+02
6.064000000000000000000000000000e+03 1.900000000000000000000000000000e+01 3.610000000000000000000000000000e+02 3.340000000000000000000000000000e+02
6.097000000000000000000000000000e+03 1.300000000000000000000000000000e+01 1.690000000000000000000000000000e+02 3.350000000000000000000000000000e+02
6.109000000000000000000000000000e+03 1.600000000000000000000000000000e+01 2.560000000000000000000000000000e+02 3.360000000000000000000000000000e+02
6.118000000000000000000000000000e+03 2.500000000000000000000000000000e+01 6.250000000000000000000000000000e+02 3.370000000000000000000000000000e+02
6.135000000000000000000000000000e+03 2.800000000000000000000000000000e+01 7.840000000000000000000000000000e+02 3.380000000000000000000000000000e+02
6.138000000000000000000000000000e+03 2.200000000000000000000000000000e+01 4.840000000000000000000000000000e+02 3.390000000000000000000000000000e+02
6.239000000000000000000000000000e+03 2.400000000000000000000000000000e+01 5.760000000000000000000000000000e+02 3.400000000000000000000000000000e+02
6.276000000000000000000000000000e+03 2.300000000000000000000000000000e+01 5.290000000000000000000000000000e+02 3.410000000000000000000000000000e+02
6.287000000000000000000000000000e+03 1.800000000000000000000000000000e+01 3.240000000000000000000000000000e+02 3.420000000000000000000000000000e+02
6.299000000000000000000000000000e+03 1.800000000000000000000000000000e+01 3.240000000000000000000000000000e+02 3.430000000000000000000000000000e+02
6.311000000000000000000000000000e+03 1.900000000000000000000000000000e+01 3.610000000000000000000000000000e+02 3.440000000000000000000000000000e+02
6.350000000000000000000000000000e+03 2.400000000000000000000000000000e+01 5.760000000000000000000000000000e+02 3.450000000000000000000000000000e+02
6.415000000000000000000000000000e+03 1.900000000000000000000000000000e+01 3.610000000000000000000000000000e+02 3.460000000000000000000000000000e+02
6.420000000000000000000000000000e+03 2.700000000000000000000000000000e+01 7.290000000000000000000000000000e+02 3.470000000000000000000000000000e+02
6.423000000000000000000000000000e+03 1.700000000000000000000000000000e+01 2.890000000000000000000000000000e+02 3.480000000000000000000000000000e+02
6.470000000000000000000000000000e+03 1.800000000000000000000000000000e+01 3.240000000000000000000000000000e+02 3.490000000000000000000000000000e+02
6.476000000000000000000000000000e+03 2.200000000000000000000000000000e+01 4.840000000000000000000000000000e+02 3.500000000000000000000000000000e+02
6.484000000000000000000000000000e+03 2.100000000000000000000000000000e+01 4.410000000000000000000000000000e+02 3.510000000000000000000000000000e+02
6.515000000000000000000000000000e+03 2.000000000000000000000000000000e+01 4.000000000000000000000000000000e+02 3.520000000000000000000000000000e+02
6.567000000000000000000000000000e+03 2.000000000000000000000000000000e+01 4.000000000000000000000000000000e+02 3.530000000000000000000000000000e+02
6.602000000000000000000000000000e+03 1.900000000000000000000000000000e+01 3.610000000000000000000000000000e+02 3.540000000000000000000000000000e+02
6.607000000000000000000000000000e+03 1.700000000000000000000000000000e+01 2.890000000000000000000000000000e+02 3.550000000000000000000000000000e+02
6.616000000000000000000000000000e+03 1.500000000000000000000000000000e+01 2.250000000000000000000000000000e+02 3.560000000000000000000000000000e+02
6.625000000000000000000000000000e+03 2.200000000000000000000000000000e+01 4.840000000000000000000000000000e+02 3.570000000000000000000000000000e+02
6.627000000000000000000000000000e+03 2.500000000000000000000000000000e+01 6.250000000000000000000000000000e+02 3.580000000000000000000000000000e+02
6.647000000000000000000000000000e+03 1.900000000000000000000000000000e+01 3.610000000000000000000000000000e+02 3.590000000000000000000000000000e+02
6.651000000000000000000000000000e+03 1.800000000000000000000000000000e+01 3.240000000000000000000000000000e+02 3.600000000000000000000000000000e+02
6.676000000000000000000000000000e+03 2.100000000000000000000000000000e+01 4.410000000000000000000000000000e+02 3.610000000000000000000000000000e+02
6.702000000000000000000000000000e+03 1.800000000000000000000000000000e+01 3.240000000000000000000000000000e+02 3.620000000000000000000000000000e+02
6.706000000000000000000000000000e+03 2.200000000000000000000000000000e+01 4.840000000000000000000000000000e+02 3.630000000000000000000000000000e+02
6.798000000000000000000000000000e+03 1.900000000000000000000000000000e+01 3.610000000000000000000000000000e+02 3.640000000000000000000000000000e+02
6.805000000000000000000000000000e+03 1.600000000000000000000000000000e+01 2.560000000000000000000000000000e+02 3.650000000000000000000000000000e+02
6.806000000000000000000000000000e+03 1.800000000000000000000000000000e+01 3.240000000000000000000000000000e+02 3.660000000000000000000000000000e+02
6.818000000000000000000000000000e+03 1.700000000000000000000000000000e+01 2.890000000000000000000000000000e+02 3.670000000000000000000000000000e+02
6.839000000000000000000000000000e+03 2.100000000000000000000000000000e+01 4.410000000000000000000000000000e+02 3.680000000000000000000000000000e+02
6.847000000000000000000000000000e+03 2.300000000000000000000000000000e+01 5.290000000000000000000000000000e+02 3.690000000000000000000000000000e+02
6.907000000000000000000000000000e+03 1.500000000000000000000000000000e+01 2.250000000000000000000000000000e+02 3.700000000000000000000000000000e+02
6.911000000000000000000000000000e+03 1.500000000000000000000000000000e+01 2.250000000000000000000000000000e+02 3.710000000000000000000000000000e+02
6.915000000000000000000000000000e+03 2.900000000000000000000000000000e+01 8.410000000000000000000000000000e+02 3.720000000000000000000000000000e+02
6.925000000000000000000000000000e+03 1.800000000000000000000000000000e+01 3.240000000000000000000000000000e+02 3.730000000000000000000000000000e+02
6.926000000000000000000000000000e+03 1.900000000000000000000000000000e+01 3.610000000000000000000000000000e+02 3.740000000000000000000000000000e+02
6.930000000000000000000000000000e+03 2.200000000000000000000000000000e+01 4.840000000000000000000000000000e+02 3.750000000000000000000000000000e+02
6.935000000000000000000000000000e+03 1.700000000000000000000000000000e+01 2.890000000000000000000000000000e+02 3.760000000000000000000000000000e+02
6.985000000000000000000000000000e+03 1.700000000000000000000000000000e+01 2.890000000000000000000000000000e+02 3.770000000000000000000000000000e+02
6.996000000000000000000000000000e+03 1.900000000000000000000000000000e+01 3.610000000000000000000000000000e+02 3.780000000000000000000000000000e+02
7.009000000000000000000000000000e+03 2.700000000000000000000000000000e+01 7.290000000000000000000000000000e+02 3.790000000000000000000000000000e+02
7.012000000000000000000000000000e+03 2.000000000000000000000000000000e+01 4.000000000000000000000000000000e+02 3.800000000000000000000000000000e+02
7.053000000000000000000000000000e+03 2.900000000000000000000000000000e+01 8.410000000000000000000000000000e+02 3.810000000000000000000000000000e+02
7.119000000000000000000000000000e+03 2.200000000000000000000000000000e+01 4.840000000000000000000000000000e+02 3.820000000000000000000000000000e+02
7.120000000000000000000000000000e+03 1.800000000000000000000000000000e+01 3.240000000000000000000000000000e+02 3.830000000000000000000000000000e+02
7.152000000000000000000000000000e+03 1.100000000000000000000000000000e+01 1.210000000000000000000000000000e+02 3.840000000000000000000000000000e+02
7.153000000000000000000000000000e+03 1.500000000000000000000000000000e+01 2.250000000000000000000000000000e+02 3.850000000000000000000000000000e+02
7.174000000000000000000000000000e+03 1.500000000000000000000000000000e+01 2.250000000000000000000000000000e+02 3.860000000000000000000000000000e+02
7.206000000000000000000000000000e+03 1.900000000000000000000000000000e+01 3.610000000000000000000000000000e+02 3.870000000000000000000000000000e+02
7.221000000000000000000000000000e+03 2.300000000000000000000000000000e+01 5.290000000000000000000000000000e+02 3.880000000000000000000000000000e+02
7.279000000000000000000000000000e+03 1.300000000000000000000000000000e+01 1.690000000000000000000000000000e+02 3.890000000000000000000000000000e+02
7.285000000000000000000000000000e+03 2.000000000000000000000000000000e+01 4.000000000000000000000000000000e+02 3.900000000000000000000000000000e+02
7.354000000000000000000000000000e+03 2.800000000000000000000000000000e+01 7.840000000000000000000000000000e+02 3.910000000000000000000000000000e+02
7.360000000000000000000000000000e+03 2.300000000000000000000000000000e+01 5.290000000000000000000000000000e+02 3.920000000000000000000000000000e+02
7.367000000000000000000000000000e+03 2.300000000000000000000000000000e+01 5.290000000000000000000000000000e+02 3.930000000000000000000000000000e+02
7.403000000000000000000000000000e+03 1.500000000000000000000000000000e+01 2.250000000000000000000000000000e+02 3.940000000000000000000000000000e+02
7.404000000000000000000000000000e+03 1.400000000000000000000000000000e+01 1.960000000000000000000000000000e+02 3.950000000000000000000000000000e+02
7.420000000000000000000000000000e+03 1.800000000000000000000000000000e+01 3.240000000000000000000000000000e+02 3.960000000000000000000000000000e+02
7.426000000000000000000000000000e+03 1.900000000000000000000000000000e+01 3.610000000000000000000000000000e+02 3.970000000000000000000000000000e+02
7.429000000000000000000000000000e+03 1.100000000000000000000000000000e+01 1.210000000000000000000000000000e+02 3.980000000000000000000000000000e+02
7.474000000000000000000000000000e+03 2.000000000000000000000000000000e+01 4.000000000000000000000000000000e+02 3.990000000000000000000000000000e+02
