2.300000000000000000000000000000e+01 2.500000000000000000000000000000e+01 6.250000000000000000000000000000e+02 0.000000000000000000000000000000e+00
6.300000000000000000000000000000e+01 2.300000000000000000000000000000e+01 5.290000000000000000000000000000e+02 1.000000000000000000000000000000e+00
7.600000000000000000000000000000e+01 1.600000000000000000000000000000e+01 2.560000000000000000000000000000e+02 2.000000000000000000000000000000e+00
1.530000000000000000000000000000e+02 1.900000000000000000000000000000e+01 3.610000000000000000000000000000e+02 3.000000000000000000000000000000e+00
1.540000000000000000000000000000e+02 1.800000000000000000000000000000e+01 3.240000000000000000000000000000e+02 4.000000000000000000000000000000e+00
1.710000000000000000000000000000e+02 1.900000000000000000000000000000e+01 3.610000000000000000000000000000e+02 5.000000000000000000000000000000e+00
1.780000000000000000000000000000e+02 2.000000000000000000000000000000e+01 4.000000000000000000000000000000e+02 6.000000000000000000000000000000e+00
1.890000000000000000000000000000e+02 1.200000000000000000000000000000e+01 1.440000000000000000000000000000e+02 7.000000000000000000000000000000e+00
1.940000000000000000000000000000e+02 2.000000000000000000000000000000e+01 4.000000000000000000000000000000e+02 8.000000000000000000000000000000e+00
2.150000000000000000000000000000e+02 2.000000000000000000000000000000e+01 4.000000000000000000000000000000e+02 9.000000000000000000000000000000e+00
2.230000000000000000000000000000e+02 2.200000000000000000000000000000e+01 4.840000000000000000000000000000e+02 1.000000000000000000000000000000e+01
3.180000000000000000000000000000e+02 2.100000000000000000000000000000e+01 4.410000000000000000000000000000e+02 1.100000000000000000000000000000e+01
3.350000000000000000000000000000e+02 1.500000000000000000000000000000e+01 2.250000000000000000000000000000e+02 1.200000000000000000000000000000e+01
4.130000000000000000000000000000e+02 2.000000000000000000000000000000e+01 4.000000000000000000000000000000e+02 1.300000000000000000000000000000e+01
4.250000000000000000000000000000e+02 1.400000000000000000000000000000e+01 1.960000000000000000000000000000e+02 1.400000000000000000000000000000e+01
4.260000000000000000000000000000e+02 1.600000000000000000000000000000e+01 2.560000000000000000000000000000e+02 1.500000000000000000000000000000e+01
4.480000000000000000000000000000e+02 2.000000000000000000000000000000e+01 4.000000000000000000000000000000e+02 1.600000000000000000000000000000e+01
4.630000000000000000000000000000e+02 2.300000000000000000000000000000e+01 5.290000000000000000000000000000e+02 1.700000000000000000000000000000e+01
5.130000000000000000000000000000e+02 2.500000000000000000000000000000e+01 6.250000000000000000000000000000e+02 1.800000000000000000000000000000e+01
5.250000000000000000000000000000e+02 2.900000000000000000000000000000e+01 8.410000000000000000000000000000e+02 1.900000000000000000000000000000e+01
5.450000000000000000000000000000e+02 2.000000000000000000000000000000e+01 4.000000000000000000000000000000e+02 2.000000000000000000000000000000e+01
5.790000000000000000000000000000e+02 1.800000000000000000000000000000e+01 3.240000000000000000000000000000e+02 2.100000000000000000000000000000e+01
5.920000000000000000000000000000e+02 1.800000000000000000000000000000e+01 3.240000000000000000000000000000e+02 2.200000000000000000000000000000e+01
6.500000000000000000000000000000e+02 1.400000000000000000000000000000e+01 1.960000000000000000000000000000e+02 2.300000000000000000000000000000e+01
6.560000000000000000000000000000e+02 2.900000000000000000000000000000e+01 8.410000000000000000000000000000e+02 2.400000000000000000000000000000e+01
6.690000000000000000000000000000e+02 1.800000000000000000000000000000e+01 3.240000000000000000000000000000e+02 2.500000000000000000000000000000e+01
6.700000000000000000000000000000e+02 4.000000000000000000000000000000e+01 1.600000000000000000000000000000e+03 2.600000000000000000000000000000e+01
6.850000000000000000000000000000e+02 1.300000000000000000000000000000e+01 1.690000000000000000000000000000e+02 2.700000000000000000000000000000e+01
7.010000000000000000000000000000e+02 2.600000000000000000000000000000e+01 6.760000000000000000000000000000e+02 2.800000000000000000000000000000e+01
7.270000000000000000000000000000e+02 2.000000000000000000000000000000e+01 4.000000000000000000000000000000e+02 2.900000000000000000000000000000e+01
7.720000000000000000000000000000e+02 1.900000000000000000000000000000e+01 3.610000000000000000000000000000e+02 3.000000000000000000000000000000e+01
7.760000000000000000000000000000e+02 2.800000000000000000000000000000e+01 7.840000000000000000000000000000e+02 3.100000000000000000000000000000e+01
7.960000000000000000000000000000e+02 1.200000000000000000000000000000e+01 1.440000000000000000000000000000e+02 3.200000000000000000000000000000e+01
8.120000000000000000000000000000e+02 2.800000000000000000000000000000e+01 7.840000000000000000000000000000e+02 3.300000000000000000000000000000e+01
8.170000000000000000000000000000e+02 1.500000000000000000000000000000e+01 2.250000000000000000000000000000e+02 3.400000000000000000000000000000e+01
8.290000000000000000000000000000e+02 2.300000000000000000000000000000e+01 5.290000000000000000000000000000e+02 3.500000000000000000000000000000e+01
8.400000000000000000000000000000e+02 1.500000000000000000000000000000e+01 2.250000000000000000000000000000e+02 3.600000000000000000000000000000e+01
8.540000000000000000000000000000e+02 2.000000000000000000000000000000e+01 4.000000000000000000000000000000e+02 3.700000000000000000000000000000e+01
8.630000000000000000000000000000e+02 2.000000000000000000000000000000e+01 4.000000000000000000000000000000e+02 3.800000000000000000000000000000e+01
8.900000000000000000000000000000e+02 2.500000000000000000000000000000e+01 6.250000000000000000000000000000e+02 3.900000000000000000000000000000e+01
9.280000000000000000000000000000e+02 2.100000000000000000000000000000e+01 4.410000000000000000000000000000e+02 4.000000000000000000000000000000e+01
9.420000000000000000000000000000e+02 2.800000000000000000000000000000e+01 7.840000000000000000000000000000e+02 4.100000000000000000000000000000e+01
9.590000000000000000000000000000e+02 2.400000000000000000000000000000e+01 5.760000000000000000000000000000e+02 4.200000000000000000000000000000e+01
9.800000000000000000000000000000e+02 1.800000000000000000000000000000e+01 3.240000000000000000000000000000e+02 4.300000000000000000000000000000e+01
9.840000000000000000000000000000e+02 1.700000000000000000000000000000e+01 2.890000000000000000000000000000e+02 4.400000000000000000000000000000e+01
9.870000000000000000000000000000e+02 2.800000000000000000000000000000e+01 7.840000000000000000000000000000e+02 4.500000000000000000000000000000e+01
9.950000000000000000000000000000e+02 2.100000000000000000000000000000e+01 4.410000000000000000000000000000e+02 4.600000000000000000000000000000e+01
1.021000000000000000000000000000e+03 2.400000000000000000000000000000e+01 5.760000000000000000000000000000e+02 4.700000000000000000000000000000e+01
1.102000000000000000000000000000e+03 2.600000000000000000000000000000e+01 6.760000000000000000000000000000e+02 4.800000000000000000000000000000e+01
1.114000000000000000000000000000e+03 3.000000000000000000000000000000e+01 9.000000000000000000000000000000e+02 4.900000000000000000000000000000e+01
1.144000000000000000000000000000e+03 2.200000000000000000000000000000e+01 4.840000000000000000000000000000e+02 5.000000000000000000000000000000e+01
1.157000000000000000000000000000e+03 2.200000000000000000000000000000e+01 4.840000000000000000000000000000e+02 5.100000000000000000000000000000e+01
1.192000000000000000000000000000e+03 2.000000000000000000000000000000e+01 4.000000000000000000000000000000e+02 5.200000000000000000000000000000e+01
1.201000000000000000000000000000e+03 2.300000000000000000000000000000e+01 5.290000000000000000000000000000e+02 5.300000000000000000000000000000e+01
1.236000000000000000000000000000e+03 1.600000000000000000000000000000e+01 2.560000000000000000000000000000e+02 5.400000000000000000000000000000e+01
1.270000000000000000000000000000e+03 2.000000000000000000000000000000e+01 4.000000000000000000000000000000e+02 5.500000000000000000000000000000e+01
1.271000000000000000000000000000e+03 2.300000000000000000000000000000e+01 5.290000000000000000000000000000e+02 5.600000000000000000000000000000e+01
1.314000000000000000000000000000e+03 2.300000000000000000000000000000e+01 5.290000000000000000000000000000e+02 5.700000000000000000000000000000e+01
1.352000000000000000000000000000e+03 2.500000000000000000000000000000e+01 6.250000000000000000000000000000e+02 5.800000000000000000000000000000e+01
1.354000000000000000000000000000e+03 2.100000000000000000000000000000e+01 4.410000000000000000000000000000e+02 5.900000000000000000000000000000e+01
1.403000000000000000000000000000e+03 2.700000000000000000000000000000e+01 7.290000000000000000000000000000e+02 6.000000000000000000000000000000e+01
1.418000000000000000000000000000e+03 2.200000000000000000000000000000e+01 4.840000000000000000000000000000e+02 6.100000000000000000000000000000e+01
1.431000000000000000000000000000e+03 2.100000000000000000000000000000e+01 4.410000000000000000000000000000e+02 6.200000000000000000000000000000e+01
1.467000000000000000000000000000e+03 1.700000000000000000000000000000e+01 2.890000000000000000000000000000e+02 6.300000000000000000000000000000e+01
1.483000000000000000000000000000e+03 1.800000000000000000000000000000e+01 3.240000000000000000000000000000e+02 6.400000000000000000000000000000e+01
1.485000000000000000000000000000e+03 3.200000000000000000000000000000e+01 1.024000000000000000000000000000e+03 6.500000000000000000000000000000e+01
1.546000000000000000000000000000e+03 1.200000000000000000000000000000e+01 1.440000000000000000000000000000e+02 6.600000000000000000000000000000e+01
1.603000000000000000000000000000e+03 2.300000000000000000000000000000e+01 5.290000000000000000000000000000e+02 6.700000000000000000000000000000e+01
1.630000000000000000000000000000e+03 2.600000000000000000000000000000e+01 6.760000000000000000000000000000e+02 6.800000000000000000000000000000e+01
1.656000000000000000000000000000e+03 2.400000000000000000000000000000e+01 5.760000000000000000000000000000e+02 6.900000000000000000000000000000e+01
1.677000000000000000000000000000e+03 2.400000000000000000000000000000e+01 5.760000000000000000000000000000e+02 7.000000000000000000000000000000e+01
1.681000000000000000000000000000e+03 1.600000000000000000000000000000e+01 2.560000000000000000000000000000e+02 7.100000000000000000000000000000e+01
1.687000000000000000000000000000e+03 2.500000000000000000000000000000e+01 6.250000000000000000000000000000e+02 7.200000000000000000000000000000e+01
1.727000000000000000000000000000e+03 2.400000000000000000000000000000e+01 5.760000000000000000000000000000e+02 7.300000000000000000000000000000e+01
1.731000000000000000000000000000e+03 1.800000000000000000000000000000e+01 3.240000000000000000000000000000e+02 7.400000000000000000000000000000e+01
1.777000000000000000000000000000e+03 1.800000000000000000000000000000e+01 3.240000000000000000000000000000e+02 7.500000000000000000000000000000e+01
1.790000000000000000000000000000e+03 2.000000000000000000000000000000e+01 4.000000000000000000000000000000e+02 7.600000000000000000000000000000e+01
1.821000000000000000000000000000e+03 1.600000000000000000000000000000e+01 2.560000000000000000000000000000e+02 7.700000000000000000000000000000e+01
1.822000000000000000000000000000e+03 2.500000000000000000000000000000e+01 6.250000000000000000000000000000e+02 7.800000000000000000000000000000e+01
1.859000000000000000000000000000e+03 1.700000000000000000000000000000e+01 2.890000000000000000000000000000e+02 7.900000000000000000000000000000e+01
1.891000000000000000000000000000e+03 1.500000000000000000000000000000e+01 2.250000000000000000000000000000e+02 8.000000000000000000000000000000e+01
1.903000000000000000000000000000e+03 2.200000000000000000000000000000e+01 4.840000000000000000000000000000e+02 8.100000000000000000000000000000e+01
1.914000000000000000000000000000e+03 2.800000000000000000000000000000e+01 7.840000000000000000000000000000e+02 8.200000000000000000000000000000e+01
1.936000000000000000000000000000e+03 1.200000000000000000000000000000e+01 1.440000000000000000000000000000e+02 8.300000000000000000000000000000e+01
1.948000000000000000000000000000e+03 2.300000000000000000000000000000e+01 5.290000000000000000000000000000e+02 8.400000000000000000000000000000e+01
1.970000000000000000000000000000e+03 2.300000000000000000000000000000e+01 5.290000000000000000000000000000e+02 8.500000000000000000000000000000e+01
1.997000000000000000000000000000e+03 2.400000000000000000000000000000e+01 5.760000000000000000000000000000e+02 8.600000000000000000000000000000e+01
2.005000000000000000000000000000e+03 1.800000000000000000000000000000e+01 3.240000000000000000000000000000e+02 8.700000000000000000000000000000e+01
2.032000000000000000000000000000e+03 1.900000000000000000000000000000e+01 3.610000000000000000000000000000e+02 8.800000000000000000000000000000e+01
2.049000000000000000000000000000e+03 1.700000000000000000000000000000e+01 2.890000000000000000000000000000e+02 8.900000000000000000000000000000e+01
2.074000000000000000000000000000e+03 1.900000000000000000000000000000e+01 3.610000000000000000000000000000e+02 9.000000000000000000000000000000e+01
2.100000000000000000000000000000e+03 2.000000000000000000000000000000e+01 4.000000000000000000000000000000e+02 9.100000000000000000000000000000e+01
2.117000000000000000000000000000e+03 2.700000000000000000000000000000e+01 7.290000000000000000000000000000e+02 9.200000000000000000000000000000e+01
2.122000000000000000000000000000e+03 2.800000000000000000000000000000e+01 7.840000000000000000000000000000e+02 9.300000000000000000000000000000e+01
2.218000000000000000000000000000e+03 1.500000000000000000000000000000e+01 2.250000000000000000000000000000e+02 9.400000000000000000000000000000e+01
2.235000000000000000000000000000e+03 2.600000000000000000000000000000e+01 6.760000000000000000000000000000e+02 9.500000000000000000000000000000e+01
2.248000000000000000000000000000e+03 1.700000000000000000000000000000e+01 2.890000000000000000000000000000e+02 9.600000000000000000000000000000e+01
2.290000000000000000000000000000e+03 2.000000000000000000000000000000e+01 4.000000000000000000000000000000e+02 9.700000000000000000000000000000e+01
2.311000000000000000000000000000e+03 2.700000000000000000000000000000e+01 7.290000000000000000000000000000e+02 9.800000000000000000000000000000e+01
2.346000000000000000000000000000e+03 1.300000000000000000000000000000e+01 1.690000000000000000000000000000e+02 9.900000000000000000000000000000e+01
2.348000000000000000000000000000e+03 1.500000000000000000000000000000e+01 2.250000000000000000000000000000e+02 1.000000000000000000000000000000e+02
2.378000000000000000000000000000e+03 1.900000000000000000000000000000e+01 3.610000000000000000000000000000e+02 1.010000000000000000000000000000e+02
2.382000000000000000000000000000e+03 2.500000000000000000000000000000e+01 6.250000000000000000000000000000e+02 1.020000000000000000000000000000e+02
2.385000000000000000000000000000e+03 2.200000000000000000000000000000e+01 4.840000000000000000000000000000e+02 1.030000000000000000000000000000e+02
2.396000000000000000000000000000e+03 1.900000000000000000000000000000e+01 3.610000000000000000000000000000e+02 1.040000000000000000000000000000e+02
2.401000000000000000000000000000e+03 2.300000000000000000000000000000e+01 5.290000000000000000000000000000e+02 1.050000000000000000000000000000e+02
2.414000000000000000000000000000e+03 2.400000000000000000000000000000e+01 5.760000000000000000000000000000e+02 1.060000000000000000000000000000e+02
2.426000000000000000000000000000e+03 2.800000000000000000000000000000e+01 7.840000000000000000000000000000e+02 1.070000000000000000000000000000e+02
2.439000000000000000000000000000e+03 1.800000000000000000000000000000e+01 3.240000000000000000000000000000e+02 1.080000000000000000000000000000e+02
2.442000000000000000000000000000e+03 2.100000000000000000000000000000e+01 4.410000000000000000000000000000e+02 1.090000000000000000000000000000e+02
2.490000000000000000000000000000e+03 1.600000000000000000000000000000e+01 2.560000000000000000000000000000e+02 1.100000000000000000000000000000e+02
2.507000000000000000000000000000e+03 2.500000000000000000000000000000e+01 6.250000000000000000000000000000e+02 1.110000000000000000000000000000e+02
2.514000000000000000000000000000e+03 2.000000000000000000000000000000e+01 4.000000000000000000000000000000e+02 1.120000000000000000000000000000e+02
2.521000000000000000000000000000e+03 2.700000000000000000000000000000e+01 7.290000000000000000000000000000e+02 1.130000000000000000000000000000e+02
2.539000000000000000000000000000e+03 2.500000000000000000000000000000e+01 6.250000000000000000000000000000e+02 1.140000000000000000000000000000e+02
2.573000000000000000000000000000e+03 1.800000000000000000000000000000e+01 3.240000000000000000000000000000e+02 1.150000000000000000000000000000e+02
2.604000000000000000000000000000e+03 2.000000000000000000000000000000e+01 4.000000000000000000000000000000e+02 1.160000000000000000000000000000e+02
2.616000000000000000000000000000e+03 1.300000000000000000000000000000e+01 1.690000000000000000000000000000e+02 1.170000000000000000000000000000e+02
2.628000000000000000000000000000e+03 2.400000000000000000000000000000e+01 5.760000000000000000000000000000e+02 1.180000000000000000000000000000e+02
2.648000000000000000000000000000e+03 1.500000000000000000000000000000e+01 2.250000000000000000000000000000e+02 1.190000000000000000000000000000e+02
2.664000000000000000000000000000e+03 1.800000000000000000000000000000e+01 3.240000000000000000000000000000e+02 1.200000000000000000000000000000e+02
2.694000000000000000000000000000e+03 2.200000000000000000000000000000e+01 4.840000000000000000000000000000e+02 1.210000000000000000000000000000e+02
2.719000000000000000000000000000e+03 1.500000000000000000000000000000e+01 2.250000000000000000000000000000e+02 1.220000000000000000000000000000e+02
2.757000000000000000000000000000e+03 1.900000000000000000000000000000e+01 3.610000000000000000000000000000e+02 1.230000000000000000000000000000e+02
2.759000000000000000000000000000e+03 2.400000000000000000000000000000e+01 5.760000000000000000000000000000e+02 1.240000000000000000000000000000e+02
2.781000000000000000000000000000e+03 2.600000000000000000000000000000e+01 6.760000000000000000000000000000e+02 1.250000000000000000000000000000e+02
2.807000000000000000000000000000e+03 1.800000000000000000000000000000e+01 3.240000000000000000000000000000e+02 1.260000000000000000000000000000e+02
2.848000000000000000000000000000e+03 1.600000000000000000000000000000e+01 2.560000000000000000000000000000e+02 1.270000000000000000000000000000e+02
2.863000000000000000000000000000e+03 2.500000000000000000000000000000e+01 6.250000000000000000000000000000e+02 1.280000000000000000000000000000e+02
2.916000000000000000000000000000e+03 2.100000000000000000000000000000e+01 4.410000000000000000000000000000e+02 1.290000000000000000000000000000e+02
2.983000000000000000000000000000e+03 1.600000000000000000000000000000e+01 2.560000000000000000000000000000e+02 1.300000000000000000000000000000e+02
3.038000000000000000000000000000e+03 1.300000000000000000000000000000e+01 1.690000000000000000000000000000e+02 1.310000000000000000000000000000e+02
3.045000000000000000000000000000e+03 2.500000000000000000000000000000e+01 6.250000000000000000000000000000e+02 1.320000000000000000000000000000e+02
3.084000000000000000000000000000e+03 1.600000000000000000000000000000e+01 2.560000000000000000000000000000e+02 1.330000000000000000000000000000e+02
3.105000000000000000000000000000e+03 1.800000000000000000000000000000e+01 3.240000000000000000000000000000e+02 1.340000000000000000000000000000e+02
3.164000000000000000000000000000e+03 2.500000000000000000000000000000e+01 6.250000000000000000000000000000e+02 1.350000000000000000000000000000e+02
3.214000000000000000000000000000e+03 1.900000000000000000000000000000e+01 3.610000000000000000000000000000e+02 1.360000000000000000000000000000e+02
3.228000000000000000000000000000e+03 2.300000000000000000000000000000e+01 5.290000000000000000000000000000e+02 1.370000000000000000000000000000e+02
3.231000000000000000000000000000e+03 1.800000000000000000000000000000e+01 3.240000000000000000000000000000e+02 1.380000000000000000000000000000e+02
3.237000000000000000000000000000e+03 1.100000000000000000000000000000e+01 1.210000000000000000000000000000e+02 1.390000000000000000000000000000e+02
3.283000000000000000000000000000e+03 2.300000000000000000000000000000e+01 5.290000000000000000000000000000e+02 1.400000000000000000000000000000e+02
3.285000000000000000000000000000e+03 2.500000000000000000000000000000e+01 6.250000000000000000000000000000e+02 1.410000000000000000000000000000e+02
3.311000000000000000000000000000e+03 2.500000000000000000000000000000e+01 6.250000000000000000000000000000e+02 1.420000000000000000000000000000e+02
3.334000000000000000000000000000e+03 1.200000000000000000000000000000e+01 1.440000000000000000000000000000e+02 1.430000000000000000000000000000e+02
3.345000000000000000000000000000e+03 1.800000000000000000000000000000e+01 3.240000000000000000000000000000e+02 1.440000000000000000000000000000e+02
3.380000000000000000000000000000e+03 2.800000000000000000000000000000e+01 7.840000000000000000000000000000e+02 1.450000000000000000000000000000e+02
3.384000000000000000000000000000e+03 2.600000000000000000000000000000e+01 6.760000000000000000000000000000e+02 1.460000000000000000000000000000e+02
3.391000000000000000000000000000e+03 2.000000000000000000000000000000e+01 4.000000000000000000000000000000e+02 1.470000000000000000000000000000e+02
3.407000000000000000000000000000e+03 2.300000000000000000000000000000e+01 5.290000000000000000000000000000e+02 1.480000000000000000000000000000e+02
3.415000000000000000000000000000e+03 2.200000000000000000000000000000e+01 4.840000000000000000000000000000e+02 1.490000000000000000000000000000e+02
3.453000000000000000000000000000e+03 1.900000000000000000000000000000e+01 3.610000000000000000000000000000e+02 1.500000000000000000000000000000e+02
3.464000000000000000000000000000e+03 3.300000000000000000000000000000e+01 1.089000000000000000000000000000e+03 1.510000000000000000000000000000e+02
3.472000000000000000000000000000e+03 1.600000000000000000000000000000e+01 2.560000000000000000000000000000e+02 1.520000000000000000000000000000e+02
3.474000000000000000000000000000e+03 2.200000000000000000000000000000e+01 4.840000000000000000000000000000e+02 1.530000000000000000000000000000e+02
3.475000000000000000000000000000e+03 1.800000000000000000000000000000e+01 3.240000000000000000000000000000e+02 1.540000000000000000000000000000e+02
3.483000000000000000000000000000e+03 2.300000000000000000000000000000e+01 5.290000000000000000000000000000e+02 1.550000000000000000000000000000e+02
3.508000000000000000000000000000e+03 2.200000000000000000000000000000e+01 4.840000000000000000000000000000e+02 1.560000000000000000000000000000e+02
3.510000000000000000000000000000e+03 2.300000000000000000000000000000e+01 5.290000000000000000000000000000e+02 1.570000000000000000000000000000e+02
3.528000000000000000000000000000e+03 1.600000000000000000000000000000e+01 2.560000000000000000000000000000e+02 1.580000000000000000000000000000e+02
3.554000000000000000000000000000e+03 1.700000000000000000000000000000e+01 2.890000000000000000000000000000e+02 1.590000000000000000000000000000e+02
3.575000000000000000000000000000e+03 2.100000000000000000000000000000e+01 4.410000000000000000000000000000e+02 1.600000000000000000000000000000e+02
3.583000000000000000000000000000e+03 1.900000000000000000000000000000e+01 3.610000000000000000000000000000e+02 1.610000000000000000000000000000e+02
3.616000000000000000000000000000e+03 1.000000000000000000000000000000e+01 1.000000000000000000000000000000e+02 1.620000000000000000000000000000e+02
3.627000000000000000000000000000e+03 1.900000000000000000000000000000e+01 3.610000000000000000000000000000e+02 1.630000000000000000000000000000e+02
3.688000000000000000000000000000e+03 2.200000000000000000000000000000e+01 4.840000000000000000000000000000e+02 1.640000000000000000000000000000e+02
3.695000000000000000000000000000e+03 1.300000000000000000000000000000e+01 1.690000000000000000000000000000e+02 1.650000000000000000000000000000e+02
3.729000000000000000000000000000e+03 3.200000000000000000000000000000e+01 1.024000000000000000000000000000e+03 1.660000000000000000000000000000e+02
3.744000000000000000000000000000e+03 2.500000000000000000000000000000e+01 6.250000000000000000000000000000e+02 1.670000000000000000000000000000e+02
3.748000000000000000000000000000e+03 2.100000000000000000000000000000e+01 4.410000000000000000000000000000e+02 1.680000000000000000000000000000e+02
3.793000000000000000000000000000e+03 1.200000000000000000000000000000e+01 1.440000000000000000000000000000e+02 1.690000000000000000000000000000e+02
3.828000000000000000000000000000e+03 2.100000000000000000000000000000e+01 4.410000000000000000000000000000e+02 1.700000000000000000000000000000e+02
3.836000000000000000000000000000e+03 1.600000000000000000000000000000e+01 2.560000000000000000000000000000e+02 1.710000000000000000000000000000e+02
3.839000000000000000000000000000e+03 2.000000000000000000000000000000e+01 4.000000000000000000000000000000e+02 1.720000000000000000000000000000e+02
3.896000000000000000000000000000e+03 1.300000000000000000000000000000e+01 1.690000000000000000000000000000e+02 1.730000000000000000000000000000e+02
3.936000000000000000000000000000e+03 2.000000000000000000000000000000e+01 4.000000000000000000000000000000e+02 1.740000000000000000000000000000e+02
3.939000000000000000000000000000e+03 2.400000000000000000000000000000e+01 5.760000000000000000000000000000e+02 1.750000000000000000000000000000e+02
3.971000000000000000000000000000e+03 2.100000000000000000000000000000e+01 4.410000000000000000000000000000e+02 1.760000000000000000000000000000e+02
3.988000000000000000000000000000e+03 2.500000000000000000000000000000e+01 6.250000000000000000000000000000e+02 1.770000000000000000000000000000e+02
4.026000000000000000000000000000e+03 2.200000000000000000000000000000e+01 4.840000000000000000000000000000e+02 1.780000000000000000000000000000e+02
4.070000000000000000000000000000e+03 2.200000000000000000000000000000e+01 4.840000000000000000000000000000e+02 1.790000000000000000000000000000e+02
4.071000000000000000000000000000e+03 1.400000000000000000000000000000e+01 1.960000000000000000000000000000e+02 1.800000000000000000000000000000e+02
4.078000000000000000000000000000e+03 2.700000000000000000000000000000e+01 7.290000000000000000000000000000e+02 1.810000000000000000000000000000e+02
4.089000000000000000000000000000e+03 1.100000000000000000000000000000e+01 1.210000000000000000000000000000e+02 1.820000000000000000000000000000e+02
4.094000000000000000000000000000e+03 1.700000000000000000000000000000e+01 2.890000000000000000000000000000e+02 1.830000000000000000000000000000e+02
4.095000000000000000000000000000e+03 1.600000000000000000000000000000e+01 2.560000000000000000000000000000e+02 1.840000000000000000000000000000e+02
4.153000000000000000000000000000e+03 2.200000000000000000000000000000e+01 4.840000000000000000000000000000e+02 1.850000000000000000000000000000e+02
4.206000000000000000000000000000e+03 2.400000000000000000000000000000e+01 5.760000000000000000000000000000e+02 1.860000000000000000000000000000e+02
4.219000000000000000000000000000e+03 2.200000000000000000000000000000e+01 4.840000000000000000000000000000e+02 1.870000000000000000000000000000e+02
4.237000000000000000000000000000e+03 1.300000000000000000000000000000e+01 1.690000000000000000000000000000e+02 1.880000000000000000000000000000e+02
4.257000000000000000000000000000e+03 2.600000000000000000000000000000e+01 6.760000000000000000000000000000e+02 1.890000000000000000000000000000e+02
4.279000000000000000000000000000e+03 2.400000000000000000000000000000e+01 5.760000000000000000000000000000e+02 1.900000000000000000000000000000e+02
4.284000000000000000000000000000e+03 2.200000000000000000000000000000e+01 4.840000000000000000000000000000e+02 1.910000000000000000000000000000e+02
4.330000000000000000000000000000e+03 2.300000000000000000000000000000e+01 5.290000000000000000000000000000e+02 1.920000000000000000000000000000e+02
4.375000000000000000000000000000e+03 1.500000000000000000000000000000e+01 2.250000000000000000000000000000e+02 1.930000000000000000000000000000e+02
4.410000000000000000000000000000e+03 1.700000000000000000000000000000e+01 2.890000000000000000000000000000e+02 1.940000000000000000000000000000e+02
4.456000000000000000000000000000e+03 3.400000000000000000000000000000e+01 1.156000000000000000000000000000e+03 1.950000000000000000000000000000e+02
4.486000000000000000000000000000e+03 2.400000000000000000000000000000e+01 5.760000000000000000000000000000e+02 1.960000000000000000000000000000e+02
4.499000000000000000000000000000e+03 1.500000000000000000000000000000e+01 2.250000000000000000000000000000e+02 1.970000000000000000000000000000e+02
4.513000000000000000000000000000e+03 2.500000000000000000000000000000e+01 6.250000000000000000000000000000e+02 1.980000000000000000000000000000e+02
4.548000000000000000000000000000e+03 2.600000000000000000000000000000e+01 6.760000000000000000000000000000e+02 1.990000000000000000000000000000e+02
4.550000000000000000000000000000e+03 2.400000000000000000000000000000e+01 5.760000000000000000000000000000e+02 2.000000000000000000000000000000e+02
4.563000000000000000000000000000e+03 2.400000000000000000000000000000e+01 5.760000000000000000000000000000e+02 2.010000000000000000000000000000e+02
4.569000000000000000000000000000e+03 1.900000000000000000000000000000e+01 3.610000000000000000000000000000e+02 2.020000000000000000000000000000e+02
4.570000000000000000000000000000e+03 2.300000000000000000000000000000e+01 5.290000000000000000000000000000e+02 2.030000000000000000000000000000e+02
4.580000000000000000000000000000e+03 2.300000000000000000000000000000e+01 5.290000000000000000000000000000e+02 2.040000000000000000000000000000e+02
4.709000000000000000000000000000e+03 1.900000000000000000000000000000e+01 3.610000000000000000000000000000e+02 2.050000000000000000000000000000e+02
4.727000000000000000000000000000e+03 2.700000000000000000000000000000e+01 7.290000000000000000000000000000e+02 2.060000000000000000000000000000e+02
4.732000000000000000000000000000e+03 1.800000000000000000000000000000e+01 3.240000000000000000000000000000e+02 2.070000000000000000000000000000e+02
4.734000000000000000000000000000e+03 2.300000000000000000000000000000e+01 5.290000000000000000000000000000e+02 2.080000000000000000000000000000e+02
4.765000000000000000000000000000e+03 2.500000000000000000000000000000e+01 6.250000000000000000000000000000e+02 2.090000000000000000000000000000e+02
4.794000000000000000000000000000e+03 2.100000000000000000000000000000e+01 4.410000000000000000000000000000e+02 2.100000000000000000000000000000e+02
4.831000000000000000000000000000e+03 1.800000000000000000000000000000e+01 3.240000000000000000000000000000e+02 2.110000000000000000000000000000e+02
4.859000000000000000000000000000e+03 1.900000000000000000000000000000e+01 3.610000000000000000000000000000e+02 2.120000000000000000000000000000e+02
4.888000000000000000000000000000e+03 1.800000000000000000000000000000e+01 3.240000000000000000000000000000e+02 2.130000000000000000000000000000e+02
4.890000000000000000000000000000e+03 1.900000000000000000000000000000e+01 3.610000000000000000000000000000e+02 2.140000000000000000000000000000e+02
4.893000000000000000000000000000e+03 2.300000000000000000000000000000e+01 5.290000000000000000000000000000e+02 2.150000000000000000000000000000e+02
4.904000000000000000000000000000e+03 2.900000000000000000000000000000e+01 8.410000000000000000000000000000e+02 2.160000000000000000000000000000e+02
4.908000000000000000000000000000e+03 2.100000000000000000000000000000e+01 4.410000000000000000000000000000e+02 2.170000000000000000000000000000e+02
4.933000000000000000000000000000e+03 1.500000000000000000000000000000e+01 2.250000000000000000000000000000e+02 2.180000000000000000000000000000e+02
4.935000000000000000000000000000e+03 2.100000000000000000000000000000e+01 4.410000000000000000000000000000e+02 2.190000000000000000000000000000e+02
4.937000000000000000000000000000e+03 2.700000000000000000000000000000e+01 7.290000000000000000000000000000e+02 2.200000000000000000000000000000e+02
4.964000000000000000000000000000e+03 1.500000000000000000000000000000e+01 2.250000000000000000000000000000e+02 2.210000000000000000000000000000e+02
4.991000000000000000000000000000e+03 3.100000000000000000000000000000e+01 9.610000000000000000000000000000e+02 2.220000000000000000000000000000e+02
4.996000000000000000000000000000e+03 2.500000000000000000000000000000e+01 6.250000000000000000000000000000e+02 2.230000000000000000000000000000e+02
5.044000000000000000000000000000e+03 1.300000000000000000000000000000e+01 1.690000000000000000000000000000e+02 2.240000000000000000000000000000e+02
5.062000000000000000000000000000e+03 2.000000000000000000000000000000e+01 4.000000000000000000000000000000e+02 2.250000000000000000000000000000e+02
5.067000000000000000000000000000e+03 2.100000000000000000000000000000e+01 4.410000000000000000000000000000e+02 2.260000000000000000000000000000e+02
5.086000000000000000000000000000e+03 2.300000000000000000000000000000e+01 5.290000000000000000000000000000e+02 2.270000000000000000000000000000e+02
5.117000000000000000000000000000e+03 1.700000000000000000000000000000e+01 2.890000000000000000000000000000e+02 2.280000000000000000000000000000e+02
5.126000000000000000000000000000e+03 2.100000000000000000000000000000e+01 4.410000000000000000000000000000e+02 2.290000000000000000000000000000e+02
5.131000000000000000000000000000e+03 2.600000000000000000000000000000e+01 6.760000000000000000000000000000e+02 2.300000000000000000000000000000e+02
5.139000000000000000000000000000e+03 1.900000000000000000000000000000e+01 3.610000000000000000000000000000e+02 2.310000000000000000000000000000e+02
5.140000000000000000000000000000e+03 2.400000000000000000000000000000e+01 5.760000000000000000000000000000e+02 2.320000000000000000000000000000e+02
5.172000000000000000000000000000e+03 2.400000000000000000000000000000e+01 5.760000000000000000000000000000e+02 2.330000000000000000000000000000e+02
5.185000000000000000000000000000e+03 2.000000000000000000000000000000e+01 4.000000000000000000000000000000e+02 2.340000000000000000000000000000e+02
5.194000000000000000000000000000e+03 1.600000000000000000000000000000e+01 2.560000000000000000000000000000e+02 2.350000000000000000000000000000e+02
5.220000000000000000000000000000e+03 1.400000000000000000000000000000e+01 1.960000000000000000000000000000e+02 2.360000000000000000000000000000e+02
5.264000000000000000000000000000e+03 2.200000000000000000000000000000e+01 4.840000000000000000000000000000e+02 2.370000000000000000000000000000e+02
5.289000000000000000000000000000e+03 2.300000000000000000000000000000e+01 5.290000000000000000000000000000e+02 2.380000000000000000000000000000e+02
5.311000000000000000000000000000e+03 1.400000000000000000000000000000e+01 1.960000000000000000000000000000e+02 2.390000000000000000000000000000e+02
5.334000000000000000000000000000e+03 2.200000000000000000000000000000e+01 4.840000000000000000000000000000e+02 2.400000000000000000000000000000e+02
5.340000000000000000000000000000e+03 2.000000000000000000000000000000e+01 4.000000000000000000000000000000e+02 2.410000000000000000000000000000e+02
5.365000000000000000000000000000e+03 1.900000000000000000000000000000e+01 3.610000000000000000000000000000e+02 2.420000000000000000000000000000e+02
5.380000000000000000000000000000e+03 1.400000000000000000000000000000e+01 1.960000000000000000000000000000e+02 2.430000000000000000000000000000e+02
5.385000000000000000000000000000e+03 1.500000000000000000000000000000e+01 2.250000000000000000000000000000e+02 2.440000000000000000000000000000e+02
5.392000000000000000000000000000e+03 2.100000000000000000000000000000e+01 4.410000000000000000000000000000e+02 2.450000000000000000000000000000e+02
5.468000000000000000000000000000e+03 1.800000000000000000000000000000e+01 3.240000000000000000000000000000e+02 2.460000000000000000000000000000e+02
5.471000000000000000000000000000e+03 2.300000000000000000000000000000e+01 5.290000000000000000000000000000e+02 2.470000000000000000000000000000e+02
5.495000000000000000000000000000e+03 2.300000000000000000000000000000e+01 5.290000000000000000000000000000e+02 2.480000000000000000000000000000e+02
5.496000000000000000000000000000e+03 1.900000000000000000000000000000e+01 3.610000000000000000000000000000e+02 2.490000000000000000000000000000e+02
5.497000000000000000000000000000e+03 2.100000000000000000000000000000e+01 4.410000000000000000000000000000e+02 2.500000000000000000000000000000e+02
5.504000000000000000000000000000e+03 1.700000000000000000000000000000e+01 2.890000000000000000000000000000e+02 2.510000000000000000000000000000e+02
5.543000000000000000000000000000e+03 1.800000000000000000000000000000e+01 3.240000000000000000000000000000e+02 2.520000000000000000000000000000e+02
5.547000000000000000000000000000e+03 2.000000000000000000000000000000e+01 4.000000000000000000000000000000e+02 2.530000000000000000000000000000e+02
5.551000000000000000000000000000e+03 2.300000000000000000000000000000e+01 5.290000000000000000000000000000e+02 2.540000000000000000000000000000e+02
5.574000000000000000000000000000e+03 2.200000000000000000000000000000e+01 4.840000000000000000000000000000e+02 2.550000000000000000000000000000e+02
5.580000000000000000000000000000e+03 1.500000000000000000000000000000e+01 2.250000000000000000000000000000e+02 2.560000000000000000000000000000e+02
5.591000000000000000000000000000e+03 2.200000000000000000000000000000e+01 4.840000000000000000000000000000e+02 2.570000000000000000000000000000e+02
5.596000000000000000000000000000e+03 2.200000000000000000000000000000e+01 4.840000000000000000000000000000e+02 2.580000000000000000000000000000e+02
5.634000000000000000000000000000e+03 1.700000000000000000000000000000e+01 2.890000000000000000000000000000e+02 2.590000000000000000000000000000e+02
5.661000000000000000000000000000e+03 2.500000000000000000000000000000e+01 6.250000000000000000000000000000e+02 2.600000000000000000000000000000e+02
5.665000000000000000000000000000e+03 2.000000000000000000000000000000e+01 4.000000000000000000000000000000e+02 2.610000000000000000000000000000e+02
5.681000000000000000000000000000e+03 2.200000000000000000000000000000e+01 4.840000000000000000000000000000e+02 2.620000000000000000000000000000e+02
5.728000000000000000000000000000e+03 1.800000000000000000000000000000e+01 3.240000000000000000000000000000e+02 2.630000000000000000000000000000e+02
5.750000000000000000000000000000e+03 1.800000000000000000000000000000e+01 3.240000000000000000000000000000e+02 2.640000000000000000000000000000e+02
5.772000000000000000000000000000e+03 1.500000000000000000000000000000e+01 2.250000000000000000000000000000e+02 2.650000000000000000000000000000e+02
5.826000000000000000000000000000e+03 2.000000000000000000000000000000e+01 4.000000000000000000000000000000e+02 2.660000000000000000000000000000e+02
5.835000000000000000000000000000e+03 2.800000000000000000000000000000e+01 7.840000000000000000000000000000e+02 2.670000000000000000000000000000e+02
5.849000000000000000000000000000e+03 1.300000000000000000000000000000e+01 1.690000000000000000000000000000e+02 2.680000000000000000000000000000e+02
5.863000000000000000000000000000e+03 2.200000000000000000000000000000e+01 4.840000000000000000000000000000e+02 2.690000000000000000000000000000e+02
5.864000000000000000000000000000e+03 1.900000000000000000000000000000e+01 3.610000000000000000000000000000e+02 2.700000000000000000000000000000e+02
5.882000000000000000000000000000e+03 1.600000000000000000000000000000e+01 2.560000000000000000000000000000e+02 2.710000000000000000000000000000e+02
5.888000000000000000000000000000e+03 1.800000000000000000000000000000e+01 3.240000000000000000000000000000e+02 2.720000000000000000000000000000e+02
5.893000000000000000000000000000e+03 1.900000000000000000000000000000e+01 3.610000000000000000000000000000e+02 2.730000000000000000000000000000e+02
5.930000000000000000000000000000e+03 2.000000000000000000000000000000e+01 4.000000000000000000000000000000e+02 2.740000000000000000000000000000e+02
5.954000000000000000000000000000e+03 1.700000000000000000000000000000e+01 2.890000000000000000000000000000e+02 2.750000000000000000000000000000e+02
5.969000000000000000000000000000e+03 2.100000000000000000000000000000e+01 4.410000000000000000000000000000e+02 2.760000000000000000000000000000e+02
6.013000000000000000000000000000e+03 2.100000000000000000000000000000e+01 4.410000000000000000000000000000e+02 2.770000000000000000000000000000e+02
6.043000000000000000000000000000e+03 2.800000000000000000000000000000e+01 7.840000000000000000000000000000e+02 2.780000000000000000000000000000e+02
6.054000000000000000000000000000e+03 2.100000000000000000000000000000e+01 4.410000000000000000000000000000e+02 2.790000000000000000000000000000e+02
6.105000000000000000000000000000e+03 2.400000000000000000000000000000e+01 5.760000000000000000000000000000e+02 2.800000000000000000000000000000e+02
6.113000000000000000000000000000e+03 2.200000000000000000000000000000e+01 4.840000000000000000000000000000e+02 2.810000000000000000000000000000e+02
6.121000000000000000000000000000e+03 1.400000000000000000000000000000e+01 1.960000000000000000000000000000e+02 2.820000000000000000000000000000e+02
6.251000000000000000000000000000e+03 1.200000000000000000000000000000e+01 1.440000000000000000000000000000e+02 2.830000000000000000000000000000e+02
6.265000000000000000000000000000e+03 1.600000000000000000000000000000e+01 2.560000000000000000000000000000e+02 2.840000000000000000000000000000e+02
6.266000000000000000000000000000e+03 2.600000000000000000000000000000e+01 6.760000000000000000000000000000e+02 2.850000000000000000000000000000e+02
6.300000000000000000000000000000e+03 1.800000000000000000000000000000e+01 3.240000000000000000000000000000e+02 2.860000000000000000000000000000e+02
6.305000000000000000000000000000e+03 2.700000000000000000000000000000e+01 7.290000000000000000000000000000e+02 2.870000000000000000000000000000e+02
6.307000000000000000000000000000e+03 2.100000000000000000000000000000e+01 4.410000000000000000000000000000e+02 2.880000000000000000000000000000e+02
6.309000000000000000000000000000e+03 2.400000000000000000000000000000e+01 5.760000000000000000000000000000e+02 2.890000000000000000000000000000e+02
6.352000000000000000000000000000e+03 1.900000000000000000000000000000e+01 3.610000000000000000000000000000e+02 2.900000000000000000000000000000e+02
6.354000000000000000000000000000e+03 2.000000000000000000000000000000e+01 4.000000000000000000000000000000e+02 2.910000000000000000000000000000e+02
6.355000000000000000000000000000e+03 2.600000000000000000000000000000e+01 6.760000000000000000000000000000e+02 2.920000000000000000000000000000e+02
6.357000000000000000000000000000e+03 2.100000000000000000000000000000e+01 4.410000000000000000000000000000e+02 2.930000000000000000000000000000e+02
6.359000000000000000000000000000e+03 2.400000000000000000000000000000e+01 5.760000000000000000000000000000e+02 2.940000000000000000000000000000e+02
6.367000000000000000000000000000e+03 2.000000000000000000000000000000e+01 4.000000000000000000000000000000e+02 2.950000000000000000000000000000e+02
6.418000000000000000000000000000e+03 1.800000000000000000000000000000e+01 3.240000000000000000000000000000e+02 2.960000000000000000000000000000e+02
6.424000000000000000000000000000e+03 1.800000000000000000000000000000e+01 3.240000000000000000000000000000e+02 2.970000000000000000000000000000e+02
6.444000000000000000000000000000e+03 1.700000000000000000000000000000e+01 2.890000000000000000000000000000e+02 2.980000000000000000000000000000e+02
6.480000000000000000000000000000e+03 2.600000000000000000000000000000e+01 6.760000000000000000000000000000e+02 2.990000000000000000000000000000e+02
6.493000000000000000000000000000e+03 2.100000000000000000000000000000e+01 4.410000000000000000000000000000e+02 3.000000000000000000000000000000e+02
6.526000000000000000000000000000e+03 1.700000000000000000000000000000e+01 2.890000000000000000000000000000e+02 3.010000000000000000000000000000e+02
6.536000000000000000000000000000e+03 2.000000000000000000000000000000e+01 4.000000000000000000000000000000e+02 3.020000000000000000000000000000e+02
6.574000000000000000000000000000e+03 2.400000000000000000000000000000e+01 5.760000000000000000000000000000e+02 3.030000000000000000000000000000e+02
6.591000000000000000000000000000e+03 2.000000000000000000000000000000e+01 4.000000000000000000000000000000e+02 3.040000000000000000000000000000e+02
6.594000000000000000000000000000e+03 2.100000000000000000000000000000e+01 4.410000000000000000000000000000e+02 3.050000000000000000000000000000e+02
6.595000000000000000000000000000e+03 2.200000000000000000000000000000e+01 4.840000000000000000000000000000e+02 3.060000000000000000000000000000e+02
6.610000000000000000000000000000e+03 2.400000000000000000000000000000e+01 5.760000000000000000000000000000e+02 3.070000000000000000000000000000e+02
6.631000000000000000000000000000e+03 2.300000000000000000000000000000e+01 5.290000000000000000000000000000e+02 3.080000000000000000000000000000e+02
6.656000000000000000000000000000e+03 2.200000000000000000000000000000e+01 4.840000000000000000000000000000e+02 3.090000000000000000000000000000e+02
6.673000000000000000000000000000e+03 2.100000000000000000000000000000e+01 4.410000000000000000000000000000e+02 3.100000000000000000000000000000e+02
6.675000000000000000000000000000e+03 3.300000000000000000000000000000e+01 1.089000000000000000000000000000e+03 3.110000000000000000000000000000e+02
6.698000000000000000000000000000e+03 2.000000000000000000000000000000e+01 4.000000000000000000000000000000e+02 3.120000000000000000000000000000e+02
6.699000000000000000000000000000e+03 2.700000000000000000000000000000e+01 7.290000000000000000000000000000e+02 3.130000000000000000000000000000e+02
6.704000000000000000000000000000e+03 1.800000000000000000000000000000e+01 3.240000000000000000000000000000e+02 3.140000000000000000000000000000e+02
6.716000000000000000000000000000e+03 2.000000000000000000000000000000e+01 4.000000000000000000000000000000e+02 3.150000000000000000000000000000e+02
6.779000000000000000000000000000e+03 1.500000000000000000000000000000e+01 2.250000000000000000000000000000e+02 3.160000000000000000000000000000e+02
6.794000000000000000000000000000e+03 2.000000000000000000000000000000e+01 4.000000000000000000000000000000e+02 3.170000000000000000000000000000e+02
6.799000000000000000000000000000e+03 1.500000000000000000000000000000e+01 2.250000000000000000000000000000e+02 3.180000000000000000000000000000e+02
6.800000000000000000000000000000e+03 2.000000000000000000000000000000e+01 4.000000000000000000000000000000e+02 3.190000000000000000000000000000e+02
6.805000000000000000000000000000e+03 1.600000000000000000000000000000e+01 2.560000000000000000000000000000e+02 3.200000000000000000000000000000e+02
6.842000000000000000000000000000e+03 1.900000000000000000000000000000e+01 3.610000000000000000000000000000e+02 3.210000000000000000000000000000e+02
6.844000000000000000000000000000e+03 1.800000000000000000000000000000e+01 3.240000000000000000000000000000e+02 3.220000000000000000000000000000e+02
6.917000000000000000000000000000e+03 1.200000000000000000000000000000e+01 1.440000000000000000000000000000e+02 3.230000000000000000000000000000e+02
6.930000000000000000000000000000e+03 2.000000000000000000000000000000e+01 4.000000000000000000000000000000e+02 3.240000000000000000000000000000e+02
6.934000000000000000000000000000e+03 2.200000000000000000000000000000e+01 4.840000000000000000000000000000e+02 3.250000000000000000000000000000e+02
6.939000000000000000000000000000e+03 1.600000000000000000000000000000e+01 2.560000000000000000000000000000e+02 3.260000000000000000000000000000e+02
6.945000000000000000000000000000e+03 1.800000000000000000000000000000e+01 3.240000000000000000000000000000e+02 3.270000000000000000000000000000e+02
7.045000000000000000000000000000e+03 1.600000000000000000000000000000e+01 2.560000000000000000000000000000e+02 3.280000000000000000000000000000e+02
7.048000000000000000000000000000e+03 1.900000000000000000000000000000e+01 3.610000000000000000000000000000e+02 3.290000000000000000000000000000e+02
7.050000000000000000000000000000e+03 2.100000000000000000000000000000e+01 4.410000000000000000000000000000e+02 3.300000000000000000000000000000e+02
7.089000000000000000000000000000e+03 2.600000000000000000000000000000e+01 6.760000000000000000000000000000e+02 3.310000000000000000000000000000e+02
7.098000000000000000000000000000e+03 1.800000000000000000000000000000e+01 3.240000000000000000000000000000e+02 3.320000000000000000000000000000e+02
7.106000000000000000000000000000e+03 2.300000000000000000000000000000e+01 5.290000000000000000000000000000e+02 3.330000000000000000000000000000e+02
7.148000000000000000000000000000e+03 1.800000000000000000000000000000e+01 3.240000000000000000000000000000e+02 3.340000000000000000000000000000e+02
7.181000000000000000000000000000e+03 2.100000000000000000000000000000e+01 4.410000000000000000000000000000e+02 3.350000000000000000000000000000e+02
7.192000000000000000000000000000e+03 1.800000000000000000000000000000e+01 3.240000000000000000000000000000e+02 3.360000000000000000000000000000e+02
7.201000000000000000000000000000e+03 1.600000000000000000000000000000e+01 2.560000000000000000000000000000e+02 3.370000000000000000000000000000e+02
7.225000000000000000000000000000e+03 1.700000000000000000000000000000e+01 2.890000000000000000000000000000e+02 3.380000000000000000000000000000e+02
7.278000000000000000000000000000e+03 2.200000000000000000000000000000e+01 4.840000000000000000000000000000e+02 3.390000000000000000000000000000e+02
7.298000000000000000000000000000e+03 1.200000000000000000000000000000e+01 1.440000000000000000000000000000e+02 3.400000000000000000000000000000e+02
7.299000000000000000000000000000e+03 2.000000000000000000000000000000e+01 4.000000000000000000000000000000e+02 3.410000000000000000000000000000e+02
7.325000000000000000000000000000e+03 9.000000000000000000000000000000e+00 8.100000000000000000000000000000e+01 3.420000000000000000000000000000e+02
7.342000000000000000000000000000e+03 1.700000000000000000000000000000e+01 2.890000000000000000000000000000e+02 3.430000000000000000000000000000e+02
7.385000000000000000000000000000e+03 1.600000000000000000000000000000e+01 2.560000000000000000000000000000e+02 3.440000000000000000000000000000e+02
7.394000000000000000000000000000e+03 2.000000000000000000000000000000e+01 4.000000000000000000000000000000e+02 3.450000000000000000000000000000e+02
7.403000000000000000000000000000e+03 1.900000000000000000000000000000e+01 3.610000000000000000000000000000e+02 3.460000000000000000000000000000e+02
7.418000000000000000000000000000e+03 1.900000000000000000000000000000e+01 3.610000000000000000000000000000e+02 3.470000000000000000000000000000e+02
7.433000000000000000000000000000e+03 1.500000000000000000000000000000e+01 2.250000000000000000000000000000e+02 3.480000000000000000000000000000e+02
7.437000000000000000000000000000e+03 1.700000000000000000000000000000e+01 2.890000000000000000000000000000e+02 3.490000000000000000000000000000e+02
7.439000000000000000000000000000e+03 1.700000000000000000000000000000e+01 2.890000000000000000000000000000e+02 3.500000000000000000000000000000e+02
7.447000000000000000000000000000e+03 1.500000000000000000000000000000e+01 2.250000000000000000000000000000e+02 3.510000000000000000000000000000e+02
7.467000000000000000000000000000e+03 1.300000000000000000000000000000e+01 1.690000000000000000000000000000e+02 3.520000000000000000000000000000e+02
7.479000000000000000000000000000e+03 2.500000000000000000000000000000e+01 6.250000000000000000000000000000e+02 3.530000000000000000000000000000e+02
7.480000000000000000000000000000e+03 1.400000000000000000000000000000e+01 1.960000000000000000000000000000e+02 3.540000000000000000000000000000e+02
7.486000000000000000000000000000e+03 2.800000000000000000000000000000e+01 7.840000000000000000000000000000e+02 3.550000000000000000000000000000e+02
7.510000000000000000000000000000e+03 1.200000000000000000000000000000e+01 1.440000000000000000000000000000e+02 3.560000000000000000000000000000e+02
7.544000000000000000000000000000e+03 1.700000000000000000000000000000e+01 2.890000000000000000000000000000e+02 3.570000000000000000000000000000e+02
7.614000000000000000000000000000e+03 2.500000000000000000000000000000e+01 6.250000000000000000000000000000e+02 3.580000000000000000000000000000e+02
7.639000000000000000000000000000e+03 1.500000000000000000000000000000e+01 2.250000000000000000000000000000e+02 3.590000000000000000000000000000e+02
7.640000000000000000000000000000e+03 1.400000000000000000000000000000e+01 1.960000000000000000000000000000e+02 3.600000000000000000000000000000e+02
7.686000000000000000000000000000e+03 2.100000000000000000000000000000e+01 4.410000000000000000000000000000e+02 3.610000000000000000000000000000e+02
7.709000000000000000000000000000e+03 2.200000000000000000000000000000e+01 4.840000000000000000000000000000e+02 3.620000000000000000000000000000e+02
7.711000000000000000000000000000e+03 1.900000000000000000000000000000e+01 3.610000000000000000000000000000e+02 3.630000000000000000000000000000e+02
7.723000000000000000000000000000e+03 1.800000000000000000000000000000e+01 3.240000000000000000000000000000e+02 3.640000000000000000000000000000e+02
7.724000000000000000000000000000e+03 1.500000000000000000000000000000e+01 2.250000000000000000000000000000e+02 3.650000000000000000000000000000e+02
7.729000000000000000000000000000e+03 2.000000000000000000000000000000e+01 4.000000000000000000000000000000e+02 3.660000000000000000000000000000e+02
7.748000000000000000000000000000e+03 1.000000000000000000000000000000e+01 1.000000000000000000000000000000e+02 3.670000000000000000000000000000e+02
7.790000000000000000000000000000e+03 2.000000000000000000000000000000e+01 4.000000000000000000000000000000e+02 3.680000000000000000000000000000e+02
7.841000000000000000000000000000e+03 2.400000000000000000000000000000e+01 5.760000000000000000000000000000e+02 3.690000000000000000000000000000e+02
7.867000000000000000000000000000e+03 1.800000000000000000000000000000e+01 3.240000000000000000000000000000e+02 3.700000000000000000000000000000e+02
7.871000000000000000000000000000e+03 2.300000000000000000000000000000e+01 5.290000000000000000000000000000e+02 3.710000000000000000000000000000e+02
7.889000000000000000000000000000e+03 2.100000000000000000000000000000e+01 4.410000000000000000000000000000e+02 3.720000000000000000000000000000e+02
7.894000000000000000000000000000e+03 1.200000000000000000000000000000e+01 1.440000000000000000000000000000e+02 3.730000000000000000000000000000e+02
7.907000000000000000000000000000e+03 1.600000000000000000000000000000e+01 2.560000000000000000000000000000e+02 3.740000000000000000000000000000e+02
7.923000000000000000000000000000e+03 1.900000000000000000000000000000e+01 3.610000000000000000000000000000e+02 3.750000000000000000000000000000e+02
7.928000000000000000000000000000e+03 2.400000000000000000000000000000e+01 5.760000000000000000000000000000e+02 3.760000000000000000000000000000e+02
7.955000000000000000000000000000e+03 2.800000000000000000000000000000e+01 7.840000000000000000000000000000e+02 3.770000000000000000000000000000e+02
7.990000000000000000000000000000e+03 2.300000000000000000000000000000e+01 5.290000000000000000000000000000e+02 3.780000000000000000000000000000e+02
8.025000000000000000000000000000e+03 3.200000000000000000000000000000e+01 1.024000000000000000000000000000e+03 3.790000000000000000000000000000e+02
8.089000000000000000000000000000e+03 2.800000000000000000000000000000e+01 7.840000000000000000000000000000e+02 3.800000000000000000000000000000e+02
8.104000000000000000000000000000e+03 1.700000000000000000000000000000e+01 2.890000000000000000000000000000e+02 3.810000000000000000000000000000e+02
8.126000000000000000000000000000e+03 2.100000000000000000000000000000e+01 4.410000000000000000000000000000e+02 3.820000000000000000000000000000e+02
8.145000000000000000000000000000e+03 1.700000000000000000000000000000e+01 2.890000000000000000000000000000e+02 3.830000000000000000000000000000e+02
8.154000000000000000000000000000e+03 2.300000000000000000000000000000e+01 5.290000000000000000000000000000e+02 3.840000000000000000000000000000e+02
8.170000000000000000000000000000e+03 1.800000000000000000000000000000e+01 3.240000000000000000000000000000e+02 3.850000000000000000000000000000e+02
8.295000000000000000000000000000e+03 2.200000000000000000000000000000e+01 4.840000000000000000000000000000e+02 3.860000000000000000000000000000e+02
8.299000000000000000000000000000e+03 1.700000000000000000000000000000e+01 2.890000000000000000000000000000e+02 3.870000000000000000000000000000e+02
8.301000000000000000000000000000e+03 1.800000000000000000000000000000e+01 3.240000000000000000000000000000e+02 3.880000000000000000000000000000e+02
8.318000000000000000000000000000e+03 2.600000000000000000000000000000e+01 6.760000000000000000000000000000e+02 3.890000000000000000000000000000e+02
8.346000000000000000000000000000e+03 2.000000000000000000000000000000e+01 4.000000000000000000000000000000e+02 3.900000000000000000000000000000e+02
8.375000000000000000000000000000e+03 2.000000000000000000000000000000e+01 4.000000000000000000000000000000e+02 3.910000000000000000000000000000e+02
8.381000000000000000000000000000e+03 1.700000000000000000000000000000e+01 2.890000000000000000000000000000e+02 3.920000000000000000000000000000e+02
8.383000000000000000000000000000e+03 2.200000000000000000000000000000e+01 4.840000000000000000000000000000e+02 3.930000000000000000000000000000e+02
8.420000000000000000000000000000e+03 1.600000000000000000000000000000e+01 2.560000000000000000000000000000e+02 3.940000000000000000000000000000e+02
8.448000000000000000000000000000e+03 1.500000000000000000000000000000e+01 2.250000000000000000000000000000e+02 3.950000000000000000000000000000e+02
8.449000000000000000000000000000e+03 2.300000000000000000000000000000e+01 5.290000000000000000000000000000e+02 3.960000000000000000000000000000e+02
8.456000000000000000000000000000e+03 2.500000000000000000000000000000e+01 6.250000000000000000000000000000e+02 3.970000000000000000000000000000e+02
8.465000000000000000000000000000e+03 2.600000000000000000000000000000e+01 6.760000000000000000000000000000e+02 3.980000000000000000000000000000e+02
8.469000000000000000000000000000e+03 1.600000000000000000000000000000e+01 2.560000000000000000000000000000e+02 3.990000000000000000000000000000e+02
