1.000000000000000000000000000000e+00 6.000000000000000000000000000000e+00 3.600000000000000000000000000000e+01 0.000000000000000000000000000000e+00
6.000000000000000000000000000000e+00 1.000000000000000000000000000000e+01 1.000000000000000000000000000000e+02 1.000000000000000000000000000000e+00
1.000000000000000000000000000000e+01 1.200000000000000000000000000000e+01 1.440000000000000000000000000000e+02 2.000000000000000000000000000000e+00
1.100000000000000000000000000000e+01 1.100000000000000000000000000000e+01 1.210000000000000000000000000000e+02 3.000000000000000000000000000000e+00
1.400000000000000000000000000000e+01 1.000000000000000000000000000000e+01 1.000000000000000000000000000000e+02 4.000000000000000000000000000000e+00
1.700000000000000000000000000000e+01 7.000000000000000000000000000000e+00 4.900000000000000000000000000000e+01 5.000000000000000000000000000000e+00
2.700000000000000000000000000000e+01 1.100000000000000000000000000000e+01 1.210000000000000000000000000000e+02 6.000000000000000000000000000000e+00
3.100000000000000000000000000000e+01 6.000000000000000000000000000000e+00 3.600000000000000000000000000000e+01 7.000000000000000000000000000000e+00
4.500000000000000000000000000000e+01 1.100000000000000000000000000000e+01 1.210000000000000000000000000000e+02 8.000000000000000000000000000000e+00
4.600000000000000000000000000000e+01 1.100000000000000000000000000000e+01 1.210000000000000000000000000000e+02 9.000000000000000000000000000000e+00
4.800000000000000000000000000000e+01 1.000000000000000000000000000000e+01 1.000000000000000000000000000000e+02 1.000000000000000000000000000000e+01
5.300000000000000000000000000000e+01 1.200000000000000000000000000000e+01 1.440000000000000000000000000000e+02 1.100000000000000000000000000000e+01
5.500000000000000000000000000000e+01 7.000000000000000000000000000000e+00 4.900000000000000000000000000000e+01 1.200000000000000000000000000000e+01
5.900000000000000000000000000000e+01 1.200000000000000000000000000000e+01 1.440000000000000000000000000000e+02 1.300000000000000000000000000000e+01
6.000000000000000000000000000000e+01 1.100000000000000000000000000000e+01 1.210000000000000000000000000000e+02 1.400000000000000000000000000000e+01
6.300000000000000000000000000000e+01 1.100000000000000000000000000000e+01 1.210000000000000000000000000000e+02 1.500000000000000000000000000000e+01
7.000000000000000000000000000000e+01 1.400000000000000000000000000000e+01 1.960000000000000000000000000000e+02 1.600000000000000000000000000000e+01
7.100000000000000000000000000000e+01 1.200000000000000000000000000000e+01 1.440000000000000000000000000000e+02 1.700000000000000000000000000000e+01
7.800000000000000000000000000000e+01 1.100000000000000000000000000000e+01 1.210000000000000000000000000000e+02 1.800000000000000000000000000000e+01
8.200000000000000000000000000000e+01 8.000000000000000000000000000000e+00 6.400000000000000000000000000000e+01 1.900000000000000000000000000000e+01
8.400000000000000000000000000000e+01 8.000000000000000000000000000000e+00 6.400000000000000000000000000000e+01 2.000000000000000000000000000000e+01
8.800000000000000000000000000000e+01 9.000000000000000000000000000000e+00 8.100000000000000000000000000000e+01 2.100000000000000000000000000000e+01
9.000000000000000000000000000000e+01 1.500000000000000000000000000000e+01 2.250000000000000000000000000000e+02 2.200000000000000000000000000000e+01
9.900000000000000000000000000000e+01 8.000000000000000000000000000000e+00 6.400000000000000000000000000000e+01 2.300000000000000000000000000000e+01
1.080000000000000000000000000000e+02 9.000000000000000000000000000000e+00 8.100000000000000000000000000000e+01 2.400000000000000000000000000000e+01
1.120000000000000000000000000000e+02 8.000000000000000000000000000000e+00 6.400000000000000000000000000000e+01 2.500000000000000000000000000000e+01
1.210000000000000000000000000000e+02 1.000000000000000000000000000000e+01 1.000000000000000000000000000000e+02 2.600000000000000000000000000000e+01
1.220000000000000000000000000000e+02 1.600000000000000000000000000000e+01 2.560000000000000000000000000000e+02 2.700000000000000000000000000000e+01
1.250000000000000000000000000000e+02 1.100000000000000000000000000000e+01 1.210000000000000000000000000000e+02 2.800000000000000000000000000000e+01
1.280000000000000000000000000000e+02 6.000000000000000000000000000000e+00 3.600000000000000000000000000000e+01 2.900000000000000000000000000000e+01
1.290000000000000000000000000000e+02 1.000000000000000000000000000000e+01 1.000000000000000000000000000000e+02 3.000000000000000000000000000000e+01
1.370000000000000000000000000000e+02 1.100000000000000000000000000000e+01 1.210000000000000000000000000000e+02 3.100000000000000000000000000000e+01
1.430000000000000000000000000000e+02 1.100000000000000000000000000000e+01 1.210000000000000000000000000000e+02 3.200000000000000000000000000000e+01
1.490000000000000000000000000000e+02 1.100000000000000000000000000000e+01 1.210000000000000000000000000000e+02 3.300000000000000000000000000000e+01
1.530000000000000000000000000000e+02 7.000000000000000000000000000000e+00 4.900000000000000000000000000000e+01 3.400000000000000000000000000000e+01
1.570000000000000000000000000000e+02 1.400000000000000000000000000000e+01 1.960000000000000000000000000000e+02 3.500000000000000000000000000000e+01
1.730000000000000000000000000000e+02 1.000000000000000000000000000000e+01 1.000000000000000000000000000000e+02 3.600000000000000000000000000000e+01
1.820000000000000000000000000000e+02 1.000000000000000000000000000000e+01 1.000000000000000000000000000000e+02 3.700000000000000000000000000000e+01
1.830000000000000000000000000000e+02 4.000000000000000000000000000000e+00 1.600000000000000000000000000000e+01 3.800000000000000000000000000000e+01
1.950000000000000000000000000000e+02 1.300000000000000000000000000000e+01 1.690000000000000000000000000000e+02 3.900000000000000000000000000000e+01
1.960000000000000000000000000000e+02 1.200000000000000000000000000000e+01 1.440000000000000000000000000000e+02 4.000000000000000000000000000000e+01
1.980000000000000000000000000000e+02 1.300000000000000000000000000000e+01 1.690000000000000000000000000000e+02 4.100000000000000000000000000000e+01
2.050000000000000000000000000000e+02 9.000000000000000000000000000000e+00 8.100000000000000000000000000000e+01 4.200000000000000000000000000000e+01
2.110000000000000000000000000000e+02 7.000000000000000000000000000000e+00 4.900000000000000000000000000000e+01 4.300000000000000000000000000000e+01
2.150000000000000000000000000000e+02 1.100000000000000000000000000000e+01 1.210000000000000000000000000000e+02 4.400000000000000000000000000000e+01
2.180000000000000000000000000000e+02 1.100000000000000000000000000000e+01 1.210000000000000000000000000000e+02 4.500000000000000000000000000000e+01
2.190000000000000000000000000000e+02 9.000000000000000000000000000000e+00 8.100000000000000000000000000000e+01 4.600000000000000000000000000000e+01
2.230000000000000000000000000000e+02 9.000000000000000000000000000000e+00 8.100000000000000000000000000000e+01 4.700000000000000000000000000000e+01
2.240000000000000000000000000000e+02 1.000000000000000000000000000000e+01 1.000000000000000000000000000000e+02 4.800000000000000000000000000000e+01
2.330000000000000000000000000000e+02 1.500000000000000000000000000000e+01 2.250000000000000000000000000000e+02 4.900000000000000000000000000000e+01
2.420000000000000000000000000000e+02 5.000000000000000000000000000000e+00 2.500000000000000000000000000000e+01 5.000000000000000000000000000000e+01
2.460000000000000000000000000000e+02 1.000000000000000000000000000000e+01 1.000000000000000000000000000000e+02 5.100000000000000000000000000000e+01
2.520000000000000000000000000000e+02 4.000000000000000000000000000000e+00 1.600000000000000000000000000000e+01 5.200000000000000000000000000000e+01
2.570000000000000000000000000000e+02 1.200000000000000000000000000000e+01 1.440000000000000000000000000000e+02 5.300000000000000000000000000000e+01
2.600000000000000000000000000000e+02 1.000000000000000000000000000000e+01 1.000000000000000000000000000000e+02 5.400000000000000000000000000000e+01
2.650000000000000000000000000000e+02 1.400000000000000000000000000000e+01 1.960000000000000000000000000000e+02 5.500000000000000000000000000000e+01
2.660000000000000000000000000000e+02 1.100000000000000000000000000000e+01 1.210000000000000000000000000000e+02 5.600000000000000000000000000000e+01
2.680000000000000000000000000000e+02 1.400000000000000000000000000000e+01 1.960000000000000000000000000000e+02 5.700000000000000000000000000000e+01
2.690000000000000000000000000000e+02 1.300000000000000000000000000000e+01 1.690000000000000000000000000000e+02 5.800000000000000000000000000000e+01
2.740000000000000000000000000000e+02 1.000000000000000000000000000000e+00 1.000000000000000000000000000000e+00 5.900000000000000000000000000000e+01
2.780000000000000000000000000000e+02 1.400000000000000000000000000000e+01 1.960000000000000000000000000000e+02 6.000000000000000000000000000000e+01
2.790000000000000000000000000000e+02 1.100000000000000000000000000000e+01 1.210000000000000000000000000000e+02 6.100000000000000000000000000000e+01
2.940000000000000000000000000000e+02 9.000000000000000000000000000000e+00 8.100000000000000000000000000000e+01 6.200000000000000000000000000000e+01
3.020000000000000000000000000000e+02 1.100000000000000000000000000000e+01 1.210000000000000000000000000000e+02 6.300000000000000000000000000000e+01
3.110000000000000000000000000000e+02 1.100000000000000000000000000000e+01 1.210000000000000000000000000000e+02 6.400000000000000000000000000000e+01
3.140000000000000000000000000000e+02 1.300000000000000000000000000000e+01 1.690000000000000000000000000000e+02 6.500000000000000000000000000000e+01
3.160000000000000000000000000000e+02 1.300000000000000000000000000000e+01 1.690000000000000000000000000000e+02 6.600000000000000000000000000000e+01
3.210000000000000000000000000000e+02 1.500000000000000000000000000000e+01 2.250000000000000000000000000000e+02 6.700000000000000000000000000000e+01
3.240000000000000000000000000000e+02 1.300000000000000000000000000000e+01 1.690000000000000000000000000000e+02 6.800000000000000000000000000000e+01
3.250000000000000000000000000000e+02 1.300000000000000000000000000000e+01 1.690000000000000000000000000000e+02 6.900000000000000000000000000000e+01
3.400000000000000000000000000000e+02 1.400000000000000000000000000000e+01 1.960000000000000000000000000000e+02 7.000000000000000000000000000000e+01
3.440000000000000000000000000000e+02 1.400000000000000000000000000000e+01 1.960000000000000000000000000000e+02 7.100000000000000000000000000000e+01
3.560000000000000000000000000000e+02 8.000000000000000000000000000000e+00 6.400000000000000000000000000000e+01 7.200000000000000000000000000000e+01
3.570000000000000000000000000000e+02 9.000000000000000000000000000000e+00 8.100000000000000000000000000000e+01 7.300000000000000000000000000000e+01
3.650000000000000000000000000000e+02 5.000000000000000000000000000000e+00 2.500000000000000000000000000000e+01 7.400000000000000000000000000000e+01
3.700000000000000000000000000000e+02 6.000000000000000000000000000000e+00 3.600000000000000000000000000000e+01 7.500000000000000000000000000000e+01
3.730000000000000000000000000000e+02 1.100000000000000000000000000000e+01 1.210000000000000000000000000000e+02 7.600000000000000000000000000000e+01
3.780000000000000000000000000000e+02 1.000000000000000000000000000000e+01 1.000000000000000000000000000000e+02 7.700000000000000000000000000000e+01
3.810000000000000000000000000000e+02 1.200000000000000000000000000000e+01 1.440000000000000000000000000000e+02 7.800000000000000000000000000000e+01
3.840000000000000000000000000000e+02 1.200000000000000000000000000000e+01 1.440000000000000000000000000000e+02 7.900000000000000000000000000000e+01
3.850000000000000000000000000000e+02 1.100000000000000000000000000000e+01 1.210000000000000000000000000000e+02 8.000000000000000000000000000000e+01
3.880000000000000000000000000000e+02 9.000000000000000000000000000000e+00 8.100000000000000000000000000000e+01 8.100000000000000000000000000000e+01
3.900000000000000000000000000000e+02 9.000000000000000000000000000000e+00 8.100000000000000000000000000000e+01 8.200000000000000000000000000000e+01
4.080000000000000000000000000000e+02 1.000000000000000000000000000000e+01 1.000000000000000000000000000000e+02 8.300000000000000000000000000000e+01
4.110000000000000000000000000000e+02 1.200000000000000000000000000000e+01 1.440000000000000000000000000000e+02 8.400000000000000000000000000000e+01
4.160000000000000000000000000000e+02 7.000000000000000000000000000000e+00 4.900000000000000000000000000000e+01 8.500000000000000000000000000000e+01
4.210000000000000000000000000000e+02 8.000000000000000000000000000000e+00 6.400000000000000000000000000000e+01 8.600000000000000000000000000000e+01
4.240000000000000000000000000000e+02 1.300000000000000000000000000000e+01 1.690000000000000000000000000000e+02 8.700000000000000000000000000000e+01
4.380000000000000000000000000000e+02 1.100000000000000000000000000000e+01 1.210000000000000000000000000000e+02 8.800000000000000000000000000000e+01
4.390000000000000000000000000000e+02 1.000000000000000000000000000000e+01 1.000000000000000000000000000000e+02 8.900000000000000000000000000000e+01
4.420000000000000000000000000000e+02 1.300000000000000000000000000000e+01 1.690000000000000000000000000000e+02 9.000000000000000000000000000000e+01
4.430000000000000000000000000000e+02 9.000000000000000000000000000000e+00 8.100000000000000000000000000000e+01 9.100000000000000000000000000000e+01
4.440000000000000000000000000000e+02 5.000000000000000000000000000000e+00 2.500000000000000000000000000000e+01 9.200000000000000000000000000000e+01
4.460000000000000000000000000000e+02 1.200000000000000000000000000000e+01 1.440000000000000000000000000000e+02 9.300000000000000000000000000000e+01
4.530000000000000000000000000000e+02 1.000000000000000000000000000000e+01 1.000000000000000000000000000000e+02 9.400000000000000000000000000000e+01
4.570000000000000000000000000000e+02 1.200000000000000000000000000000e+01 1.440000000000000000000000000000e+02 9.500000000000000000000000000000e+01
4.610000000000000000000000000000e+02 1.700000000000000000000000000000e+01 2.890000000000000000000000000000e+02 9.600000000000000000000000000000e+01
4.680000000000000000000000000000e+02 1.400000000000000000000000000000e+01 1.960000000000000000000000000000e+02 9.700000000000000000000000000000e+01
4.700000000000000000000000000000e+02 1.200000000000000000000000000000e+01 1.440000000000000000000000000000e+02 9.800000000000000000000000000000e+01
4.740000000000000000000000000000e+02 1.400000000000000000000000000000e+01 1.960000000000000000000000000000e+02 9.900000000000000000000000000000e+01
4.770000000000000000000000000000e+02 2.000000000000000000000000000000e+01 4.000000000000000000000000000000e+02 1.000000000000000000000000000000e+02
4.810000000000000000000000000000e+02 1.600000000000000000000000000000e+01 2.560000000000000000000000000000e+02 1.010000000000000000000000000000e+02
4.890000000000000000000000000000e+02 5.000000000000000000000000000000e+00 2.500000000000000000000000000000e+01 1.020000000000000000000000000000e+02
4.910000000000000000000000000000e+02 9.000000000000000000000000000000e+00 8.100000000000000000000000000000e+01 1.030000000000000000000000000000e+02
5.020000000000000000000000000000e+02 1.300000000000000000000000000000e+01 1.690000000000000000000000000000e+02 1.040000000000000000000000000000e+02
5.050000000000000000000000000000e+02 1.000000000000000000000000000000e+01 1.000000000000000000000000000000e+02 1.050000000000000000000000000000e+02
5.070000000000000000000000000000e+02 9.000000000000000000000000000000e+00 8.100000000000000000000000000000e+01 1.060000000000000000000000000000e+02
5.130000000000000000000000000000e+02 7.000000000000000000000000000000e+00 4.900000000000000000000000000000e+01 1.070000000000000000000000000000e+02
5.250000000000000000000000000000e+02 9.000000000000000000000000000000e+00 8.100000000000000000000000000000e+01 1.080000000000000000000000000000e+02
5.280000000000000000000000000000e+02 1.200000000000000000000000000000e+01 1.440000000000000000000000000000e+02 1.090000000000000000000000000000e+02
5.290000000000000000000000000000e+02 1.500000000000000000000000000000e+01 2.250000000000000000000000000000e+02 1.100000000000000000000000000000e+02
5.330000000000000000000000000000e+02 1.300000000000000000000000000000e+01 1.690000000000000000000000000000e+02 1.110000000000000000000000000000e+02
5.370000000000000000000000000000e+02 9.000000000000000000000000000000e+00 8.100000000000000000000000000000e+01 1.120000000000000000000000000000e+02
5.550000000000000000000000000000e+02 1.100000000000000000000000000000e+01 1.210000000000000000000000000000e+02 1.130000000000000000000000000000e+02
5.560000000000000000000000000000e+02 9.000000000000000000000000000000e+00 8.100000000000000000000000000000e+01 1.140000000000000000000000000000e+02
5.570000000000000000000000000000e+02 1.700000000000000000000000000000e+01 2.890000000000000000000000000000e+02 1.150000000000000000000000000000e+02
5.580000000000000000000000000000e+02 1.200000000000000000000000000000e+01 1.440000000000000000000000000000e+02 1.160000000000000000000000000000e+02
5.600000000000000000000000000000e+02 1.100000000000000000000000000000e+01 1.210000000000000000000000000000e+02 1.170000000000000000000000000000e+02
5.610000000000000000000000000000e+02 1.200000000000000000000000000000e+01 1.440000000000000000000000000000e+02 1.180000000000000000000000000000e+02
5.650000000000000000000000000000e+02 1.400000000000000000000000000000e+01 1.960000000000000000000000000000e+02 1.190000000000000000000000000000e+02
5.660000000000000000000000000000e+02 1.000000000000000000000000000000e+01 1.000000000000000000000000000000e+02 1.200000000000000000000000000000e+02
5.760000000000000000000000000000e+02 9.000000000000000000000000000000e+00 8.100000000000000000000000000000e+01 1.210000000000000000000000000000e+02
5.790000000000000000000000000000e+02 5.000000000000000000000000000000e+00 2.500000000000000000000000000000e+01 1.220000000000000000000000000000e+02
5.830000000000000000000000000000e+02 1.200000000000000000000000000000e+01 1.440000000000000000000000000000e+02 1.230000000000000000000000000000e+02
5.840000000000000000000000000000e+02 8.000000000000000000000000000000e+00 6.400000000000000000000000000000e+01 1.240000000000000000000000000000e+02
5.900000000000000000000000000000e+02 1.000000000000000000000000000000e+01 1.000000000000000000000000000000e+02 1.250000000000000000000000000000e+02
5.910000000000000000000000000000e+02 1.000000000000000000000000000000e+01 1.000000000000000000000000000000e+02 1.260000000000000000000000000000e+02
5.920000000000000000000000000000e+02 1.300000000000000000000000000000e+01 1.690000000000000000000000000000e+02 1.270000000000000000000000000000e+02
5.930000000000000000000000000000e+02 1.300000000000000000000000000000e+01 1.690000000000000000000000000000e+02 1.280000000000000000000000000000e+02
5.950000000000000000000000000000e+02 1.400000000000000000000000000000e+01 1.960000000000000000000000000000e+02 1.290000000000000000000000000000e+02
6.010000000000000000000000000000e+02 1.300000000000000000000000000000e+01 1.690000000000000000000000000000e+02 1.300000000000000000000000000000e+02
6.180000000000000000000000000000e+02 9.000000000000000000000000000000e+00 8.100000000000000000000000000000e+01 1.310000000000000000000000000000e+02
6.240000000000000000000000000000e+02 1.300000000000000000000000000000e+01 1.690000000000000000000000000000e+02 1.320000000000000000000000000000e+02
6.270000000000000000000000000000e+02 1.200000000000000000000000000000e+01 1.440000000000000000000000000000e+02 1.330000000000000000000000000000e+02
6.290000000000000000000000000000e+02 1.200000000000000000000000000000e+01 1.440000000000000000000000000000e+02 1.340000000000000000000000000000e+02
6.310000000000000000000000000000e+02 8.000000000000000000000000000000e+00 6.400000000000000000000000000000e+01 1.350000000000000000000000000000e+02
6.330000000000000000000000000000e+02 8.000000000000000000000000000000e+00 6.400000000000000000000000000000e+01 1.360000000000000000000000000000e+02
6.340000000000000000000000000000e+02 1.200000000000000000000000000000e+01 1.440000000000000000000000000000e+02 1.370000000000000000000000000000e+02
6.420000000000000000000000000000e+02 6.000000000000000000000000000000e+00 3.600000000000000000000000000000e+01 1.380000000000000000000000000000e+02
6.570000000000000000000000000000e+02 1.300000000000000000000000000000e+01 1.690000000000000000000000000000e+02 1.390000000000000000000000000000e+02
6.660000000000000000000000000000e+02 1.800000000000000000000000000000e+01 3.240000000000000000000000000000e+02 1.400000000000000000000000000000e+02
6.680000000000000000000000000000e+02 8.000000000000000000000000000000e+00 6.400000000000000000000000000000e+01 1.410000000000000000000000000000e+02
6.710000000000000000000000000000e+02 8.000000000000000000000000000000e+00 6.400000000000000000000000000000e+01 1.420000000000000000000000000000e+02
6.740000000000000000000000000000e+02 1.500000000000000000000000000000e+01 2.250000000000000000000000000000e+02 1.430000000000000000000000000000e+02
6.820000000000000000000000000000e+02 5.000000000000000000000000000000e+00 2.500000000000000000000000000000e+01 1.440000000000000000000000000000e+02
6.940000000000000000000000000000e+02 1.500000000000000000000000000000e+01 2.250000000000000000000000000000e+02 1.450000000000000000000000000000e+02
7.110000000000000000000000000000e+02 6.000000000000000000000000000000e+00 3.600000000000000000000000000000e+01 1.460000000000000000000000000000e+02
7.120000000000000000000000000000e+02 4.000000000000000000000000000000e+00 1.600000000000000000000000000000e+01 1.470000000000000000000000000000e+02
7.170000000000000000000000000000e+02 1.100000000000000000000000000000e+01 1.210000000000000000000000000000e+02 1.480000000000000000000000000000e+02
7.220000000000000000000000000000e+02 6.000000000000000000000000000000e+00 3.600000000000000000000000000000e+01 1.490000000000000000000000000000e+02
7.230000000000000000000000000000e+02 1.500000000000000000000000000000e+01 2.250000000000000000000000000000e+02 1.500000000000000000000000000000e+02
7.240000000000000000000000000000e+02 9.000000000000000000000000000000e+00 8.100000000000000000000000000000e+01 1.510000000000000000000000000000e+02
7.280000000000000000000000000000e+02 9.000000000000000000000000000000e+00 8.100000000000000000000000000000e+01 1.520000000000000000000000000000e+02
7.290000000000000000000000000000e+02 1.500000000000000000000000000000e+01 2.250000000000000000000000000000e+02 1.530000000000000000000000000000e+02
7.330000000000000000000000000000e+02 1.200000000000000000000000000000e+01 1.440000000000000000000000000000e+02 1.540000000000000000000000000000e+02
7.340000000000000000000000000000e+02 9.000000000000000000000000000000e+00 8.100000000000000000000000000000e+01 1.550000000000000000000000000000e+02
7.440000000000000000000000000000e+02 1.100000000000000000000000000000e+01 1.210000000000000000000000000000e+02 1.560000000000000000000000000000e+02
7.450000000000000000000000000000e+02 7.000000000000000000000000000000e+00 4.900000000000000000000000000000e+01 1.570000000000000000000000000000e+02
7.470000000000000000000000000000e+02 2.000000000000000000000000000000e+01 4.000000000000000000000000000000e+02 1.580000000000000000000000000000e+02
7.590000000000000000000000000000e+02 1.200000000000000000000000000000e+01 1.440000000000000000000000000000e+02 1.590000000000000000000000000000e+02
7.640000000000000000000000000000e+02 1.200000000000000000000000000000e+01 1.440000000000000000000000000000e+02 1.600000000000000000000000000000e+02
7.750000000000000000000000000000e+02 1.200000000000000000000000000000e+01 1.440000000000000000000000000000e+02 1.610000000000000000000000000000e+02
7.850000000000000000000000000000e+02 8.000000000000000000000000000000e+00 6.400000000000000000000000000000e+01 1.620000000000000000000000000000e+02
7.860000000000000000000000000000e+02 1.300000000000000000000000000000e+01 1.690000000000000000000000000000e+02 1.630000000000000000000000000000e+02
7.910000000000000000000000000000e+02 6.000000000000000000000000000000e+00 3.600000000000000000000000000000e+01 1.640000000000000000000000000000e+02
7.930000000000000000000000000000e+02 8.000000000000000000000000000000e+00 6.400000000000000000000000000000e+01 1.650000000000000000000000000000e+02
7.980000000000000000000000000000e+02 1.200000000000000000000000000000e+01 1.440000000000000000000000000000e+02 1.660000000000000000000000000000e+02
8.050000000000000000000000000000e+02 1.000000000000000000000000000000e+01 1.000000000000000000000000000000e+02 1.670000000000000000000000000000e+02
8.060000000000000000000000000000e+02 5.000000000000000000000000000000e+00 2.500000000000000000000000000000e+01 1.680000000000000000000000000000e+02
8.080000000000000000000000000000e+02 8.000000000000000000000000000000e+00 6.400000000000000000000000000000e+01 1.690000000000000000000000000000e+02
8.180000000000000000000000000000e+02 1.600000000000000000000000000000e+01 2.560000000000000000000000000000e+02 1.700000000000000000000000000000e+02
8.210000000000000000000000000000e+02 7.000000000000000000000000000000e+00 4.900000000000000000000000000000e+01 1.710000000000000000000000000000e+02
8.220000000000000000000000000000e+02 9.000000000000000000000000000000e+00 8.100000000000000000000000000000e+01 1.720000000000000000000000000000e+02
8.280000000000000000000000000000e+02 1.700000000000000000000000000000e+01 2.890000000000000000000000000000e+02 1.730000000000000000000000000000e+02
8.320000000000000000000000000000e+02 1.100000000000000000000000000000e+01 1.210000000000000000000000000000e+02 1.740000000000000000000000000000e+02
8.340000000000000000000000000000e+02 7.000000000000000000000000000000e+00 4.900000000000000000000000000000e+01 1.750000000000000000000000000000e+02
8.360000000000000000000000000000e+02 2.000000000000000000000000000000e+00 4.000000000000000000000000000000e+00 1.760000000000000000000000000000e+02
8.380000000000000000000000000000e+02 1.000000000000000000000000000000e+01 1.000000000000000000000000000000e+02 1.770000000000000000000000000000e+02
8.400000000000000000000000000000e+02 1.600000000000000000000000000000e+01 2.560000000000000000000000000000e+02 1.780000000000000000000000000000e+02
8.410000000000000000000000000000e+02 1.300000000000000000000000000000e+01 1.690000000000000000000000000000e+02 1.790000000000000000000000000000e+02
8.460000000000000000000000000000e+02 1.100000000000000000000000000000e+01 1.210000000000000000000000000000e+02 1.800000000000000000000000000000e+02
8.590000000000000000000000000000e+02 1.200000000000000000000000000000e+01 1.440000000000000000000000000000e+02 1.810000000000000000000000000000e+02
8.760000000000000000000000000000e+02 1.000000000000000000000000000000e+01 1.000000000000000000000000000000e+02 1.820000000000000000000000000000e+02
8.770000000000000000000000000000e+02 1.200000000000000000000000000000e+01 1.440000000000000000000000000000e+02 1.830000000000000000000000000000e+02
8.820000000000000000000000000000e+02 1.500000000000000000000000000000e+01 2.250000000000000000000000000000e+02 1.840000000000000000000000000000e+02
8.830000000000000000000000000000e+02 1.000000000000000000000000000000e+01 1.000000000000000000000000000000e+02 1.850000000000000000000000000000e+02
8.840000000000000000000000000000e+02 1.400000000000000000000000000000e+01 1.960000000000000000000000000000e+02 1.860000000000000000000000000000e+02
8.860000000000000000000000000000e+02 1.000000000000000000000000000000e+01 1.000000000000000000000000000000e+02 1.870000000000000000000000000000e+02
8.900000000000000000000000000000e+02 1.100000000000000000000000000000e+01 1.210000000000000000000000000000e+02 1.880000000000000000000000000000e+02
8.980000000000000000000000000000e+02 1.700000000000000000000000000000e+01 2.890000000000000000000000000000e+02 1.890000000000000000000000000000e+02
9.030000000000000000000000000000e+02 1.500000000000000000000000000000e+01 2.250000000000000000000000000000e+02 1.900000000000000000000000000000e+02
9.060000000000000000000000000000e+02 1.100000000000000000000000000000e+01 1.210000000000000000000000000000e+02 1.910000000000000000000000000000e+02
9.080000000000000000000000000000e+02 7.000000000000000000000000000000e+00 4.900000000000000000000000000000e+01 1.920000000000000000000000000000e+02
9.100000000000000000000000000000e+02 1.300000000000000000000000000000e+01 1.690000000000000000000000000000e+02 1.930000000000000000000000000000e+02
9.190000000000000000000000000000e+02 7.000000000000000000000000000000e+00 4.900000000000000000000000000000e+01 1.940000000000000000000000000000e+02
9.210000000000000000000000000000e+02 5.000000000000000000000000000000e+00 2.500000000000000000000000000000e+01 1.950000000000000000000000000000e+02
9.260000000000000000000000000000e+02 1.300000000000000000000000000000e+01 1.690000000000000000000000000000e+02 1.960000000000000000000000000000e+02
9.300000000000000000000000000000e+02 1.300000000000000000000000000000e+01 1.690000000000000000000000000000e+02 1.970000000000000000000000000000e+02
9.360000000000000000000000000000e+02 8.000000000000000000000000000000e+00 6.400000000000000000000000000000e+01 1.980000000000000000000000000000e+02
9.370000000000000000000000000000e+02 1.100000000000000000000000000000e+01 1.210000000000000000000000000000e+02 1.990000000000000000000000000000e+02
9.380000000000000000000000000000e+02 1.000000000000000000000000000000e+01 1.000000000000000000000000000000e+02 2.000000000000000000000000000000e+02
9.560000000000000000000000000000e+02 8.000000000000000000000000000000e+00 6.400000000000000000000000000000e+01 2.010000000000000000000000000000e+02
9.600000000000000000000000000000e+02 1.000000000000000000000000000000e+01 1.000000000000000000000000000000e+02 2.020000000000000000000000000000e+02
9.620000000000000000000000000000e+02 1.000000000000000000000000000000e+01 1.000000000000000000000000000000e+02 2.030000000000000000000000000000e+02
9.660000000000000000000000000000e+02 1.400000000000000000000000000000e+01 1.960000000000000000000000000000e+02 2.040000000000000000000000000000e+02
9.740000000000000000000000000000e+02 8.000000000000000000000000000000e+00 6.400000000000000000000000000000e+01 2.050000000000000000000000000000e+02
9.770000000000000000000000000000e+02 1.200000000000000000000000000000e+01 1.440000000000000000000000000000e+02 2.060000000000000000000000000000e+02
9.780000000000000000000000000000e+02 1.100000000000000000000000000000e+01 1.210000000000000000000000000000e+02 2.070000000000000000000000000000e+02
9.850000000000000000000000000000e+02 1.100000000000000000000000000000e+01 1.210000000000000000000000000000e+02 2.080000000000000000000000000000e+02
9.880000000000000000000000000000e+02 9.000000000000000000000000000000e+00 8.100000000000000000000000000000e+01 2.090000000000000000000000000000e+02
9.940000000000000000000000000000e+02 8.000000000000000000000000000000e+00 6.400000000000000000000000000000e+01 2.100000000000000000000000000000e+02
9.950000000000000000000000000000e+02 1.100000000000000000000000000000e+01 1.210000000000000000000000000000e+02 2.110000000000000000000000000000e+02
9.990000000000000000000000000000e+02 1.100000000000000000000000000000e+01 1.210000000000000000000000000000e+02 2.120000000000000000000000000000e+02
1.002000000000000000000000000000e+03 9.000000000000000000000000000000e+00 8.100000000000000000000000000000e+01 2.130000000000000000000000000000e+02
1.007000000000000000000000000000e+03 1.200000000000000000000000000000e+01 1.440000000000000000000000000000e+02 2.140000000000000000000000000000e+02
1.009000000000000000000000000000e+03 6.000000000000000000000000000000e+00 3.600000000000000000000000000000e+01 2.150000000000000000000000000000e+02
1.011000000000000000000000000000e+03 6.000000000000000000000000000000e+00 3.600000000000000000000000000000e+01 2.160000000000000000000000000000e+02
1.013000000000000000000000000000e+03 1.100000000000000000000000000000e+01 1.210000000000000000000000000000e+02 2.170000000000000000000000000000e+02
1.017000000000000000000000000000e+03 9.000000000000000000000000000000e+00 8.100000000000000000000000000000e+01 2.180000000000000000000000000000e+02
1.026000000000000000000000000000e+03 1.100000000000000000000000000000e+01 1.210000000000000000000000000000e+02 2.190000000000000000000000000000e+02
1.027000000000000000000000000000e+03 1.100000000000000000000000000000e+01 1.210000000000000000000000000000e+02 2.200000000000000000000000000000e+02
1.028000000000000000000000000000e+03 1.200000000000000000000000000000e+01 1.440000000000000000000000000000e+02 2.210000000000000000000000000000e+02
1.039000000000000000000000000000e+03 1.400000000000000000000000000000e+01 1.960000000000000000000000000000e+02 2.220000000000000000000000000000e+02
1.041000000000000000000000000000e+03 1.100000000000000000000000000000e+01 1.210000000000000000000000000000e+02 2.230000000000000000000000000000e+02
1.045000000000000000000000000000e+03 1.400000000000000000000000000000e+01 1.960000000000000000000000000000e+02 2.240000000000000000000000000000e+02
1.052000000000000000000000000000e+03 1.200000000000000000000000000000e+01 1.440000000000000000000000000000e+02 2.250000000000000000000000000000e+02
1.055000000000000000000000000000e+03 1.100000000000000000000000000000e+01 1.210000000000000000000000000000e+02 2.260000000000000000000000000000e+02
1.057000000000000000000000000000e+03 5.000000000000000000000000000000e+00 2.500000000000000000000000000000e+01 2.270000000000000000000000000000e+02
1.065000000000000000000000000000e+03 1.000000000000000000000000000000e+01 1.000000000000000000000000000000e+02 2.280000000000000000000000000000e+02
1.066000000000000000000000000000e+03 1.000000000000000000000000000000e+01 1.000000000000000000000000000000e+02 2.290000000000000000000000000000e+02
1.079000000000000000000000000000e+03 1.300000000000000000000000000000e+01 1.690000000000000000000000000000e+02 2.300000000000000000000000000000e+02
1.080000000000000000000000000000e+03 1.600000000000000000000000000000e+01 2.560000000000000000000000000000e+02 2.310000000000000000000000000000e+02
1.082000000000000000000000000000e+03 6.000000000000000000000000000000e+00 3.600000000000000000000000000000e+01 2.320000000000000000000000000000e+02
1.088000000000000000000000000000e+03 1.100000000000000000000000000000e+01 1.210000000000000000000000000000e+02 2.330000000000000000000000000000e+02
1.092000000000000000000000000000e+03 8.000000000000000000000000000000e+00 6.400000000000000000000000000000e+01 2.340000000000000000000000000000e+02
1.099000000000000000000000000000e+03 1.400000000000000000000000000000e+01 1.960000000000000000000000000000e+02 2.350000000000000000000000000000e+02
1.108000000000000000000000000000e+03 8.000000000000000000000000000000e+00 6.400000000000000000000000000000e+01 2.360000000000000000000000000000e+02
1.115000000000000000000000000000e+03 5.000000000000000000000000000000e+00 2.500000000000000000000000000000e+01 2.370000000000000000000000000000e+02
1.130000000000000000000000000000e+03 1.200000000000000000000000000000e+01 1.440000000000000000000000000000e+02 2.380000000000000000000000000000e+02
1.141000000000000000000000000000e+03 1.200000000000000000000000000000e+01 1.440000000000000000000000000000e+02 2.390000000000000000000000000000e+02
1.142000000000000000000000000000e+03 1.600000000000000000000000000000e+01 2.560000000000000000000000000000e+02 2.400000000000000000000000000000e+02
1.169000000000000000000000000000e+03 1.100000000000000000000000000000e+01 1.210000000000000000000000000000e+02 2.410000000000000000000000000000e+02
1.173000000000000000000000000000e+03 1.200000000000000000000000000000e+01 1.440000000000000000000000000000e+02 2.420000000000000000000000000000e+02
1.175000000000000000000000000000e+03 1.600000000000000000000000000000e+01 2.560000000000000000000000000000e+02 2.430000000000000000000000000000e+02
1.180000000000000000000000000000e+03 6.000000000000000000000000000000e+00 3.600000000000000000000000000000e+01 2.440000000000000000000000000000e+02
1.187000000000000000000000000000e+03 1.300000000000000000000000000000e+01 1.690000000000000000000000000000e+02 2.450000000000000000000000000000e+02
1.190000000000000000000000000000e+03 9.000000000000000000000000000000e+00 8.100000000000000000000000000000e+01 2.460000000000000000000000000000e+02
1.197000000000000000000000000000e+03 1.300000000000000000000000000000e+01 1.690000000000000000000000000000e+02 2.470000000000000000000000000000e+02
1.200000000000000000000000000000e+03 1.200000000000000000000000000000e+01 1.440000000000000000000000000000e+02 2.480000000000000000000000000000e+02
1.201000000000000000000000000000e+03 1.100000000000000000000000000000e+01 1.210000000000000000000000000000e+02 2.490000000000000000000000000000e+02
1.202000000000000000000000000000e+03 1.600000000000000000000000000000e+01 2.560000000000000000000000000000e+02 2.500000000000000000000000000000e+02
1.210000000000000000000000000000e+03 1.500000000000000000000000000000e+01 2.250000000000000000000000000000e+02 2.510000000000000000000000000000e+02
1.211000000000000000000000000000e+03 8.000000000000000000000000000000e+00 6.400000000000000000000000000000e+01 2.520000000000000000000000000000e+02
1.214000000000000000000000000000e+03 1.800000000000000000000000000000e+01 3.240000000000000000000000000000e+02 2.530000000000000000000000000000e+02
1.231000000000000000000000000000e+03 1.100000000000000000000000000000e+01 1.210000000000000000000000000000e+02 2.540000000000000000000000000000e+02
1.232000000000000000000000000000e+03 1.000000000000000000000000000000e+01 1.000000000000000000000000000000e+02 2.550000000000000000000000000000e+02
1.246000000000000000000000000000e+03 5.000000000000000000000000000000e+00 2.500000000000000000000000000000e+01 2.560000000000000000000000000000e+02
1.250000000000000000000000000000e+03 9.000000000000000000000000000000e+00 8.100000000000000000000000000000e+01 2.570000000000000000000000000000e+02
1.251000000000000000000000000000e+03 1.000000000000000000000000000000e+01 1.000000000000000000000000000000e+02 2.580000000000000000000000000000e+02
1.252000000000000000000000000000e+03 1.200000000000000000000000000000e+01 1.440000000000000000000000000000e+02 2.590000000000000000000000000000e+02
1.253000000000000000000000000000e+03 9.000000000000000000000000000000e+00 8.100000000000000000000000000000e+01 2.600000000000000000000000000000e+02
1.256000000000000000000000000000e+03 6.000000000000000000000000000000e+00 3.600000000000000000000000000000e+01 2.610000000000000000000000000000e+02
1.267000000000000000000000000000e+03 1.100000000000000000000000000000e+01 1.210000000000000000000000000000e+02 2.620000000000000000000000000000e+02
1.269000000000000000000000000000e+03 1.100000000000000000000000000000e+01 1.210000000000000000000000000000e+02 2.630000000000000000000000000000e+02
1.274000000000000000000000000000e+03 1.200000000000000000000000000000e+01 1.440000000000000000000000000000e+02 2.640000000000000000000000000000e+02
1.275000000000000000000000000000e+03 1.000000000000000000000000000000e+01 1.000000000000000000000000000000e+02 2.650000000000000000000000000000e+02
1.290000000000000000000000000000e+03 1.100000000000000000000000000000e+01 1.210000000000000000000000000000e+02 2.660000000000000000000000000000e+02
1.292000000000000000000000000000e+03 6.000000000000000000000000000000e+00 3.600000000000000000000000000000e+01 2.670000000000000000000000000000e+02
1.298000000000000000000000000000e+03 1.000000000000000000000000000000e+01 1.000000000000000000000000000000e+02 2.680000000000000000000000000000e+02
1.301000000000000000000000000000e+03 9.000000000000000000000000000000e+00 8.100000000000000000000000000000e+01 2.690000000000000000000000000000e+02
1.304000000000000000000000000000e+03 1.400000000000000000000000000000e+01 1.960000000000000000000000000000e+02 2.700000000000000000000000000000e+02
1.305000000000000000000000000000e+03 7.000000000000000000000000000000e+00 4.900000000000000000000000000000e+01 2.710000000000000000000000000000e+02
1.307000000000000000000000000000e+03 9.000000000000000000000000000000e+00 8.100000000000000000000000000000e+01 2.720000000000000000000000000000e+02
1.312000000000000000000000000000e+03 9.000000000000000000000000000000e+00 8.100000000000000000000000000000e+01 2.730000000000000000000000000000e+02
1.315000000000000000000000000000e+03 1.600000000000000000000000000000e+01 2.560000000000000000000000000000e+02 2.740000000000000000000000000000e+02
1.316000000000000000000000000000e+03 1.300000000000000000000000000000e+01 1.690000000000000000000000000000e+02 2.750000000000000000000000000000e+02
1.317000000000000000000000000000e+03 7.000000000000000000000000000000e+00 4.900000000000000000000000000000e+01 2.760000000000000000000000000000e+02
1.318000000000000000000000000000e+03 9.000000000000000000000000000000e+00 8.100000000000000000000000000000e+01 2.770000000000000000000000000000e+02
1.322000000000000000000000000000e+03 9.000000000000000000000000000000e+00 8.100000000000000000000000000000e+01 2.780000000000000000000000000000e+02
1.326000000000000000000000000000e+03 1.100000000000000000000000000000e+01 1.210000000000000000000000000000e+02 2.790000000000000000000000000000e+02
1.331000000000000000000000000000e+03 1.100000000000000000000000000000e+01 1.210000000000000000000000000000e+02 2.800000000000000000000000000000e+02
1.337000000000000000000000000000e+03 1.100000000000000000000000000000e+01 1.210000000000000000000000000000e+02 2.810000000000000000000000000000e+02
1.339000000000000000000000000000e+03 1.500000000000000000000000000000e+01 2.250000000000000000000000000000e+02 2.820000000000000000000000000000e+02
1.340000000000000000000000000000e+03 1.100000000000000000000000000000e+01 1.210000000000000000000000000000e+02 2.830000000000000000000000000000e+02
1.346000000000000000000000000000e+03 1.500000000000000000000000000000e+01 2.250000000000000000000000000000e+02 2.840000000000000000000000000000e+02
1.356000000000000000000000000000e+03 3.000000000000000000000000000000e+00 9.000000000000000000000000000000e+00 2.850000000000000000000000000000e+02
1.360000000000000000000000000000e+03 1.000000000000000000000000000000e+01 1.000000000000000000000000000000e+02 2.860000000000000000000000000000e+02
1.364000000000000000000000000000e+03 1.700000000000000000000000000000e+01 2.890000000000000000000000000000e+02 2.870000000000000000000000000000e+02
1.367000000000000000000000000000e+03 1.400000000000000000000000000000e+01 1.960000000000000000000000000000e+02 2.880000000000000000000000000000e+02
1.369000000000000000000000000000e+03 1.400000000000000000000000000000e+01 1.960000000000000000000000000000e+02 2.890000000000000000000000000000e+02
1.376000000000000000000000000000e+03 1.000000000000000000000000000000e+01 1.000000000000000000000000000000e+02 2.900000000000000000000000000000e+02
1.377000000000000000000000000000e+03 1.000000000000000000000000000000e+01 1.000000000000000000000000000000e+02 2.910000000000000000000000000000e+02
1.381000000000000000000000000000e+03 1.700000000000000000000000000000e+01 2.890000000000000000000000000000e+02 2.920000000000000000000000000000e+02
1.387000000000000000000000000000e+03 1.600000000000000000000000000000e+01 2.560000000000000000000000000000e+02 2.930000000000000000000000000000e+02
1.396000000000000000000000000000e+03 1.500000000000000000000000000000e+01 2.250000000000000000000000000000e+02 2.940000000000000000000000000000e+02
1.397000000000000000000000000000e+03 1.200000000000000000000000000000e+01 1.440000000000000000000000000000e+02 2.950000000000000000000000000000e+02
1.399000000000000000000000000000e+03 5.000000000000000000000000000000e+00 2.500000000000000000000000000000e+01 2.960000000000000000000000000000e+02
1.402000000000000000000000000000e+03 1.100000000000000000000000000000e+01 1.210000000000000000000000000000e+02 2.970000000000000000000000000000e+02
1.406000000000000000000000000000e+03 1.500000000000000000000000000000e+01 2.250000000000000000000000000000e+02 2.980000000000000000000000000000e+02
1.410000000000000000000000000000e+03 1.000000000000000000000000000000e+01 1.000000000000000000000000000000e+02 2.990000000000000000000000000000e+02
1.413000000000000000000000000000e+03 1.700000000000000000000000000000e+01 2.890000000000000000000000000000e+02 3.000000000000000000000000000000e+02
1.414000000000000000000000000000e+03 1.200000000000000000000000000000e+01 1.440000000000000000000000000000e+02 3.010000000000000000000000000000e+02
1.425000000000000000000000000000e+03 9.000000000000000000000000000000e+00 8.100000000000000000000000000000e+01 3.020000000000000000000000000000e+02
1.434000000000000000000000000000e+03 1.000000000000000000000000000000e+01 1.000000000000000000000000000000e+02 3.030000000000000000000000000000e+02
1.435000000000000000000000000000e+03 7.000000000000000000000000000000e+00 4.900000000000000000000000000000e+01 3.040000000000000000000000000000e+02
1.446000000000000000000000000000e+03 1.200000000000000000000000000000e+01 1.440000000000000000000000000000e+02 3.050000000000000000000000000000e+02
1.448000000000000000000000000000e+03 7.000000000000000000000000000000e+00 4.900000000000000000000000000000e+01 3.060000000000000000000000000000e+02
1.452000000000000000000000000000e+03 5.000000000000000000000000000000e+00 2.500000000000000000000000000000e+01 3.070000000000000000000000000000e+02
1.454000000000000000000000000000e+03 1.500000000000000000000000000000e+01 2.250000000000000000000000000000e+02 3.080000000000000000000000000000e+02
1.456000000000000000000000000000e+03 9.000000000000000000000000000000e+00 8.100000000000000000000000000000e+01 3.090000000000000000000000000000e+02
1.462000000000000000000000000000e+03 1.600000000000000000000000000000e+01 2.560000000000000000000000000000e+02 3.100000000000000000000000000000e+02
1.464000000000000000000000000000e+03 1.000000000000000000000000000000e+01 1.000000000000000000000000000000e+02 3.110000000000000000000000000000e+02
1.465000000000000000000000000000e+03 1.200000000000000000000000000000e+01 1.440000000000000000000000000000e+02 3.120000000000000000000000000000e+02
1.468000000000000000000000000000e+03 1.100000000000000000000000000000e+01 1.210000000000000000000000000000e+02 3.130000000000000000000000000000e+02
1.480000000000000000000000000000e+03 9.000000000000000000000000000000e+00 8.100000000000000000000000000000e+01 3.140000000000000000000000000000e+02
1.487000000000000000000000000000e+03 8.000000000000000000000000000000e+00 6.400000000000000000000000000000e+01 3.150000000000000000000000000000e+02
1.491000000000000000000000000000e+03 1.300000000000000000000000000000e+01 1.690000000000000000000000000000e+02 3.160000000000000000000000000000e+02
1.501000000000000000000000000000e+03 6.000000000000000000000000000000e+00 3.600000000000000000000000000000e+01 3.170000000000000000000000000000e+02
1.502000000000000000000000000000e+03 9.000000000000000000000000000000e+00 8.100000000000000000000000000000e+01 3.180000000000000000000000000000e+02
1.503000000000000000000000000000e+03 1.200000000000000000000000000000e+01 1.440000000000000000000000000000e+02 3.190000000000000000000000000000e+02
1.505000000000000000000000000000e+03 1.100000000000000000000000000000e+01 1.210000000000000000000000000000e+02 3.200000000000000000000000000000e+02
1.508000000000000000000000000000e+03 1.300000000000000000000000000000e+01 1.690000000000000000000000000000e+02 3.210000000000000000000000000000e+02
1.509000000000000000000000000000e+03 7.000000000000000000000000000000e+00 4.900000000000000000000000000000e+01 3.220000000000000000000000000000e+02
1.510000000000000000000000000000e+03 1.200000000000000000000000000000e+01 1.440000000000000000000000000000e+02 3.230000000000000000000000000000e+02
1.518000000000000000000000000000e+03 1.400000000000000000000000000000e+01 1.960000000000000000000000000000e+02 3.240000000000000000000000000000e+02
1.519000000000000000000000000000e+03 6.000000000000000000000000000000e+00 3.600000000000000000000000000000e+01 3.250000000000000000000000000000e+02
1.530000000000000000000000000000e+03 7.000000000000000000000000000000e+00 4.900000000000000000000000000000e+01 3.260000000000000000000000000000e+02
1.539000000000000000000000000000e+03 1.300000000000000000000000000000e+01 1.690000000000000000000000000000e+02 3.270000000000000000000000000000e+02
1.542000000000000000000000000000e+03 1.200000000000000000000000000000e+01 1.440000000000000000000000000000e+02 3.280000000000000000000000000000e+02
1.544000000000000000000000000000e+03 9.000000000000000000000000000000e+00 8.100000000000000000000000000000e+01 3.290000000000000000000000000000e+02
1.546000000000000000000000000000e+03 1.400000000000000000000000000000e+01 1.960000000000000000000000000000e+02 3.300000000000000000000000000000e+02
1.548000000000000000000000000000e+03 1.200000000000000000000000000000e+01 1.440000000000000000000000000000e+02 3.310000000000000000000000000000e+02
1.550000000000000000000000000000e+03 1.400000000000000000000000000000e+01 1.960000000000000000000000000000e+02 3.320000000000000000000000000000e+02
1.551000000000000000000000000000e+03 1.300000000000000000000000000000e+01 1.690000000000000000000000000000e+02 3.330000000000000000000000000000e+02
1.560000000000000000000000000000e+03 1.200000000000000000000000000000e+01 1.440000000000000000000000000000e+02 3.340000000000000000000000000000e+02
1.561000000000000000000000000000e+03 1.300000000000000000000000000000e+01 1.690000000000000000000000000000e+02 3.350000000000000000000000000000e+02
1.567000000000000000000000000000e+03 1.000000000000000000000000000000e+01 1.000000000000000000000000000000e+02 3.360000000000000000000000000000e+02
1.569000000000000000000000000000e+03 1.200000000000000000000000000000e+01 1.440000000000000000000000000000e+02 3.370000000000000000000000000000e+02
1.575000000000000000000000000000e+03 1.600000000000000000000000000000e+01 2.560000000000000000000000000000e+02 3.380000000000000000000000000000e+02
1.577000000000000000000000000000e+03 7.000000000000000000000000000000e+00 4.900000000000000000000000000000e+01 3.390000000000000000000000000000e+02
1.581000000000000000000000000000e+03 8.000000000000000000000000000000e+00 6.400000000000000000000000000000e+01 3.400000000000000000000000000000e+02
1.582000000000000000000000000000e+03 1.000000000000000000000000000000e+01 1.000000000000000000000000000000e+02 3.410000000000000000000000000000e+02
1.584000000000000000000000000000e+03 1.100000000000000000000000000000e+01 1.210000000000000000000000000000e+02 3.420000000000000000000000000000e+02
1.585000000000000000000000000000e+03 1.100000000000000000000000000000e+01 1.210000000000000000000000000000e+02 3.430000000000000000000000000000e+02
1.589000000000000000000000000000e+03 1.000000000000000000000000000000e+01 1.000000000000000000000000000000e+02 3.440000000000000000000000000000e+02
1.599000000000000000000000000000e+03 1.200000000000000000000000000000e+01 1.440000000000000000000000000000e+02 3.450000000000000000000000000000e+02
1.602000000000000000000000000000e+03 1.000000000000000000000000000000e+01 1.000000000000000000000000000000e+02 3.460000000000000000000000000000e+02
1.604000000000000000000000000000e+03 7.000000000000000000000000000000e+00 4.900000000000000000000000000000e+01 3.470000000000000000000000000000e+02
1.616000000000000000000000000000e+03 1.000000000000000000000000000000e+01 1.000000000000000000000000000000e+02 3.480000000000000000000000000000e+02
1.619000000000000000000000000000e+03 1.300000000000000000000000000000e+01 1.690000000000000000000000000000e+02 3.490000000000000000000000000000e+02
1.629000000000000000000000000000e+03 1.500000000000000000000000000000e+01 2.250000000000000000000000000000e+02 3.500000000000000000000000000000e+02
1.633000000000000000000000000000e+03 9.000000000000000000000000000000e+00 8.100000000000000000000000000000e+01 3.510000000000000000000000000000e+02
1.635000000000000000000000000000e+03 1.100000000000000000000000000000e+01 1.210000000000000000000000000000e+02 3.520000000000000000000000000000e+02
1.636000000000000000000000000000e+03 7.000000000000000000000000000000e+00 4.900000000000000000000000000000e+01 3.530000000000000000000000000000e+02
1.638000000000000000000000000000e+03 1.100000000000000000000000000000e+01 1.210000000000000000000000000000e+02 3.540000000000000000000000000000e+02
1.640000000000000000000000000000e+03 1.300000000000000000000000000000e+01 1.690000000000000000000000000000e+02 3.550000000000000000000000000000e+02
1.641000000000000000000000000000e+03 1.400000000000000000000000000000e+01 1.960000000000000000000000000000e+02 3.560000000000000000000000000000e+02
1.650000000000000000000000000000e+03 1.200000000000000000000000000000e+01 1.440000000000000000000000000000e+02 3.570000000000000000000000000000e+02
1.653000000000000000000000000000e+03 9.000000000000000000000000000000e+00 8.100000000000000000000000000000e+01 3.580000000000000000000000000000e+02
1.655000000000000000000000000000e+03 1.300000000000000000000000000000e+01 1.690000000000000000000000000000e+02 3.590000000000000000000000000000e+02
1.656000000000000000000000000000e+03 1.200000000000000000000000000000e+01 1.440000000000000000000000000000e+02 3.600000000000000000000000000000e+02
1.657000000000000000000000000000e+03 1.000000000000000000000000000000e+01 1.000000000000000000000000000000e+02 3.610000000000000000000000000000e+02
1.663000000000000000000000000000e+03 9.000000000000000000000000000000e+00 8.100000000000000000000000000000e+01 3.620000000000000000000000000000e+02
1.664000000000000000000000000000e+03 1.300000000000000000000000000000e+01 1.690000000000000000000000000000e+02 3.630000000000000000000000000000e+02
1.671000000000000000000000000000e+03 1.000000000000000000000000000000e+01 1.000000000000000000000000000000e+02 3.640000000000000000000000000000e+02
1.672000000000000000000000000000e+03 1.400000000000000000000000000000e+01 1.960000000000000000000000000000e+02 3.650000000000000000000000000000e+02
1.675000000000000000000000000000e+03 1.100000000000000000000000000000e+01 1.210000000000000000000000000000e+02 3.660000000000000000000000000000e+02
1.676000000000000000000000000000e+03 1.300000000000000000000000000000e+01 1.690000000000000000000000000000e+02 3.670000000000000000000000000000e+02
1.679000000000000000000000000000e+03 5.000000000000000000000000000000e+00 2.500000000000000000000000000000e+01 3.680000000000000000000000000000e+02
1.682000000000000000000000000000e+03 9.000000000000000000000000000000e+00 8.100000000000000000000000000000e+01 3.690000000000000000000000000000e+02
1.683000000000000000000000000000e+03 1.500000000000000000000000000000e+01 2.250000000000000000000000000000e+02 3.700000000000000000000000000000e+02
1.687000000000000000000000000000e+03 1.400000000000000000000000000000e+01 1.960000000000000000000000000000e+02 3.710000000000000000000000000000e+02
1.689000000000000000000000000000e+03 5.000000000000000000000000000000e+00 2.500000000000000000000000000000e+01 3.720000000000000000000000000000e+02
1.694000000000000000000000000000e+03 8.000000000000000000000000000000e+00 6.400000000000000000000000000000e+01 3.730000000000000000000000000000e+02
1.695000000000000000000000000000e+03 1.000000000000000000000000000000e+01 1.000000000000000000000000000000e+02 3.740000000000000000000000000000e+02
1.700000000000000000000000000000e+03 6.000000000000000000000000000000e+00 3.600000000000000000000000000000e+01 3.750000000000000000000000000000e+02
1.703000000000000000000000000000e+03 1.300000000000000000000000000000e+01 1.690000000000000000000000000000e+02 3.760000000000000000000000000000e+02
1.705000000000000000000000000000e+03 1.200000000000000000000000000000e+01 1.440000000000000000000000000000e+02 3.770000000000000000000000000000e+02
1.706000000000000000000000000000e+03 8.000000000000000000000000000000e+00 6.400000000000000000000000000000e+01 3.780000000000000000000000000000e+02
1.710000000000000000000000000000e+03 7.000000000000000000000000000000e+00 4.900000000000000000000000000000e+01 3.790000000000000000000000000000e+02
1.716000000000000000000000000000e+03 1.400000000000000000000000000000e+01 1.960000000000000000000000000000e+02 3.800000000000000000000000000000e+02
1.722000000000000000000000000000e+03 1.000000000000000000000000000000e+01 1.000000000000000000000000000000e+02 3.810000000000000000000000000000e+02
1.723000000000000000000000000000e+03 5.000000000000000000000000000000e+00 2.500000000000000000000000000000e+01 3.820000000000000000000000000000e+02
1.732000000000000000000000000000e+03 8.000000000000000000000000000000e+00 6.400000000000000000000000000000e+01 3.830000000000000000000000000000e+02
1.733000000000000000000000000000e+03 8.000000000000000000000000000000e+00 6.400000000000000000000000000000e+01 3.840000000000000000000000000000e+02
1.734000000000000000000000000000e+03 1.100000000000000000000000000000e+01 1.210000000000000000000000000000e+02 3.850000000000000000000000000000e+02
1.738000000000000000000000000000e+03 1.100000000000000000000000000000e+01 1.210000000000000000000000000000e+02 3.860000000000000000000000000000e+02
1.739000000000000000000000000000e+03 1.400000000000000000000000000000e+01 1.960000000000000000000000000000e+02 3.870000000000000000000000000000e+02
1.740000000000000000000000000000e+03 6.000000000000000000000000000000e+00 3.600000000000000000000000000000e+01 3.880000000000000000000000000000e+02
1.744000000000000000000000000000e+03 6.000000000000000000000000000000e+00 3.600000000000000000000000000000e+01 3.890000000000000000000000000000e+02
1.768000000000000000000000000000e+03 1.000000000000000000000000000000e+01 1.000000000000000000000000000000e+02 3.900000000000000000000000000000e+02
1.770000000000000000000000000000e+03 8.000000000000000000000000000000e+00 6.400000000000000000000000000000e+01 3.910000000000000000000000000000e+02
1.771000000000000000000000000000e+03 1.000000000000000000000000000000e+01 1.000000000000000000000000000000e+02 3.920000000000000000000000000000e+02
1.780000000000000000000000000000e+03 7.000000000000000000000000000000e+00 4.900000000000000000000000000000e+01 3.930000000000000000000000000000e+02
1.785000000000000000000000000000e+03 1.200000000000000000000000000000e+01 1.440000000000000000000000000000e+02 3.940000000000000000000000000000e+02
1.787000000000000000000000000000e+03 8.000000000000000000000000000000e+00 6.400000000000000000000000000000e+01 3.950000000000000000000000000000e+02
1.789000000000000000000000000000e+03 1.200000000000000000000000000000e+01 1.440000000000000000000000000000e+02 3.960000000000000000000000000000e+02
1.803000000000000000000000000000e+03 1.100000000000000000000000000000e+01 1.210000000000000000000000000000e+02 3.970000000000000000000000000000e+02
1.805000000000000000000000000000e+03 8.000000000000000000000000000000e+00 6.400000000000000000000000000000e+01 3.980000000000000000000000000000e+02
1.806000000000000000000000000000e+03 1.000000000000000000000000000000e+01 1.000000000000000000000000000000e+02 3.990000000000000000000000000000e+02
